# hypstar_220241_radcal_E_200729_swir.dat																			
# Calibrated by Joel Kuusk, Tartu Observatory, University of Tartu, 2020-07-29																			
#																			
# Applied corrections:																			
# nonlinearity	hypstar_220241_nonlin_corr_coefs_200728.dat																		
# wavelength	hypstar_220241_wl_coefs_200910.dat																		
# thermal	none																		
# stray light	none																		
#																			
# E [mW m-2 nm-1] = DN / inttime_ms * 1000 * cal_coef																			
# Pixel counting starts from 0																			
#																			
# px	wl	cal_coef	u_cal_coef(k=2)	u_lamp(k=1)	u_aging(k=1)	u_power(k=1)	u_align_lamp(k=1)	u_panel(k=1)	u_interp_panel(k=1)	u_align_panel(k=1)	u_wl_source(k=1)	u_lab_stray(k=1)	u_panel_backrefl(k=1)	u_dist(k=1)	u_align(k=1)	u_temp(k=1)	u_lin(k=1)	u_stray(k=1)	u_typeA(k=1)
0	873.69	1.97334e-01	1.63	0.613	0.0277	0.0348	0.100	0	0	0	0.00181	0.100	0	0.400	0.100	0.300	0.0200	0	0.0737
1	877.34	7.33783e-02	1.62	0.613	0.0277	0.0347	0.100	0	0	0	0.00143	0.100	0	0.400	0.100	0.300	0.0200	0	0.0325
2	880.99	3.89289e-02	1.62	0.613	0.0277	0.0345	0.100	0	0	0	0.00104	0.100	0	0.400	0.100	0.300	0.0200	0	0.0157
3	884.64	2.83075e-02	1.62	0.613	0.0277	0.0344	0.100	0	0	0	0.000643	0.100	0	0.400	0.100	0.300	0.0200	0	0.0127
4	888.28	2.49428e-02	1.62	0.613	0.0277	0.0342	0.100	0	0	0	0.000246	0.100	0	0.400	0.100	0.300	0.0200	0	0.0106
5	891.92	2.36383e-02	1.62	0.613	0.0277	0.0341	0.100	0	0	0	0.000155	0.100	0	0.400	0.100	0.300	0.0200	0	0.0100
6	895.55	2.26869e-02	1.62	0.613	0.0277	0.0339	0.100	0	0	0	0.000559	0.100	0	0.400	0.100	0.300	0.0200	0	0.00822
7	899.19	2.18244e-02	1.62	0.613	0.0277	0.0338	0.100	0	0	0	0.000967	0.100	0	0.400	0.100	0.300	0.0200	0	0.0109
8	902.81	2.08657e-02	3.67	1.76	0.0277	0.0337	0.100	0	0	0	0.000724	0.100	0	0.400	0.100	0.300	0.0200	0	0.00839
9	906.44	2.00039e-02	3.67	1.76	0.0277	0.0335	0.100	0	0	0	0.000520	0.100	0	0.400	0.100	0.300	0.0200	0	0.00946
10	910.06	1.89833e-02	3.67	1.76	0.0277	0.0334	0.100	0	0	0	0.000320	0.100	0	0.400	0.100	0.300	0.0200	0	0.00838
11	913.68	1.77348e-02	3.67	1.76	0.0277	0.0333	0.100	0	0	0	0.000122	0.100	0	0.400	0.100	0.300	0.0200	0	0.00736
12	917.30	1.61786e-02	3.67	1.76	0.0277	0.0331	0.100	0	0	0	0.0000715	0.100	0	0.400	0.100	0.300	0.0200	0	0.00667
13	920.91	1.45785e-02	3.67	1.76	0.0277	0.0330	0.100	0	0	0	0.000262	0.100	0	0.400	0.100	0.300	0.0200	0	0.00657
14	924.52	1.3306e-02	3.67	1.76	0.0277	0.0329	0.100	0	0	0	0.000450	0.100	0	0.400	0.100	0.300	0.0200	0	0.00551
15	928.12	1.25131e-02	3.67	1.76	0.0277	0.0328	0.100	0	0	0	0.000634	0.100	0	0.400	0.100	0.300	0.0200	0	0.00593
16	931.73	1.20047e-02	3.67	1.76	0.0277	0.0326	0.100	0	0	0	0.000816	0.100	0	0.400	0.100	0.300	0.0200	0	0.00509
17	935.32	1.16361e-02	3.67	1.76	0.0277	0.0325	0.100	0	0	0	0.000994	0.100	0	0.400	0.100	0.300	0.0200	0	0.00550
18	938.92	1.13563e-02	3.67	1.76	0.0277	0.0324	0.100	0	0	0	0.00117	0.100	0	0.400	0.100	0.300	0.0200	0	0.00501
19	942.51	1.11465e-02	3.67	1.76	0.0277	0.0323	0.100	0	0	0	0.00134	0.100	0	0.400	0.100	0.300	0.0200	0	0.00508
20	946.10	1.09645e-02	3.67	1.76	0.0277	0.0321	0.100	0	0	0	0.00151	0.100	0	0.400	0.100	0.300	0.0200	0	0.00458
21	949.68	1.07635e-02	3.67	1.76	0.0277	0.0320	0.100	0	0	0	0.00168	0.100	0	0.400	0.100	0.300	0.0200	0	0.00540
22	953.27	1.05539e-02	3.67	1.76	0.0277	0.0319	0.100	0	0	0	0.00184	0.100	0	0.400	0.100	0.300	0.0200	0	0.00502
23	956.84	1.03595e-02	3.67	1.76	0.0277	0.0318	0.100	0	0	0	0.00200	0.100	0	0.400	0.100	0.300	0.0200	0	0.00479
24	960.42	1.01779e-02	3.67	1.76	0.0277	0.0317	0.100	0	0	0	0.00216	0.100	0	0.400	0.100	0.300	0.0200	0	0.00446
25	963.99	9.95413e-03	3.67	1.76	0.0277	0.0315	0.100	0	0	0	0.00232	0.100	0	0.400	0.100	0.300	0.0200	0	0.00456
26	967.56	9.72604e-03	3.67	1.76	0.0277	0.0314	0.100	0	0	0	0.00247	0.100	0	0.400	0.100	0.300	0.0200	0	0.00441
27	971.12	9.51389e-03	3.67	1.76	0.0277	0.0313	0.100	0	0	0	0.00262	0.100	0	0.400	0.100	0.300	0.0200	0	0.00471
28	974.68	9.32695e-03	3.67	1.76	0.0277	0.0312	0.100	0	0	0	0.00277	0.100	0	0.400	0.100	0.300	0.0200	0	0.00437
29	978.24	9.12795e-03	3.67	1.76	0.0277	0.0311	0.100	0	0	0	0.00292	0.100	0	0.400	0.100	0.300	0.0200	0	0.00416
30	981.79	8.91023e-03	3.67	1.76	0.0277	0.0310	0.100	0	0	0	0.00306	0.100	0	0.400	0.100	0.300	0.0200	0	0.00434
31	985.34	8.70511e-03	3.67	1.76	0.0277	0.0309	0.100	0	0	0	0.00320	0.100	0	0.400	0.100	0.300	0.0200	0	0.00434
32	988.89	8.54314e-03	3.67	1.76	0.0277	0.0307	0.100	0	0	0	0.00334	0.100	0	0.400	0.100	0.300	0.0200	0	0.00405
33	992.43	8.39943e-03	3.67	1.76	0.0277	0.0306	0.100	0	0	0	0.00348	0.100	0	0.400	0.100	0.300	0.0200	0	0.00440
34	995.97	8.25665e-03	3.67	1.76	0.0277	0.0305	0.100	0	0	0	0.00361	0.100	0	0.400	0.100	0.300	0.0200	0	0.00386
35	999.51	8.10553e-03	3.67	1.76	0.0277	0.0304	0.100	0	0	0	0.00374	0.100	0	0.400	0.100	0.300	0.0200	0	0.00438
36	1003.04	7.96206e-03	3.55	1.69	0.0277	0.0303	0.100	0	0	0	0.00387	0.100	0	0.400	0.100	0.300	0.0200	0	0.00384
37	1006.57	7.85343e-03	3.40	1.62	0.0277	0.0302	0.100	0	0	0	0.00400	0.100	0	0.400	0.100	0.300	0.0200	0	0.00378
38	1010.09	7.77452e-03	3.27	1.54	0.0277	0.0301	0.100	0	0	0	0.00413	0.100	0	0.400	0.100	0.300	0.0200	0	0.00385
39	1013.62	7.6974e-03	3.27	1.54	0.0277	0.0300	0.100	0	0	0	0.00425	0.100	0	0.400	0.100	0.300	0.0200	0	0.00370
40	1017.14	7.59845e-03	3.27	1.54	0.0277	0.0299	0.100	0	0	0	0.00437	0.100	0	0.400	0.100	0.300	0.0200	0	0.00385
41	1020.65	7.5098e-03	3.27	1.54	0.0277	0.0298	0.100	0	0	0	0.00449	0.100	0	0.400	0.100	0.300	0.0200	0	0.00396
42	1024.16	7.42006e-03	3.27	1.54	0.0277	0.0297	0.100	0	0	0	0.00461	0.100	0	0.400	0.100	0.300	0.0200	0	0.00395
43	1027.67	7.38026e-03	3.27	1.54	0.0277	0.0296	0.100	0	0	0	0.00472	0.100	0	0.400	0.100	0.300	0.0200	0	0.00378
44	1031.17	7.33986e-03	3.27	1.54	0.0277	0.0295	0.100	0	0	0	0.00483	0.100	0	0.400	0.100	0.300	0.0200	0	0.00406
45	1034.67	7.29399e-03	3.27	1.54	0.0277	0.0294	0.100	0	0	0	0.00495	0.100	0	0.400	0.100	0.300	0.0200	0	0.00338
46	1038.17	7.24635e-03	3.27	1.54	0.0277	0.0293	0.100	0	0	0	0.00506	0.100	0	0.400	0.100	0.300	0.0200	0	0.00369
47	1041.67	7.19588e-03	3.27	1.54	0.0277	0.0292	0.100	0	0	0	0.00516	0.100	0	0.400	0.100	0.300	0.0200	0	0.00350
48	1045.16	7.15924e-03	3.27	1.54	0.0277	0.0291	0.100	0	0	0	0.00527	0.100	0	0.400	0.100	0.300	0.0200	0	0.00363
49	1048.64	7.14657e-03	3.27	1.54	0.0277	0.0290	0.100	0	0	0	0.00537	0.100	0	0.400	0.100	0.300	0.0200	0	0.00360
50	1052.13	7.13773e-03	3.27	1.54	0.0277	0.0289	0.100	0	0	0	0.00548	0.100	0	0.400	0.100	0.300	0.0200	0	0.00384
51	1055.61	7.10459e-03	3.27	1.54	0.0277	0.0288	0.100	0	0	0	0.00558	0.100	0	0.400	0.100	0.300	0.0200	0	0.00347
52	1059.08	7.06316e-03	3.27	1.54	0.0277	0.0287	0.100	0	0	0	0.00568	0.100	0	0.400	0.100	0.300	0.0200	0	0.00381
53	1062.55	7.01317e-03	3.27	1.54	0.0277	0.0286	0.100	0	0	0	0.00577	0.100	0	0.400	0.100	0.300	0.0200	0	0.00369
54	1066.02	6.97011e-03	3.27	1.54	0.0277	0.0285	0.100	0	0	0	0.00587	0.100	0	0.400	0.100	0.300	0.0200	0	0.00338
55	1069.49	6.92786e-03	3.27	1.54	0.0277	0.0284	0.100	0	0	0	0.00596	0.100	0	0.400	0.100	0.300	0.0200	0	0.00367
56	1072.95	6.87809e-03	3.27	1.54	0.0277	0.0283	0.100	0	0	0	0.00606	0.100	0	0.400	0.100	0.300	0.0200	0	0.00355
57	1076.41	6.81676e-03	3.27	1.54	0.0277	0.0282	0.100	0	0	0	0.00615	0.100	0	0.400	0.100	0.300	0.0200	0	0.00348
58	1079.86	6.73673e-03	3.27	1.54	0.0277	0.0282	0.100	0	0	0	0.00624	0.100	0	0.400	0.100	0.300	0.0200	0	0.00338
59	1083.31	6.64261e-03	3.27	1.54	0.0277	0.0281	0.100	0	0	0	0.00633	0.100	0	0.400	0.100	0.300	0.0200	0	0.00341
60	1086.76	6.56094e-03	3.27	1.54	0.0277	0.0280	0.100	0	0	0	0.00641	0.100	0	0.400	0.100	0.300	0.0200	0	0.00377
61	1090.20	6.46446e-03	3.26	1.54	0.0277	0.0279	0.100	0	0	0	0.00650	0.100	0	0.400	0.100	0.300	0.0200	0	0.00321
62	1093.64	6.36558e-03	3.21	1.51	0.0277	0.0278	0.100	0	0	0	0.00658	0.100	0	0.400	0.100	0.300	0.0200	0	0.00341
63	1097.08	6.25852e-03	3.15	1.48	0.0277	0.0277	0.100	0	0	0	0.00666	0.100	0	0.400	0.100	0.300	0.0200	0	0.00330
64	1100.51	6.15575e-03	3.10	1.46	0.0277	0.0276	0.100	0	0	0	0.00675	0.100	0	0.400	0.100	0.300	0.0200	0	0.00343
65	1103.94	6.06285e-03	3.10	1.46	0.0277	0.0275	0.100	0	0	0	0.00683	0.100	0	0.400	0.100	0.300	0.0200	0	0.00322
66	1107.36	5.95946e-03	3.10	1.46	0.0277	0.0275	0.100	0	0	0	0.00690	0.100	0	0.400	0.100	0.300	0.0200	0	0.00336
67	1110.78	5.87616e-03	3.10	1.46	0.0277	0.0274	0.100	0	0	0	0.00698	0.100	0	0.400	0.100	0.300	0.0200	0	0.00356
68	1114.20	5.80323e-03	3.10	1.46	0.0277	0.0273	0.100	0	0	0	0.00706	0.100	0	0.400	0.100	0.300	0.0200	0	0.00305
69	1117.62	5.74811e-03	3.10	1.46	0.0277	0.0272	0.100	0	0	0	0.00713	0.100	0	0.400	0.100	0.300	0.0200	0	0.00343
70	1121.03	5.68966e-03	3.10	1.46	0.0277	0.0271	0.100	0	0	0	0.00721	0.100	0	0.400	0.100	0.300	0.0200	0	0.00285
71	1124.43	5.63526e-03	3.10	1.46	0.0277	0.0270	0.100	0	0	0	0.00728	0.100	0	0.400	0.100	0.300	0.0200	0	0.00347
72	1127.84	5.57145e-03	3.10	1.46	0.0277	0.0270	0.100	0	0	0	0.00735	0.100	0	0.400	0.100	0.300	0.0200	0	0.00344
73	1131.24	5.52858e-03	3.10	1.46	0.0277	0.0269	0.100	0	0	0	0.00742	0.100	0	0.400	0.100	0.300	0.0200	0	0.00299
74	1134.63	5.50355e-03	3.10	1.46	0.0277	0.0268	0.100	0	0	0	0.00749	0.100	0	0.400	0.100	0.300	0.0200	0	0.00339
75	1138.02	5.50184e-03	3.10	1.46	0.0277	0.0267	0.100	0	0	0	0.00756	0.100	0	0.400	0.100	0.300	0.0200	0	0.00300
76	1141.41	5.5191e-03	3.10	1.45	0.0277	0.0266	0.100	0	0	0	0.00762	0.100	0	0.400	0.100	0.300	0.0200	0	0.00322
77	1144.80	5.53828e-03	3.09	1.45	0.0277	0.0266	0.100	0	0	0	0.00769	0.100	0	0.400	0.100	0.300	0.0200	0	0.00287
78	1148.18	5.56561e-03	3.08	1.45	0.0277	0.0265	0.100	0	0	0	0.00775	0.100	0	0.400	0.100	0.300	0.0200	0	0.00309
79	1151.55	5.5775e-03	3.08	1.44	0.0277	0.0264	0.100	0	0	0	0.00782	0.100	0	0.400	0.100	0.300	0.0200	0	0.00320
80	1154.93	5.5836e-03	3.08	1.44	0.0277	0.0263	0.100	0	0	0	0.00788	0.100	0	0.400	0.100	0.300	0.0200	0	0.00315
81	1158.30	5.59081e-03	3.08	1.44	0.0277	0.0262	0.100	0	0	0	0.00794	0.100	0	0.400	0.100	0.300	0.0200	0	0.00316
82	1161.66	5.59598e-03	3.08	1.44	0.0277	0.0262	0.100	0	0	0	0.00800	0.100	0	0.400	0.100	0.300	0.0200	0	0.00333
83	1165.02	5.60973e-03	3.08	1.44	0.0277	0.0261	0.100	0	0	0	0.00806	0.100	0	0.400	0.100	0.300	0.0200	0	0.00311
84	1168.38	5.61373e-03	3.08	1.44	0.0277	0.0260	0.100	0	0	0	0.00812	0.100	0	0.400	0.100	0.300	0.0200	0	0.00307
85	1171.74	5.61311e-03	3.08	1.44	0.0277	0.0259	0.100	0	0	0	0.00818	0.100	0	0.400	0.100	0.300	0.0200	0	0.00311
86	1175.09	5.59732e-03	3.08	1.44	0.0277	0.0259	0.100	0	0	0	0.00823	0.100	0	0.400	0.100	0.300	0.0200	0	0.00337
87	1178.43	5.55937e-03	3.08	1.44	0.0277	0.0258	0.100	0	0	0	0.00829	0.100	0	0.400	0.100	0.300	0.0200	0	0.00304
88	1181.78	5.5105e-03	3.08	1.44	0.0277	0.0257	0.100	0	0	0	0.00834	0.100	0	0.400	0.100	0.300	0.0200	0	0.00334
89	1185.12	5.45342e-03	3.08	1.44	0.0277	0.0257	0.100	0	0	0	0.00840	0.100	0	0.400	0.100	0.300	0.0200	0	0.00294
90	1188.45	5.3933e-03	3.08	1.44	0.0277	0.0256	0.100	0	0	0	0.00845	0.100	0	0.400	0.100	0.300	0.0200	0	0.00320
91	1191.78	5.3289e-03	3.08	1.44	0.0277	0.0255	0.100	0	0	0	0.00850	0.100	0	0.400	0.100	0.300	0.0200	0	0.00302
92	1195.11	5.25721e-03	3.08	1.44	0.0277	0.0254	0.100	0	0	0	0.00855	0.100	0	0.400	0.100	0.300	0.0200	0	0.00330
93	1198.44	5.19541e-03	3.08	1.44	0.0277	0.0254	0.100	0	0	0	0.00860	0.100	0	0.400	0.100	0.300	0.0200	0	0.00337
94	1201.76	5.13834e-03	3.08	1.44	0.0277	0.0253	0.100	0	0	0	0.00865	0.100	0	0.400	0.100	0.300	0.0200	0	0.00319
95	1205.07	5.08763e-03	3.08	1.44	0.0277	0.0252	0.100	0	0	0	0.00870	0.100	0	0.400	0.100	0.300	0.0200	0	0.00295
96	1208.39	5.05079e-03	3.08	1.44	0.0277	0.0252	0.100	0	0	0	0.00875	0.100	0	0.400	0.100	0.300	0.0200	0	0.00312
97	1211.69	5.02378e-03	3.08	1.44	0.0277	0.0251	0.100	0	0	0	0.00880	0.100	0	0.400	0.100	0.300	0.0200	0	0.00317
98	1215.00	5.00958e-03	3.08	1.44	0.0277	0.0250	0.100	0	0	0	0.00885	0.100	0	0.400	0.100	0.300	0.0200	0	0.00341
99	1218.30	5.00352e-03	3.08	1.44	0.0277	0.0250	0.100	0	0	0	0.00889	0.100	0	0.400	0.100	0.300	0.0200	0	0.00292
100	1221.60	4.99864e-03	3.08	1.44	0.0277	0.0249	0.100	0	0	0	0.00894	0.100	0	0.400	0.100	0.300	0.0200	0	0.00288
101	1224.89	4.97867e-03	3.08	1.44	0.0277	0.0248	0.100	0	0	0	0.00898	0.100	0	0.400	0.100	0.300	0.0200	0	0.00290
102	1228.18	4.95211e-03	3.08	1.44	0.0277	0.0248	0.100	0	0	0	0.00903	0.100	0	0.400	0.100	0.300	0.0200	0	0.00296
103	1231.47	4.92818e-03	3.08	1.44	0.0277	0.0247	0.100	0	0	0	0.00907	0.100	0	0.400	0.100	0.300	0.0200	0	0.00334
104	1234.75	4.90588e-03	3.08	1.44	0.0277	0.0246	0.100	0	0	0	0.00912	0.100	0	0.400	0.100	0.300	0.0200	0	0.00301
105	1238.03	4.88939e-03	3.08	1.44	0.0277	0.0246	0.100	0	0	0	0.00916	0.100	0	0.400	0.100	0.300	0.0200	0	0.00308
106	1241.30	4.87502e-03	3.08	1.44	0.0277	0.0245	0.100	0	0	0	0.00920	0.100	0	0.400	0.100	0.300	0.0200	0	0.00277
107	1244.57	4.87512e-03	3.08	1.44	0.0277	0.0244	0.100	0	0	0	0.00924	0.100	0	0.400	0.100	0.300	0.0200	0	0.00295
108	1247.84	4.87601e-03	3.08	1.44	0.0277	0.0244	0.100	0	0	0	0.00928	0.100	0	0.400	0.100	0.300	0.0200	0	0.00301
109	1251.10	4.88525e-03	3.08	1.44	0.0277	0.0243	0.100	0	0	0	0.00932	0.100	0	0.400	0.100	0.300	0.0200	0	0.00301
110	1254.36	4.8843e-03	3.08	1.44	0.0277	0.0242	0.100	0	0	0	0.00936	0.100	0	0.400	0.100	0.300	0.0200	0	0.00307
111	1257.61	4.87239e-03	3.08	1.44	0.0277	0.0242	0.100	0	0	0	0.00940	0.100	0	0.400	0.100	0.300	0.0200	0	0.00307
112	1260.86	4.8552e-03	3.08	1.44	0.0277	0.0241	0.100	0	0	0	0.00944	0.100	0	0.400	0.100	0.300	0.0200	0	0.00323
113	1264.11	4.8211e-03	3.08	1.44	0.0277	0.0240	0.100	0	0	0	0.00948	0.100	0	0.400	0.100	0.300	0.0200	0	0.00285
114	1267.35	4.7846e-03	3.08	1.44	0.0277	0.0240	0.100	0	0	0	0.00951	0.100	0	0.400	0.100	0.300	0.0200	0	0.00314
115	1270.59	4.73837e-03	3.08	1.44	0.0277	0.0239	0.100	0	0	0	0.00955	0.100	0	0.400	0.100	0.300	0.0200	0	0.00278
116	1273.83	4.69797e-03	3.08	1.44	0.0277	0.0239	0.100	0	0	0	0.00959	0.100	0	0.400	0.100	0.300	0.0200	0	0.00294
117	1277.06	4.65866e-03	3.08	1.44	0.0277	0.0238	0.100	0	0	0	0.00962	0.100	0	0.400	0.100	0.300	0.0200	0	0.00318
118	1280.28	4.62366e-03	3.08	1.44	0.0277	0.0237	0.100	0	0	0	0.00966	0.100	0	0.400	0.100	0.300	0.0200	0	0.00292
119	1283.51	4.58958e-03	3.08	1.44	0.0277	0.0237	0.100	0	0	0	0.00969	0.100	0	0.400	0.100	0.300	0.0200	0	0.00294
120	1286.73	4.55962e-03	3.08	1.44	0.0277	0.0236	0.100	0	0	0	0.00973	0.100	0	0.400	0.100	0.300	0.0200	0	0.00271
121	1289.94	4.52798e-03	3.08	1.44	0.0277	0.0236	0.100	0	0	0	0.00976	0.100	0	0.400	0.100	0.300	0.0200	0	0.00317
122	1293.15	4.4926e-03	3.08	1.44	0.0277	0.0235	0.100	0	0	0	0.00980	0.100	0	0.400	0.100	0.300	0.0200	0	0.00310
123	1296.36	4.45921e-03	3.08	1.44	0.0277	0.0235	0.100	0	0	0	0.00983	0.100	0	0.400	0.100	0.300	0.0200	0	0.00296
124	1299.56	4.42732e-03	3.08	1.44	0.0277	0.0234	0.100	0	0	0	0.00986	0.100	0	0.400	0.100	0.300	0.0200	0	0.00290
125	1302.76	4.39668e-03	3.08	1.44	0.0277	0.0233	0.100	0	0	0	0.00990	0.100	0	0.400	0.100	0.300	0.0200	0	0.00283
126	1305.96	4.37299e-03	3.08	1.44	0.0277	0.0233	0.100	0	0	0	0.00993	0.100	0	0.400	0.100	0.300	0.0200	0	0.00308
127	1309.15	4.35118e-03	3.08	1.44	0.0277	0.0232	0.100	0	0	0	0.00996	0.100	0	0.400	0.100	0.300	0.0200	0	0.00296
128	1312.33	4.33947e-03	3.08	1.44	0.0277	0.0232	0.100	0	0	0	0.00999	0.100	0	0.400	0.100	0.300	0.0200	0	0.00314
129	1315.52	4.32204e-03	3.08	1.44	0.0277	0.0231	0.100	0	0	0	0.0100	0.100	0	0.400	0.100	0.300	0.0200	0	0.00296
130	1318.70	4.30624e-03	3.08	1.44	0.0277	0.0231	0.100	0	0	0	0.0101	0.100	0	0.400	0.100	0.300	0.0200	0	0.00296
131	1321.87	4.29205e-03	3.08	1.44	0.0277	0.0230	0.100	0	0	0	0.0101	0.100	0	0.400	0.100	0.300	0.0200	0	0.00302
132	1325.04	4.26788e-03	3.08	1.44	0.0277	0.0229	0.100	0	0	0	0.0101	0.100	0	0.400	0.100	0.300	0.0200	0	0.00305
133	1328.21	4.23917e-03	3.08	1.44	0.0277	0.0229	0.100	0	0	0	0.0101	0.100	0	0.400	0.100	0.300	0.0200	0	0.00302
134	1331.37	4.20443e-03	3.08	1.44	0.0277	0.0228	0.100	0	0	0	0.0102	0.100	0	0.400	0.100	0.300	0.0200	0	0.00268
135	1334.53	4.17303e-03	3.08	1.44	0.0277	0.0228	0.100	0	0	0	0.0102	0.100	0	0.400	0.100	0.300	0.0200	0	0.00296
136	1337.69	4.15163e-03	3.08	1.44	0.0277	0.0227	0.100	0	0	0	0.0102	0.100	0	0.400	0.100	0.300	0.0200	0	0.00262
137	1340.84	4.13319e-03	3.08	1.44	0.0277	0.0227	0.100	0	0	0	0.0103	0.100	0	0.400	0.100	0.300	0.0200	0	0.00303
138	1343.98	4.13452e-03	3.08	1.44	0.0277	0.0226	0.100	0	0	0	0.0103	0.100	0	0.400	0.100	0.300	0.0200	0	0.00321
139	1347.12	4.15202e-03	3.08	1.44	0.0277	0.0226	0.100	0	0	0	0.0103	0.100	0	0.400	0.100	0.300	0.0200	0	0.00284
140	1350.26	4.1977e-03	3.08	1.44	0.0277	0.0225	0.100	0	0	0	0.0103	0.100	0	0.400	0.100	0.300	0.0200	0	0.00282
141	1353.40	4.25157e-03	3.08	1.44	0.0277	0.0225	0.100	0	0	0	0.0104	0.100	0	0.400	0.100	0.300	0.0200	0	0.00277
142	1356.53	4.31049e-03	3.08	1.44	0.0277	0.0224	0.100	0	0	0	0.0104	0.100	0	0.400	0.100	0.300	0.0200	0	0.00288
143	1359.65	4.36543e-03	3.08	1.44	0.0277	0.0224	0.100	0	0	0	0.0104	0.100	0	0.400	0.100	0.300	0.0200	0	0.00314
144	1362.78	4.39046e-03	3.08	1.44	0.0277	0.0223	0.100	0	0	0	0.0104	0.100	0	0.400	0.100	0.300	0.0200	0	0.00329
145	1365.89	4.39585e-03	3.08	1.44	0.0277	0.0223	0.100	0	0	0	0.0105	0.100	0	0.400	0.100	0.300	0.0200	0	0.00296
146	1369.01	4.38041e-03	3.08	1.44	0.0277	0.0222	0.100	0	0	0	0.0105	0.100	0	0.400	0.100	0.300	0.0200	0	0.00306
147	1372.12	4.38738e-03	3.08	1.44	0.0277	0.0222	0.100	0	0	0	0.0105	0.100	0	0.400	0.100	0.300	0.0200	0	0.00307
148	1375.22	4.43111e-03	3.08	1.44	0.0277	0.0221	0.100	0	0	0	0.0105	0.100	0	0.400	0.100	0.300	0.0200	0	0.00274
149	1378.32	4.53649e-03	3.08	1.44	0.0277	0.0221	0.100	0	0	0	0.0106	0.100	0	0.400	0.100	0.300	0.0200	0	0.00323
150	1381.42	4.63171e-03	3.08	1.44	0.0277	0.0220	0.100	0	0	0	0.0106	0.100	0	0.400	0.100	0.300	0.0200	0	0.00348
151	1384.51	4.6638e-03	3.08	1.44	0.0277	0.0220	0.100	0	0	0	0.0106	0.100	0	0.400	0.100	0.300	0.0200	0	0.00333
152	1387.60	4.62635e-03	3.08	1.44	0.0277	0.0219	0.100	0	0	0	0.0106	0.100	0	0.400	0.100	0.300	0.0200	0	0.00334
153	1390.68	4.61186e-03	3.08	1.45	0.0277	0.0219	0.100	0	0	0	0.0107	0.100	0	0.400	0.100	0.300	0.0200	0	0.00356
154	1393.76	4.61274e-03	3.10	1.46	0.0277	0.0218	0.100	0	0	0	0.0107	0.100	0	0.400	0.100	0.300	0.0200	0	0.00304
155	1396.84	4.61669e-03	3.12	1.47	0.0277	0.0218	0.100	0	0	0	0.0107	0.100	0	0.400	0.100	0.300	0.0200	0	0.00327
156	1399.91	4.59468e-03	3.13	1.47	0.0277	0.0217	0.100	0	0	0	0.0107	0.100	0	0.400	0.100	0.300	0.0200	0	0.00345
157	1402.98	4.58393e-03	3.14	1.48	0.0277	0.0217	0.100	0	0	0	0.0108	0.100	0	0.400	0.100	0.300	0.0200	0	0.00342
158	1406.04	4.55147e-03	3.14	1.48	0.0277	0.0216	0.100	0	0	0	0.0108	0.100	0	0.400	0.100	0.300	0.0200	0	0.00313
159	1409.10	4.525e-03	3.14	1.48	0.0277	0.0216	0.100	0	0	0	0.0108	0.100	0	0.400	0.100	0.300	0.0200	0	0.00334
160	1412.16	4.49532e-03	3.14	1.48	0.0277	0.0215	0.100	0	0	0	0.0108	0.100	0	0.400	0.100	0.300	0.0200	0	0.00327
161	1415.21	4.46769e-03	3.14	1.48	0.0277	0.0215	0.100	0	0	0	0.0108	0.100	0	0.400	0.100	0.300	0.0200	0	0.00337
162	1418.25	4.44333e-03	3.14	1.48	0.0277	0.0214	0.100	0	0	0	0.0109	0.100	0	0.400	0.100	0.300	0.0200	0	0.00293
163	1421.30	4.42213e-03	3.14	1.48	0.0277	0.0214	0.100	0	0	0	0.0109	0.100	0	0.400	0.100	0.300	0.0200	0	0.00331
164	1424.33	4.40798e-03	3.14	1.48	0.0277	0.0213	0.100	0	0	0	0.0109	0.100	0	0.400	0.100	0.300	0.0200	0	0.00324
165	1427.37	4.39236e-03	3.14	1.48	0.0277	0.0213	0.100	0	0	0	0.0109	0.100	0	0.400	0.100	0.300	0.0200	0	0.00320
166	1430.40	4.37843e-03	3.14	1.48	0.0277	0.0213	0.100	0	0	0	0.0110	0.100	0	0.400	0.100	0.300	0.0200	0	0.00348
167	1433.42	4.37183e-03	3.14	1.48	0.0277	0.0212	0.100	0	0	0	0.0110	0.100	0	0.400	0.100	0.300	0.0200	0	0.00306
168	1436.44	4.36034e-03	3.14	1.48	0.0277	0.0212	0.100	0	0	0	0.0110	0.100	0	0.400	0.100	0.300	0.0200	0	0.00309
169	1439.46	4.3455e-03	3.14	1.48	0.0277	0.0211	0.100	0	0	0	0.0110	0.100	0	0.400	0.100	0.300	0.0200	0	0.00365
170	1442.47	4.33947e-03	3.13	1.47	0.0277	0.0211	0.100	0	0	0	0.0110	0.100	0	0.400	0.100	0.300	0.0200	0	0.00300
171	1445.48	4.33632e-03	3.11	1.46	0.0277	0.0210	0.100	0	0	0	0.0111	0.100	0	0.400	0.100	0.300	0.0200	0	0.00342
172	1448.48	4.32475e-03	3.09	1.45	0.0277	0.0210	0.100	0	0	0	0.0111	0.100	0	0.400	0.100	0.300	0.0200	0	0.00320
173	1451.48	4.31944e-03	3.10	1.45	0.0277	0.0209	0.100	0	0	0	0.0111	0.100	0	0.400	0.100	0.300	0.0200	0	0.00325
174	1454.48	4.31445e-03	3.13	1.47	0.0277	0.0209	0.100	0	0	0	0.0111	0.100	0	0.400	0.100	0.300	0.0200	0	0.00337
175	1457.47	4.3151e-03	3.16	1.49	0.0277	0.0209	0.100	0	0	0	0.0111	0.100	0	0.400	0.100	0.300	0.0200	0	0.00319
176	1460.45	4.32806e-03	3.19	1.51	0.0277	0.0208	0.100	0	0	0	0.0111	0.100	0	0.400	0.100	0.300	0.0200	0	0.00329
177	1463.44	4.33894e-03	3.19	1.51	0.0277	0.0208	0.100	0	0	0	0.0112	0.100	0	0.400	0.100	0.300	0.0200	0	0.00349
178	1466.41	4.34916e-03	3.20	1.51	0.0277	0.0207	0.100	0	0	0	0.0112	0.100	0	0.400	0.100	0.300	0.0200	0	0.00394
179	1469.39	4.35485e-03	3.20	1.51	0.0277	0.0207	0.100	0	0	0	0.0112	0.100	0	0.400	0.100	0.300	0.0200	0	0.00315
180	1472.36	4.36711e-03	3.20	1.51	0.0277	0.0206	0.100	0	0	0	0.0112	0.100	0	0.400	0.100	0.300	0.0200	0	0.00319
181	1475.32	4.37494e-03	3.20	1.51	0.0277	0.0206	0.100	0	0	0	0.0112	0.100	0	0.400	0.100	0.300	0.0200	0	0.00341
182	1478.28	4.37623e-03	3.20	1.51	0.0277	0.0206	0.100	0	0	0	0.0113	0.100	0	0.400	0.100	0.300	0.0200	0	0.00344
183	1481.23	4.38648e-03	3.20	1.51	0.0277	0.0205	0.100	0	0	0	0.0113	0.100	0	0.400	0.100	0.300	0.0200	0	0.00360
184	1484.19	4.38529e-03	3.20	1.51	0.0277	0.0205	0.100	0	0	0	0.0113	0.100	0	0.400	0.100	0.300	0.0200	0	0.00327
185	1487.13	4.39422e-03	3.19	1.51	0.0277	0.0204	0.100	0	0	0	0.0113	0.100	0	0.400	0.100	0.300	0.0200	0	0.00384
186	1490.07	4.40201e-03	3.19	1.50	0.0277	0.0204	0.100	0	0	0	0.0113	0.100	0	0.400	0.100	0.300	0.0200	0	0.00349
187	1493.01	4.40877e-03	3.18	1.50	0.0277	0.0204	0.100	0	0	0	0.0113	0.100	0	0.400	0.100	0.300	0.0200	0	0.00387
188	1495.95	4.41413e-03	3.17	1.50	0.0277	0.0203	0.100	0	0	0	0.0114	0.100	0	0.400	0.100	0.300	0.0200	0	0.00335
189	1498.88	4.42769e-03	3.17	1.49	0.0277	0.0203	0.100	0	0	0	0.0114	0.100	0	0.400	0.100	0.300	0.0200	0	0.00372
190	1501.80	4.4368e-03	3.16	1.49	0.0277	0.0202	0.100	0	0	0	0.0114	0.100	0	0.400	0.100	0.300	0.0200	0	0.00348
191	1504.72	4.45631e-03	3.16	1.49	0.0277	0.0202	0.100	0	0	0	0.0114	0.100	0	0.400	0.100	0.300	0.0200	0	0.00350
192	1507.64	4.47353e-03	3.16	1.49	0.0277	0.0202	0.100	0	0	0	0.0114	0.100	0	0.400	0.100	0.300	0.0200	0	0.00375
193	1510.55	4.48363e-03	3.16	1.49	0.0277	0.0201	0.100	0	0	0	0.0114	0.100	0	0.400	0.100	0.300	0.0200	0	0.00406
194	1513.45	4.49994e-03	3.16	1.49	0.0277	0.0201	0.100	0	0	0	0.0114	0.100	0	0.400	0.100	0.300	0.0200	0	0.00366
195	1516.36	4.51387e-03	3.16	1.49	0.0277	0.0200	0.100	0	0	0	0.0115	0.100	0	0.400	0.100	0.300	0.0200	0	0.00387
196	1519.25	4.53224e-03	3.16	1.49	0.0277	0.0200	0.100	0	0	0	0.0115	0.100	0	0.400	0.100	0.300	0.0200	0	0.00366
197	1522.15	4.5463e-03	3.16	1.49	0.0277	0.0200	0.100	0	0	0	0.0115	0.100	0	0.400	0.100	0.300	0.0200	0	0.00381
198	1525.04	4.55335e-03	3.16	1.49	0.0277	0.0199	0.100	0	0	0	0.0115	0.100	0	0.400	0.100	0.300	0.0200	0	0.00357
199	1527.92	4.57289e-03	3.16	1.49	0.0277	0.0199	0.100	0	0	0	0.0115	0.100	0	0.400	0.100	0.300	0.0200	0	0.00388
200	1530.80	4.58631e-03	3.16	1.49	0.0277	0.0199	0.100	0	0	0	0.0115	0.100	0	0.400	0.100	0.300	0.0200	0	0.00376
201	1533.67	4.60138e-03	3.16	1.49	0.0277	0.0198	0.100	0	0	0	0.0115	0.100	0	0.400	0.100	0.300	0.0200	0	0.00382
202	1536.54	4.62015e-03	3.16	1.49	0.0277	0.0198	0.100	0	0	0	0.0116	0.100	0	0.400	0.100	0.300	0.0200	0	0.00366
203	1539.41	4.62998e-03	3.16	1.49	0.0277	0.0197	0.100	0	0	0	0.0116	0.100	0	0.400	0.100	0.300	0.0200	0	0.00403
204	1542.27	4.65366e-03	3.15	1.48	0.0277	0.0197	0.100	0	0	0	0.0116	0.100	0	0.400	0.100	0.300	0.0200	0	0.00412
205	1545.13	4.67007e-03	3.13	1.47	0.0277	0.0197	0.100	0	0	0	0.0116	0.100	0	0.400	0.100	0.300	0.0200	0	0.00389
206	1547.98	4.6863e-03	3.11	1.46	0.0277	0.0196	0.100	0	0	0	0.0116	0.100	0	0.400	0.100	0.300	0.0200	0	0.00416
207	1550.83	4.70995e-03	3.10	1.46	0.0277	0.0196	0.100	0	0	0	0.0116	0.100	0	0.400	0.100	0.300	0.0200	0	0.00377
208	1553.67	4.72756e-03	3.10	1.46	0.0277	0.0196	0.100	0	0	0	0.0116	0.100	0	0.400	0.100	0.300	0.0200	0	0.00433
209	1556.51	4.74902e-03	3.10	1.46	0.0277	0.0195	0.100	0	0	0	0.0116	0.100	0	0.400	0.100	0.300	0.0200	0	0.00393
210	1559.34	4.76581e-03	3.10	1.46	0.0277	0.0195	0.100	0	0	0	0.0117	0.100	0	0.400	0.100	0.300	0.0200	0	0.00385
211	1562.17	4.78624e-03	3.10	1.46	0.0277	0.0195	0.100	0	0	0	0.0117	0.100	0	0.400	0.100	0.300	0.0200	0	0.00403
212	1565.00	4.80665e-03	3.10	1.46	0.0277	0.0194	0.100	0	0	0	0.0117	0.100	0	0.400	0.100	0.300	0.0200	0	0.00410
213	1567.82	4.82779e-03	3.10	1.46	0.0277	0.0194	0.100	0	0	0	0.0117	0.100	0	0.400	0.100	0.300	0.0200	0	0.00401
214	1570.63	4.84758e-03	3.10	1.46	0.0277	0.0194	0.100	0	0	0	0.0117	0.100	0	0.400	0.100	0.300	0.0200	0	0.00412
215	1573.44	4.8711e-03	3.10	1.46	0.0277	0.0193	0.100	0	0	0	0.0117	0.100	0	0.400	0.100	0.300	0.0200	0	0.00435
216	1576.25	4.89593e-03	3.10	1.46	0.0277	0.0193	0.100	0	0	0	0.0117	0.100	0	0.400	0.100	0.300	0.0200	0	0.00402
217	1579.05	4.92461e-03	3.10	1.46	0.0277	0.0193	0.100	0	0	0	0.0117	0.100	0	0.400	0.100	0.300	0.0200	0	0.00430
218	1581.85	4.95101e-03	3.10	1.46	0.0277	0.0192	0.100	0	0	0	0.0117	0.100	0	0.400	0.100	0.300	0.0200	0	0.00419
219	1584.64	4.98389e-03	3.10	1.46	0.0277	0.0192	0.100	0	0	0	0.0118	0.100	0	0.400	0.100	0.300	0.0200	0	0.00431
220	1587.43	5.01945e-03	3.10	1.46	0.0277	0.0192	0.100	0	0	0	0.0118	0.100	0	0.400	0.100	0.300	0.0200	0	0.00420
221	1590.21	5.04811e-03	3.10	1.45	0.0277	0.0191	0.100	0	0	0	0.0118	0.100	0	0.400	0.100	0.300	0.0200	0	0.00468
222	1592.99	5.08637e-03	3.09	1.45	0.0277	0.0191	0.100	0	0	0	0.0118	0.100	0	0.400	0.100	0.300	0.0200	0	0.00437
223	1595.76	5.11967e-03	3.09	1.45	0.0277	0.0191	0.100	0	0	0	0.0118	0.100	0	0.400	0.100	0.300	0.0200	0	0.00440
224	1598.53	5.15263e-03	3.09	1.45	0.0277	0.0190	0.100	0	0	0	0.0118	0.100	0	0.400	0.100	0.300	0.0200	0	0.00510
225	1601.30	5.20228e-03	3.10	1.46	0.0277	0.0190	0.100	0	0	0	0.0118	0.100	0	0.400	0.100	0.300	0.0200	0	0.00509
226	1604.06	5.23385e-03	3.13	1.47	0.0277	0.0190	0.100	0	0	0	0.0118	0.100	0	0.400	0.100	0.300	0.0200	0	0.00433
227	1606.81	5.27714e-03	3.16	1.49	0.0277	0.0189	0.100	0	0	0	0.0118	0.100	0	0.400	0.100	0.300	0.0200	0	0.00502
228	1609.56	5.31196e-03	3.19	1.50	0.0277	0.0189	0.100	0	0	0	0.0118	0.100	0	0.400	0.100	0.300	0.0200	0	0.00430
229	1612.30	5.36225e-03	3.19	1.50	0.0277	0.0189	0.100	0	0	0	0.0118	0.100	0	0.400	0.100	0.300	0.0200	0	0.00492
230	1615.04	5.39619e-03	3.19	1.50	0.0277	0.0188	0.100	0	0	0	0.0118	0.100	0	0.400	0.100	0.300	0.0200	0	0.00503
231	1617.78	5.44271e-03	3.19	1.50	0.0277	0.0188	0.100	0	0	0	0.0119	0.100	0	0.400	0.100	0.300	0.0200	0	0.00466
232	1620.51	5.49037e-03	3.19	1.50	0.0277	0.0188	0.100	0	0	0	0.0119	0.100	0	0.400	0.100	0.300	0.0200	0	0.00546
233	1623.24	5.54681e-03	3.19	1.50	0.0277	0.0187	0.100	0	0	0	0.0119	0.100	0	0.400	0.100	0.300	0.0200	0	0.00454
234	1625.96	5.60818e-03	3.19	1.50	0.0277	0.0187	0.100	0	0	0	0.0119	0.100	0	0.400	0.100	0.300	0.0200	0	0.00500
235	1628.67	5.67393e-03	3.19	1.50	0.0277	0.0187	0.100	0	0	0	0.0119	0.100	0	0.400	0.100	0.300	0.0200	0	0.00524
236	1631.39	5.74664e-03	3.19	1.50	0.0277	0.0186	0.100	0	0	0	0.0119	0.100	0	0.400	0.100	0.300	0.0200	0	0.00536
237	1634.09	5.84154e-03	3.19	1.50	0.0277	0.0186	0.100	0	0	0	0.0119	0.100	0	0.400	0.100	0.300	0.0200	0	0.00554
238	1636.79	5.94916e-03	3.19	1.50	0.0277	0.0186	0.100	0	0	0	0.0119	0.100	0	0.400	0.100	0.300	0.0200	0	0.00562
239	1639.49	6.07724e-03	3.19	1.50	0.0277	0.0185	0.100	0	0	0	0.0119	0.100	0	0.400	0.100	0.300	0.0200	0	0.00509
240	1642.18	6.26627e-03	3.19	1.50	0.0277	0.0185	0.100	0	0	0	0.0119	0.100	0	0.400	0.100	0.300	0.0200	0	0.00603
241	1644.87	6.53407e-03	3.19	1.50	0.0277	0.0185	0.100	0	0	0	0.0119	0.100	0	0.400	0.100	0.300	0.0200	0	0.00654
242	1647.55	6.90244e-03	3.19	1.50	0.0277	0.0185	0.100	0	0	0	0.0119	0.100	0	0.400	0.100	0.300	0.0200	0	0.00614
243	1650.23	7.41232e-03	3.19	1.50	0.0277	0.0184	0.100	0	0	0	0.0119	0.100	0	0.400	0.100	0.300	0.0200	0	0.00675
244	1652.90	8.12178e-03	3.19	1.50	0.0277	0.0184	0.100	0	0	0	0.0119	0.100	0	0.400	0.100	0.300	0.0200	0	0.00727
245	1655.57	9.09763e-03	3.19	1.50	0.0277	0.0184	0.100	0	0	0	0.0119	0.100	0	0.400	0.100	0.300	0.0200	0	0.00880
246	1658.23	1.03663e-02	3.19	1.50	0.0277	0.0183	0.100	0	0	0	0.0119	0.100	0	0.400	0.100	0.300	0.0200	0	0.00923
247	1660.89	1.19515e-02	3.19	1.50	0.0277	0.0183	0.100	0	0	0	0.0120	0.100	0	0.400	0.100	0.300	0.0200	0	0.0106
248	1663.55	1.39206e-02	3.19	1.50	0.0277	0.0183	0.100	0	0	0	0.0120	0.100	0	0.400	0.100	0.300	0.0200	0	0.0111
249	1666.19	1.62423e-02	3.19	1.50	0.0277	0.0182	0.100	0	0	0	0.0120	0.100	0	0.400	0.100	0.300	0.0200	0	0.0148
250	1668.84	1.89819e-02	3.19	1.50	0.0277	0.0182	0.100	0	0	0	0.0120	0.100	0	0.400	0.100	0.300	0.0200	0	0.0167
251	1671.48	2.21071e-02	3.19	1.50	0.0277	0.0182	0.100	0	0	0	0.0120	0.100	0	0.400	0.100	0.300	0.0200	0	0.0191
252	1674.11	2.572e-02	3.19	1.50	0.0277	0.0182	0.100	0	0	0	0.0120	0.100	0	0.400	0.100	0.300	0.0200	0	0.0255
253	1676.74	2.97504e-02	3.19	1.50	0.0277	0.0181	0.100	0	0	0	0.0120	0.100	0	0.400	0.100	0.300	0.0200	0	0.0280
254	1679.36	3.4358e-02	3.19	1.50	0.0277	0.0181	0.100	0	0	0	0.0120	0.100	0	0.400	0.100	0.300	0.0200	0	0.0302
255	1681.98	3.972e-02	3.19	1.50	0.0277	0.0181	0.100	0	0	0	0.0120	0.100	0	0.400	0.100	0.300	0.0200	0	0.0329
