# hypstar_221461_radcal_L_220104_swir.dat
# File was created 2022-01-06 16:11:49 UTC
#
# Calibrated by Joel Kuusk, Tartu Observatory, University of Tartu, 2022-01-04
#
# Applied corrections:
# nonlinearity	hypstar_221461_nonlin_corr_coefs_220105.dat
# wavelength	hypstar_221461_wl_coefs_220105.dat
# thermal	none
# stray light	none
#
# L [mW m-2 nm-1 sr-1] = DN / inttime_ms * 1000 * cal_coef
# Pixel counting starts from 0
#
# px	wl	cal_coef	u_cal_coef(k=2)	u_lamp(k=1)	u_aging(k=1)	u_power(k=1)	u_align_lamp(k=1)	u_panel(k=1)	u_interp_panel(k=1)	u_align_panel(k=1)	u_wl_source(k=1)	u_lab_stray(k=1)	u_panel_backrefl(k=1)	u_dist(k=1)	u_align(k=1)	u_temp(k=1)	u_lin(k=1)	u_stray(k=1)	u_typeA(k=1)
0	882.43	5.62135e-04	1.54	0.613	0.130	0.0345	0.100	0.150	0.100	0.100	0.000503	0.100	0.100	0.120	0.100	0.300	0.115	0	0.00773
1	886.04	4.70311e-04	1.54	0.613	0.130	0.0343	0.100	0.150	0.100	0.100	0.000164	0.100	0.100	0.120	0.100	0.300	0.115	0	0.00727
2	889.65	4.47011e-04	1.54	0.613	0.130	0.0342	0.100	0.150	0.100	0.100	0.000179	0.100	0.100	0.120	0.100	0.300	0.115	0	0.00624
3	893.25	4.2918e-04	1.54	0.613	0.130	0.0340	0.100	0.150	0.100	0.100	0.000647	0.100	0.100	0.120	0.100	0.300	0.115	0	0.00574
4	896.85	4.11542e-04	1.54	0.613	0.130	0.0339	0.100	0.150	0.100	0.100	0.000995	0.100	0.100	0.120	0.100	0.300	0.115	0	0.00581
5	900.46	3.93434e-04	3.63	1.76	0.130	0.0338	0.100	0.150	0.100	0.100	0.000359	0.100	0.100	0.120	0.100	0.300	0.115	0	0.00622
6	904.05	3.77748e-04	3.63	1.76	0.130	0.0336	0.100	0.150	0.100	0.100	0.000182	0.100	0.100	0.120	0.100	0.300	0.115	0	0.00547
7	907.65	3.61317e-04	3.63	1.76	0.130	0.0335	0.100	0.150	0.100	0.100	0.00000746	0.100	0.100	0.120	0.100	0.300	0.115	0	0.00549
8	911.24	3.43438e-04	3.63	1.76	0.130	0.0334	0.100	0.150	0.100	0.100	0.0000166	0.100	0.100	0.120	0.100	0.300	0.115	0	0.00476
9	914.83	3.21827e-04	3.63	1.76	0.130	0.0332	0.100	0.150	0.100	0.100	0.000185	0.100	0.100	0.120	0.100	0.300	0.115	0	0.00496
10	918.42	2.91439e-04	3.63	1.76	0.130	0.0331	0.100	0.150	0.100	0.100	0.000351	0.100	0.100	0.120	0.100	0.300	0.115	0	0.00459
11	922.01	2.59378e-04	3.63	1.76	0.130	0.0330	0.100	0.150	0.100	0.100	0.000392	0.100	0.100	0.120	0.100	0.300	0.115	0	0.00422
12	925.59	2.35876e-04	3.63	1.76	0.130	0.0328	0.100	0.150	0.100	0.100	0.000552	0.100	0.100	0.120	0.100	0.300	0.115	0	0.00382
13	929.17	2.21937e-04	3.63	1.76	0.130	0.0327	0.100	0.150	0.100	0.100	0.000711	0.100	0.100	0.120	0.100	0.300	0.115	0	0.00338
14	932.75	2.12395e-04	3.63	1.76	0.130	0.0326	0.100	0.150	0.100	0.100	0.00123	0.100	0.100	0.120	0.100	0.300	0.115	0	0.00330
15	936.32	2.05535e-04	3.63	1.76	0.130	0.0325	0.100	0.150	0.100	0.100	0.00138	0.100	0.100	0.120	0.100	0.300	0.115	0	0.00302
16	939.90	2.00872e-04	3.63	1.76	0.130	0.0323	0.100	0.150	0.100	0.100	0.00150	0.100	0.100	0.120	0.100	0.300	0.115	0	0.00324
17	943.47	1.97426e-04	3.63	1.76	0.130	0.0322	0.100	0.150	0.100	0.100	0.00135	0.100	0.100	0.120	0.100	0.300	0.115	0	0.00318
18	947.03	1.94204e-04	3.63	1.76	0.130	0.0321	0.100	0.150	0.100	0.100	0.00150	0.100	0.100	0.120	0.100	0.300	0.115	0	0.00342
19	950.60	1.90866e-04	3.63	1.76	0.130	0.0320	0.100	0.150	0.100	0.100	0.00147	0.100	0.100	0.120	0.100	0.300	0.115	0	0.00294
20	954.16	1.88149e-04	3.63	1.76	0.130	0.0319	0.100	0.150	0.100	0.100	0.00161	0.100	0.100	0.120	0.100	0.300	0.115	0	0.00319
21	957.72	1.85772e-04	3.63	1.76	0.130	0.0317	0.100	0.150	0.100	0.100	0.00175	0.100	0.100	0.120	0.100	0.300	0.115	0	0.00308
22	961.28	1.82818e-04	3.63	1.76	0.130	0.0316	0.100	0.150	0.100	0.100	0.00210	0.100	0.100	0.120	0.100	0.300	0.115	0	0.00279
23	964.83	1.79048e-04	3.63	1.76	0.130	0.0315	0.100	0.150	0.100	0.100	0.00223	0.100	0.100	0.120	0.100	0.300	0.115	0	0.00288
24	968.38	1.75684e-04	3.63	1.76	0.130	0.0314	0.100	0.150	0.100	0.100	0.00237	0.100	0.100	0.120	0.100	0.300	0.115	0	0.00307
25	971.93	1.72822e-04	3.63	1.76	0.130	0.0313	0.100	0.150	0.100	0.100	0.00269	0.100	0.100	0.120	0.100	0.300	0.115	0	0.00298
26	975.47	1.70427e-04	3.63	1.76	0.130	0.0312	0.100	0.150	0.100	0.100	0.00282	0.100	0.100	0.120	0.100	0.300	0.115	0	0.00280
27	979.02	1.6735e-04	3.63	1.76	0.130	0.0311	0.100	0.150	0.100	0.100	0.00295	0.100	0.100	0.120	0.100	0.300	0.115	0	0.00286
28	982.55	1.6426e-04	3.63	1.76	0.130	0.0309	0.100	0.150	0.100	0.100	0.00293	0.100	0.100	0.120	0.100	0.300	0.115	0	0.00299
29	986.09	1.61675e-04	3.63	1.76	0.130	0.0308	0.100	0.150	0.100	0.100	0.00305	0.100	0.100	0.120	0.100	0.300	0.115	0	0.00292
30	989.63	1.59714e-04	3.63	1.76	0.130	0.0307	0.100	0.150	0.100	0.100	0.00317	0.100	0.100	0.120	0.100	0.300	0.115	0	0.00307
31	993.16	1.58001e-04	3.63	1.76	0.130	0.0306	0.100	0.150	0.100	0.100	0.00297	0.100	0.100	0.120	0.100	0.300	0.115	0	0.00273
32	996.68	1.55772e-04	3.63	1.76	0.130	0.0305	0.100	0.150	0.100	0.100	0.00309	0.100	0.100	0.120	0.100	0.300	0.115	0	0.00273
33	1000.21	1.53337e-04	3.62	1.75	0.130	0.0304	0.100	0.150	0.100	0.100	0.00346	0.100	0.100	0.120	0.100	0.300	0.115	0	0.00283
34	1003.73	1.51362e-04	3.48	1.68	0.130	0.0303	0.100	0.150	0.100	0.100	0.00357	0.100	0.100	0.120	0.100	0.300	0.115	0	0.00284
35	1007.25	1.49955e-04	3.34	1.60	0.130	0.0302	0.100	0.150	0.100	0.100	0.00368	0.100	0.100	0.120	0.100	0.300	0.115	0	0.00277
36	1010.77	1.49163e-04	3.23	1.54	0.130	0.0301	0.100	0.150	0.100	0.100	0.00399	0.100	0.100	0.120	0.100	0.300	0.115	0	0.00263
37	1014.28	1.47633e-04	3.23	1.54	0.130	0.0300	0.100	0.150	0.100	0.100	0.00410	0.100	0.100	0.120	0.100	0.300	0.115	0	0.00275
38	1017.79	1.45904e-04	3.23	1.54	0.130	0.0299	0.100	0.150	0.100	0.100	0.00420	0.100	0.100	0.120	0.100	0.300	0.115	0	0.00278
39	1021.30	1.44342e-04	3.23	1.54	0.130	0.0298	0.100	0.150	0.100	0.100	0.00417	0.100	0.100	0.120	0.100	0.300	0.115	0	0.00269
40	1024.80	1.43123e-04	3.23	1.54	0.130	0.0297	0.100	0.150	0.100	0.100	0.00428	0.100	0.100	0.120	0.100	0.300	0.115	0	0.00260
41	1028.30	1.42587e-04	3.23	1.54	0.130	0.0296	0.100	0.150	0.100	0.100	0.00437	0.100	0.100	0.120	0.100	0.300	0.115	0	0.00272
42	1031.80	1.41902e-04	3.23	1.54	0.130	0.0295	0.100	0.150	0.100	0.100	0.00415	0.100	0.100	0.120	0.100	0.300	0.115	0	0.00250
43	1035.30	1.40849e-04	3.23	1.54	0.130	0.0294	0.100	0.150	0.100	0.100	0.00425	0.100	0.100	0.120	0.100	0.300	0.115	0	0.00266
44	1038.79	1.39673e-04	3.23	1.54	0.130	0.0293	0.100	0.150	0.100	0.100	0.00435	0.100	0.100	0.120	0.100	0.300	0.115	0	0.00263
45	1042.28	1.38844e-04	3.23	1.54	0.130	0.0292	0.100	0.150	0.100	0.100	0.00447	0.100	0.100	0.120	0.100	0.300	0.115	0	0.00256
46	1045.77	1.38626e-04	3.23	1.54	0.130	0.0291	0.100	0.150	0.100	0.100	0.00456	0.100	0.100	0.120	0.100	0.300	0.115	0	0.00277
47	1049.25	1.38679e-04	3.23	1.54	0.130	0.0290	0.100	0.150	0.100	0.100	0.00465	0.100	0.100	0.120	0.100	0.300	0.115	0	0.00265
48	1052.73	1.38735e-04	3.23	1.54	0.130	0.0289	0.100	0.150	0.100	0.100	0.00474	0.100	0.100	0.120	0.100	0.300	0.115	0	0.00272
49	1056.20	1.38585e-04	3.23	1.54	0.130	0.0288	0.100	0.150	0.100	0.100	0.00483	0.100	0.100	0.120	0.100	0.300	0.115	0	0.00270
50	1059.68	1.38153e-04	3.23	1.54	0.130	0.0287	0.100	0.150	0.100	0.100	0.00492	0.100	0.100	0.120	0.100	0.300	0.115	0	0.00260
51	1063.15	1.37939e-04	3.23	1.54	0.130	0.0286	0.100	0.150	0.100	0.100	0.00525	0.100	0.100	0.120	0.100	0.300	0.115	0	0.00278
52	1066.62	1.37995e-04	3.23	1.54	0.130	0.0285	0.100	0.150	0.100	0.100	0.00533	0.100	0.100	0.120	0.100	0.300	0.115	0	0.00262
53	1070.08	1.38179e-04	3.23	1.54	0.130	0.0284	0.100	0.150	0.100	0.100	0.00553	0.100	0.100	0.120	0.100	0.300	0.115	0	0.00268
54	1073.54	1.38393e-04	3.23	1.54	0.130	0.0283	0.100	0.150	0.100	0.100	0.00563	0.100	0.100	0.120	0.100	0.300	0.115	0	0.00302
55	1077.00	1.38093e-04	3.23	1.54	0.130	0.0282	0.100	0.150	0.100	0.100	0.00571	0.100	0.100	0.120	0.100	0.300	0.115	0	0.00257
56	1080.45	1.3765e-04	3.23	1.54	0.130	0.0281	0.100	0.150	0.100	0.100	0.00464	0.100	0.100	0.120	0.100	0.300	0.115	0	0.00272
57	1083.90	1.37369e-04	3.23	1.54	0.130	0.0280	0.100	0.150	0.100	0.100	0.00472	0.100	0.100	0.120	0.100	0.300	0.115	0	0.00297
58	1087.35	1.37193e-04	3.23	1.54	0.130	0.0280	0.100	0.150	0.100	0.100	0.00479	0.100	0.100	0.120	0.100	0.300	0.115	0	0.00266
59	1090.79	1.37224e-04	3.21	1.54	0.130	0.0279	0.100	0.150	0.100	0.100	0.00475	0.100	0.100	0.120	0.100	0.300	0.115	0	0.00262
60	1094.24	1.37111e-04	3.16	1.51	0.130	0.0278	0.100	0.150	0.100	0.100	0.00483	0.100	0.100	0.120	0.100	0.300	0.115	0	0.00266
61	1097.67	1.36632e-04	3.10	1.48	0.130	0.0277	0.100	0.150	0.100	0.100	0.00490	0.100	0.100	0.120	0.100	0.300	0.115	0	0.00263
62	1101.11	1.35746e-04	3.06	1.46	0.130	0.0276	0.100	0.150	0.100	0.100	0.00596	0.100	0.100	0.120	0.100	0.300	0.115	0	0.00278
63	1104.54	1.34317e-04	3.06	1.46	0.130	0.0275	0.100	0.150	0.100	0.100	0.00603	0.100	0.100	0.120	0.100	0.300	0.115	0	0.00272
64	1107.97	1.32883e-04	3.06	1.46	0.130	0.0274	0.100	0.150	0.100	0.100	0.00610	0.100	0.100	0.120	0.100	0.300	0.115	0	0.00254
65	1111.39	1.31433e-04	3.06	1.46	0.130	0.0274	0.100	0.150	0.100	0.100	0.00621	0.100	0.100	0.120	0.100	0.300	0.115	0	0.00267
66	1114.81	1.30312e-04	3.06	1.46	0.130	0.0273	0.100	0.150	0.100	0.100	0.00628	0.100	0.100	0.120	0.100	0.300	0.115	0	0.00267
67	1118.23	1.29059e-04	3.06	1.46	0.130	0.0272	0.100	0.150	0.100	0.100	0.00634	0.100	0.100	0.120	0.100	0.300	0.115	0	0.00253
68	1121.64	1.27736e-04	3.06	1.46	0.130	0.0271	0.100	0.150	0.100	0.100	0.00653	0.100	0.100	0.120	0.100	0.300	0.115	0	0.00259
69	1125.05	1.26216e-04	3.06	1.46	0.130	0.0270	0.100	0.150	0.100	0.100	0.00660	0.100	0.100	0.120	0.100	0.300	0.115	0	0.00276
70	1128.46	1.24709e-04	3.06	1.46	0.130	0.0269	0.100	0.150	0.100	0.100	0.00666	0.100	0.100	0.120	0.100	0.300	0.115	0	0.00239
71	1131.87	1.2358e-04	3.06	1.46	0.130	0.0269	0.100	0.150	0.100	0.100	0.00678	0.100	0.100	0.120	0.100	0.300	0.115	0	0.00254
72	1135.27	1.22565e-04	3.06	1.46	0.130	0.0268	0.100	0.150	0.100	0.100	0.00684	0.100	0.100	0.120	0.100	0.300	0.115	0	0.00244
73	1138.66	1.22035e-04	3.06	1.46	0.130	0.0267	0.100	0.150	0.100	0.100	0.00690	0.100	0.100	0.120	0.100	0.300	0.115	0	0.00256
74	1142.06	1.21599e-04	3.05	1.45	0.130	0.0266	0.100	0.150	0.100	0.100	0.00699	0.100	0.100	0.120	0.100	0.300	0.115	0	0.00258
75	1145.45	1.21257e-04	3.05	1.45	0.130	0.0265	0.100	0.150	0.100	0.100	0.00705	0.100	0.100	0.120	0.100	0.300	0.115	0	0.00245
76	1148.83	1.20802e-04	3.04	1.45	0.130	0.0265	0.100	0.150	0.100	0.100	0.00711	0.100	0.100	0.120	0.100	0.300	0.115	0	0.00251
77	1152.22	1.20315e-04	3.04	1.44	0.130	0.0264	0.100	0.150	0.100	0.100	0.00752	0.100	0.100	0.120	0.100	0.300	0.115	0	0.00256
78	1155.59	1.19869e-04	3.04	1.44	0.130	0.0263	0.100	0.150	0.100	0.100	0.00757	0.100	0.100	0.120	0.100	0.300	0.115	0	0.00254
79	1158.97	1.19712e-04	3.04	1.44	0.130	0.0262	0.100	0.150	0.100	0.100	0.00763	0.100	0.100	0.120	0.100	0.300	0.115	0	0.00239
80	1162.34	1.19748e-04	3.04	1.44	0.130	0.0262	0.100	0.150	0.100	0.100	0.00724	0.100	0.100	0.120	0.100	0.300	0.115	0	0.00251
81	1165.71	1.20035e-04	3.04	1.44	0.130	0.0261	0.100	0.150	0.100	0.100	0.00729	0.100	0.100	0.120	0.100	0.300	0.115	0	0.00276
82	1169.08	1.20261e-04	3.04	1.44	0.130	0.0260	0.100	0.150	0.100	0.100	0.00734	0.100	0.100	0.120	0.100	0.300	0.115	0	0.00240
83	1172.44	1.20217e-04	3.04	1.44	0.130	0.0259	0.100	0.150	0.100	0.100	0.00694	0.100	0.100	0.120	0.100	0.300	0.115	0	0.00278
84	1175.79	1.19952e-04	3.04	1.44	0.130	0.0259	0.100	0.150	0.100	0.100	0.00699	0.100	0.100	0.120	0.100	0.300	0.115	0	0.00272
85	1179.15	1.19207e-04	3.04	1.44	0.130	0.0258	0.100	0.150	0.100	0.100	0.00704	0.100	0.100	0.120	0.100	0.300	0.115	0	0.00258
86	1182.50	1.18391e-04	3.04	1.44	0.130	0.0257	0.100	0.150	0.100	0.100	0.00697	0.100	0.100	0.120	0.100	0.300	0.115	0	0.00248
87	1185.85	1.17572e-04	3.04	1.44	0.130	0.0256	0.100	0.150	0.100	0.100	0.00702	0.100	0.100	0.120	0.100	0.300	0.115	0	0.00251
88	1189.19	1.1675e-04	3.04	1.44	0.130	0.0256	0.100	0.150	0.100	0.100	0.00707	0.100	0.100	0.120	0.100	0.300	0.115	0	0.00239
89	1192.53	1.15992e-04	3.04	1.44	0.130	0.0255	0.100	0.150	0.100	0.100	0.00738	0.100	0.100	0.120	0.100	0.300	0.115	0	0.00243
90	1195.86	1.1522e-04	3.04	1.44	0.130	0.0254	0.100	0.150	0.100	0.100	0.00742	0.100	0.100	0.120	0.100	0.300	0.115	0	0.00247
91	1199.19	1.14413e-04	3.04	1.44	0.130	0.0254	0.100	0.150	0.100	0.100	0.00746	0.100	0.100	0.120	0.100	0.300	0.115	0	0.00255
92	1202.52	1.1357e-04	3.04	1.44	0.130	0.0253	0.100	0.150	0.100	0.100	0.00753	0.100	0.100	0.120	0.100	0.300	0.115	0	0.00252
93	1205.85	1.12874e-04	3.04	1.44	0.130	0.0252	0.100	0.150	0.100	0.100	0.00758	0.100	0.100	0.120	0.100	0.300	0.115	0	0.00244
94	1209.17	1.12152e-04	3.04	1.44	0.130	0.0251	0.100	0.150	0.100	0.100	0.00762	0.100	0.100	0.120	0.100	0.300	0.115	0	0.00246
95	1212.48	1.1178e-04	3.04	1.44	0.130	0.0251	0.100	0.150	0.100	0.100	0.00764	0.100	0.100	0.120	0.100	0.300	0.115	0	0.00250
96	1215.80	1.11386e-04	3.04	1.44	0.130	0.0250	0.100	0.150	0.100	0.100	0.00768	0.100	0.100	0.120	0.100	0.300	0.115	0	0.00245
97	1219.11	1.11244e-04	3.04	1.44	0.130	0.0249	0.100	0.150	0.100	0.100	0.00772	0.100	0.100	0.120	0.100	0.300	0.115	0	0.00263
98	1222.41	1.11268e-04	3.04	1.44	0.130	0.0249	0.100	0.150	0.100	0.100	0.00776	0.100	0.100	0.120	0.100	0.300	0.115	0	0.00273
99	1225.71	1.11181e-04	3.04	1.44	0.130	0.0248	0.100	0.150	0.100	0.100	0.00780	0.100	0.100	0.120	0.100	0.300	0.115	0	0.00252
100	1229.01	1.11111e-04	3.04	1.44	0.130	0.0247	0.100	0.150	0.100	0.100	0.00784	0.100	0.100	0.120	0.100	0.300	0.115	0	0.00247
101	1232.30	1.1086e-04	3.04	1.44	0.130	0.0247	0.100	0.150	0.100	0.100	0.00785	0.100	0.100	0.120	0.100	0.300	0.115	0	0.00250
102	1235.59	1.10436e-04	3.04	1.44	0.130	0.0246	0.100	0.150	0.100	0.100	0.00789	0.100	0.100	0.120	0.100	0.300	0.115	0	0.00264
103	1238.88	1.10035e-04	3.04	1.44	0.130	0.0245	0.100	0.150	0.100	0.100	0.00792	0.100	0.100	0.120	0.100	0.300	0.115	0	0.00241
104	1242.16	1.0958e-04	3.04	1.44	0.130	0.0245	0.100	0.150	0.100	0.100	0.00798	0.100	0.100	0.120	0.100	0.300	0.115	0	0.00268
105	1245.44	1.09187e-04	3.04	1.44	0.130	0.0244	0.100	0.150	0.100	0.100	0.00802	0.100	0.100	0.120	0.100	0.300	0.115	0	0.00256
106	1248.71	1.08792e-04	3.04	1.44	0.130	0.0243	0.100	0.150	0.100	0.100	0.00805	0.100	0.100	0.120	0.100	0.300	0.115	0	0.00255
107	1251.98	1.08272e-04	3.04	1.44	0.130	0.0243	0.100	0.150	0.100	0.100	0.00825	0.100	0.100	0.120	0.100	0.300	0.115	0	0.00249
108	1255.25	1.0773e-04	3.04	1.44	0.130	0.0242	0.100	0.150	0.100	0.100	0.00829	0.100	0.100	0.120	0.100	0.300	0.115	0	0.00265
109	1258.51	1.06985e-04	3.04	1.44	0.130	0.0242	0.100	0.150	0.100	0.100	0.00832	0.100	0.100	0.120	0.100	0.300	0.115	0	0.00241
110	1261.77	1.06064e-04	3.04	1.44	0.130	0.0241	0.100	0.150	0.100	0.100	0.00867	0.100	0.100	0.120	0.100	0.300	0.115	0	0.00253
111	1265.03	1.04935e-04	3.04	1.44	0.130	0.0240	0.100	0.150	0.100	0.100	0.00870	0.100	0.100	0.120	0.100	0.300	0.115	0	0.00257
112	1268.28	1.03885e-04	3.04	1.44	0.130	0.0240	0.100	0.150	0.100	0.100	0.00873	0.100	0.100	0.120	0.100	0.300	0.115	0	0.00253
113	1271.52	1.02702e-04	3.04	1.44	0.130	0.0239	0.100	0.150	0.100	0.100	0.00844	0.100	0.100	0.120	0.100	0.300	0.115	0	0.00241
114	1274.76	1.01612e-04	3.04	1.44	0.130	0.0238	0.100	0.150	0.100	0.100	0.00847	0.100	0.100	0.120	0.100	0.300	0.115	0	0.00234
115	1278.00	1.00777e-04	3.04	1.44	0.130	0.0238	0.100	0.150	0.100	0.100	0.00851	0.100	0.100	0.120	0.100	0.300	0.115	0	0.00250
116	1281.24	1.00195e-04	3.04	1.44	0.130	0.0237	0.100	0.150	0.100	0.100	0.00854	0.100	0.100	0.120	0.100	0.300	0.115	0	0.00254
117	1284.47	1.00017e-04	3.04	1.44	0.130	0.0237	0.100	0.150	0.100	0.100	0.00857	0.100	0.100	0.120	0.100	0.300	0.115	0	0.00245
118	1287.69	1.00025e-04	3.04	1.44	0.130	0.0236	0.100	0.150	0.100	0.100	0.00860	0.100	0.100	0.120	0.100	0.300	0.115	0	0.00239
119	1290.91	9.99775e-05	3.04	1.44	0.130	0.0235	0.100	0.150	0.100	0.100	0.00895	0.100	0.100	0.120	0.100	0.300	0.115	0	0.00251
120	1294.13	9.99226e-05	3.04	1.44	0.130	0.0235	0.100	0.150	0.100	0.100	0.00898	0.100	0.100	0.120	0.100	0.300	0.115	0	0.00243
121	1297.35	9.97793e-05	3.04	1.44	0.130	0.0234	0.100	0.150	0.100	0.100	0.00901	0.100	0.100	0.120	0.100	0.300	0.115	0	0.00255
122	1300.56	9.96036e-05	3.04	1.44	0.130	0.0234	0.100	0.150	0.100	0.100	0.00872	0.100	0.100	0.120	0.100	0.300	0.115	0	0.00263
123	1303.76	9.94994e-05	3.04	1.44	0.130	0.0233	0.100	0.150	0.100	0.100	0.00875	0.100	0.100	0.120	0.100	0.300	0.115	0	0.00253
124	1306.96	9.95093e-05	3.04	1.44	0.130	0.0233	0.100	0.150	0.100	0.100	0.00878	0.100	0.100	0.120	0.100	0.300	0.115	0	0.00247
125	1310.16	9.9505e-05	3.04	1.44	0.130	0.0232	0.100	0.150	0.100	0.100	0.00861	0.100	0.100	0.120	0.100	0.300	0.115	0	0.00247
126	1313.35	9.94472e-05	3.04	1.44	0.130	0.0231	0.100	0.150	0.100	0.100	0.00864	0.100	0.100	0.120	0.100	0.300	0.115	0	0.00251
127	1316.54	9.94478e-05	3.04	1.44	0.130	0.0231	0.100	0.150	0.100	0.100	0.00867	0.100	0.100	0.120	0.100	0.300	0.115	0	0.00262
128	1319.72	9.92998e-05	3.04	1.44	0.130	0.0230	0.100	0.150	0.100	0.100	0.00869	0.100	0.100	0.120	0.100	0.300	0.115	0	0.00250
129	1322.90	9.9158e-05	3.04	1.44	0.130	0.0230	0.100	0.150	0.100	0.100	0.00870	0.100	0.100	0.120	0.100	0.300	0.115	0	0.00260
130	1326.08	9.89039e-05	3.04	1.44	0.130	0.0229	0.100	0.150	0.100	0.100	0.00873	0.100	0.100	0.120	0.100	0.300	0.115	0	0.00257
131	1329.25	9.86176e-05	3.04	1.44	0.130	0.0229	0.100	0.150	0.100	0.100	0.00876	0.100	0.100	0.120	0.100	0.300	0.115	0	0.00258
132	1332.42	9.82426e-05	3.04	1.44	0.130	0.0228	0.100	0.150	0.100	0.100	0.00896	0.100	0.100	0.120	0.100	0.300	0.115	0	0.00250
133	1335.58	9.79714e-05	3.04	1.44	0.130	0.0228	0.100	0.150	0.100	0.100	0.00899	0.100	0.100	0.120	0.100	0.300	0.115	0	0.00259
134	1338.74	9.76929e-05	3.04	1.44	0.130	0.0227	0.100	0.150	0.100	0.100	0.00901	0.100	0.100	0.120	0.100	0.300	0.115	0	0.00238
135	1341.90	9.74093e-05	3.04	1.44	0.130	0.0227	0.100	0.150	0.100	0.100	0.00954	0.100	0.100	0.120	0.100	0.300	0.115	0	0.00252
136	1345.05	9.73471e-05	3.04	1.44	0.130	0.0226	0.100	0.150	0.100	0.100	0.00957	0.100	0.100	0.120	0.100	0.300	0.115	0	0.00243
137	1348.19	9.7513e-05	3.04	1.44	0.130	0.0225	0.100	0.150	0.100	0.100	0.00959	0.100	0.100	0.120	0.100	0.300	0.115	0	0.00265
138	1351.33	9.78907e-05	3.04	1.44	0.130	0.0225	0.100	0.150	0.100	0.100	0.00979	0.100	0.100	0.120	0.100	0.300	0.115	0	0.00251
139	1354.47	9.84869e-05	3.04	1.44	0.130	0.0224	0.100	0.150	0.100	0.100	0.00982	0.100	0.100	0.120	0.100	0.300	0.115	0	0.00266
140	1357.60	9.92346e-05	3.04	1.44	0.130	0.0224	0.100	0.150	0.100	0.100	0.00984	0.100	0.100	0.120	0.100	0.300	0.115	0	0.00270
141	1360.73	9.96842e-05	3.04	1.44	0.130	0.0223	0.100	0.150	0.100	0.100	0.00967	0.100	0.100	0.120	0.100	0.300	0.115	0	0.00255
142	1363.86	9.97023e-05	3.04	1.44	0.130	0.0223	0.100	0.150	0.100	0.100	0.00969	0.100	0.100	0.120	0.100	0.300	0.115	0	0.00249
143	1366.97	9.94311e-05	3.04	1.44	0.130	0.0222	0.100	0.150	0.100	0.100	0.00971	0.100	0.100	0.120	0.100	0.300	0.115	0	0.00265
144	1370.09	9.91118e-05	3.04	1.44	0.130	0.0222	0.100	0.150	0.100	0.100	0.00947	0.100	0.100	0.120	0.100	0.300	0.115	0	0.00251
145	1373.20	9.92739e-05	3.04	1.44	0.130	0.0221	0.100	0.150	0.100	0.100	0.00944	0.100	0.100	0.120	0.100	0.300	0.115	0	0.00256
146	1376.31	1.00293e-04	3.04	1.44	0.130	0.0221	0.100	0.150	0.100	0.100	0.00946	0.100	0.100	0.120	0.100	0.300	0.115	0	0.00261
147	1379.41	1.02247e-04	3.04	1.44	0.130	0.0220	0.100	0.150	0.100	0.100	0.00948	0.100	0.100	0.120	0.100	0.300	0.115	0	0.00257
148	1382.51	1.03625e-04	3.04	1.44	0.130	0.0220	0.100	0.150	0.100	0.100	0.00965	0.100	0.100	0.120	0.100	0.300	0.115	0	0.00260
149	1385.60	1.03915e-04	3.04	1.44	0.130	0.0219	0.100	0.150	0.100	0.100	0.00967	0.100	0.100	0.120	0.100	0.300	0.115	0	0.00260
150	1388.69	1.03891e-04	3.04	1.44	0.130	0.0219	0.100	0.150	0.100	0.100	0.00969	0.100	0.100	0.120	0.100	0.300	0.115	0	0.00287
151	1391.77	1.04527e-04	3.05	1.45	0.130	0.0218	0.100	0.150	0.100	0.100	0.00942	0.100	0.100	0.120	0.100	0.300	0.115	0	0.00268
152	1394.85	1.05282e-04	3.06	1.46	0.130	0.0218	0.100	0.150	0.100	0.100	0.00944	0.100	0.100	0.120	0.100	0.300	0.115	0	0.00277
153	1397.93	1.05808e-04	3.08	1.47	0.130	0.0217	0.100	0.150	0.100	0.100	0.00946	0.100	0.100	0.120	0.100	0.300	0.115	0	0.00298
154	1401.00	1.0607e-04	3.09	1.48	0.130	0.0217	0.100	0.150	0.100	0.100	0.00928	0.100	0.100	0.120	0.100	0.300	0.115	0	0.00269
155	1404.06	1.06218e-04	3.10	1.48	0.130	0.0217	0.100	0.150	0.100	0.100	0.00930	0.100	0.100	0.120	0.100	0.300	0.115	0	0.00281
156	1407.12	1.0604e-04	3.10	1.48	0.130	0.0216	0.100	0.150	0.100	0.100	0.00932	0.100	0.100	0.120	0.100	0.300	0.115	0	0.00275
157	1410.18	1.05782e-04	3.10	1.48	0.130	0.0216	0.100	0.150	0.100	0.100	0.00936	0.100	0.100	0.120	0.100	0.300	0.115	0	0.00283
158	1413.23	1.05143e-04	3.10	1.48	0.130	0.0215	0.100	0.150	0.100	0.100	0.00938	0.100	0.100	0.120	0.100	0.300	0.115	0	0.00286
159	1416.28	1.04693e-04	3.10	1.48	0.130	0.0215	0.100	0.150	0.100	0.100	0.00940	0.100	0.100	0.120	0.100	0.300	0.115	0	0.00287
160	1419.32	1.04311e-04	3.10	1.48	0.130	0.0214	0.100	0.150	0.100	0.100	0.00942	0.100	0.100	0.120	0.100	0.300	0.115	0	0.00310
161	1422.36	1.03868e-04	3.10	1.48	0.130	0.0214	0.100	0.150	0.100	0.100	0.00944	0.100	0.100	0.120	0.100	0.300	0.115	0	0.00285
162	1425.39	1.03423e-04	3.10	1.48	0.130	0.0213	0.100	0.150	0.100	0.100	0.00946	0.100	0.100	0.120	0.100	0.300	0.115	0	0.00286
163	1428.42	1.03178e-04	3.10	1.48	0.130	0.0213	0.100	0.150	0.100	0.100	0.00948	0.100	0.100	0.120	0.100	0.300	0.115	0	0.00267
164	1431.45	1.02698e-04	3.10	1.48	0.130	0.0212	0.100	0.150	0.100	0.100	0.00950	0.100	0.100	0.120	0.100	0.300	0.115	0	0.00297
165	1434.47	1.02428e-04	3.10	1.48	0.130	0.0212	0.100	0.150	0.100	0.100	0.00951	0.100	0.100	0.120	0.100	0.300	0.115	0	0.00276
166	1437.48	1.02132e-04	3.10	1.48	0.130	0.0211	0.100	0.150	0.100	0.100	0.00953	0.100	0.100	0.120	0.100	0.300	0.115	0	0.00271
167	1440.49	1.01772e-04	3.10	1.48	0.130	0.0211	0.100	0.150	0.100	0.100	0.00955	0.100	0.100	0.120	0.100	0.300	0.115	0	0.00287
168	1443.50	1.01276e-04	3.08	1.47	0.130	0.0211	0.100	0.150	0.100	0.100	0.00957	0.100	0.100	0.120	0.100	0.300	0.115	0	0.00288
169	1446.50	1.00974e-04	3.06	1.46	0.130	0.0210	0.100	0.150	0.100	0.100	0.00958	0.100	0.100	0.120	0.100	0.300	0.115	0	0.00279
170	1449.49	1.00757e-04	3.04	1.45	0.130	0.0210	0.100	0.150	0.100	0.100	0.00960	0.100	0.100	0.120	0.100	0.300	0.115	0	0.00266
171	1452.49	1.00737e-04	3.07	1.46	0.130	0.0209	0.100	0.150	0.100	0.100	0.00962	0.100	0.100	0.120	0.100	0.300	0.115	0	0.00306
172	1455.47	1.00838e-04	3.10	1.48	0.130	0.0209	0.100	0.150	0.100	0.100	0.00963	0.100	0.100	0.120	0.100	0.300	0.115	0	0.00279
173	1458.45	1.01093e-04	3.13	1.50	0.130	0.0208	0.100	0.150	0.100	0.100	0.00965	0.100	0.100	0.120	0.100	0.300	0.115	0	0.00264
174	1461.43	1.01326e-04	3.15	1.51	0.130	0.0208	0.100	0.150	0.100	0.100	0.00966	0.100	0.100	0.120	0.100	0.300	0.115	0	0.00278
175	1464.40	1.01718e-04	3.16	1.51	0.130	0.0208	0.100	0.150	0.100	0.100	0.00968	0.100	0.100	0.120	0.100	0.300	0.115	0	0.00304
176	1467.37	1.02106e-04	3.16	1.51	0.130	0.0207	0.100	0.150	0.100	0.100	0.00970	0.100	0.100	0.120	0.100	0.300	0.115	0	0.00291
177	1470.33	1.0244e-04	3.16	1.51	0.130	0.0207	0.100	0.150	0.100	0.100	0.00971	0.100	0.100	0.120	0.100	0.300	0.115	0	0.00300
178	1473.29	1.02717e-04	3.16	1.51	0.130	0.0206	0.100	0.150	0.100	0.100	0.00973	0.100	0.100	0.120	0.100	0.300	0.115	0	0.00285
179	1476.25	1.03079e-04	3.16	1.51	0.130	0.0206	0.100	0.150	0.100	0.100	0.00974	0.100	0.100	0.120	0.100	0.300	0.115	0	0.00298
180	1479.19	1.03265e-04	3.16	1.51	0.130	0.0206	0.100	0.150	0.100	0.100	0.00976	0.100	0.100	0.120	0.100	0.300	0.115	0	0.00291
181	1482.14	1.03442e-04	3.16	1.51	0.130	0.0205	0.100	0.150	0.100	0.100	0.00977	0.100	0.100	0.120	0.100	0.300	0.115	0	0.00296
182	1485.08	1.03779e-04	3.16	1.51	0.130	0.0205	0.100	0.150	0.100	0.100	0.00978	0.100	0.100	0.120	0.100	0.300	0.115	0	0.00314
183	1488.01	1.03986e-04	3.15	1.51	0.130	0.0204	0.100	0.150	0.100	0.100	0.00980	0.100	0.100	0.120	0.100	0.300	0.115	0	0.00290
184	1490.94	1.04373e-04	3.15	1.50	0.130	0.0204	0.100	0.150	0.100	0.100	0.00981	0.100	0.100	0.120	0.100	0.300	0.115	0	0.00309
185	1493.86	1.04648e-04	3.14	1.50	0.130	0.0203	0.100	0.150	0.100	0.100	0.00982	0.100	0.100	0.120	0.100	0.300	0.115	0	0.00314
186	1496.78	1.04955e-04	3.13	1.49	0.130	0.0203	0.100	0.150	0.100	0.100	0.00983	0.100	0.100	0.120	0.100	0.300	0.115	0	0.00288
187	1499.70	1.05351e-04	3.12	1.49	0.130	0.0203	0.100	0.150	0.100	0.100	0.00985	0.100	0.100	0.120	0.100	0.300	0.115	0	0.00289
188	1502.60	1.05789e-04	3.12	1.49	0.130	0.0202	0.100	0.150	0.100	0.100	0.00984	0.100	0.100	0.120	0.100	0.300	0.115	0	0.00312
189	1505.51	1.06111e-04	3.12	1.49	0.130	0.0202	0.100	0.150	0.100	0.100	0.00985	0.100	0.100	0.120	0.100	0.300	0.115	0	0.00306
190	1508.41	1.06537e-04	3.12	1.49	0.130	0.0202	0.100	0.150	0.100	0.100	0.00986	0.100	0.100	0.120	0.100	0.300	0.115	0	0.00297
191	1511.30	1.06784e-04	3.12	1.49	0.130	0.0201	0.100	0.150	0.100	0.100	0.0101	0.100	0.100	0.120	0.100	0.300	0.115	0	0.00297
192	1514.19	1.07209e-04	3.12	1.49	0.130	0.0201	0.100	0.150	0.100	0.100	0.0101	0.100	0.100	0.120	0.100	0.300	0.115	0	0.00310
193	1517.08	1.07492e-04	3.12	1.49	0.130	0.0200	0.100	0.150	0.100	0.100	0.0101	0.100	0.100	0.120	0.100	0.300	0.115	0	0.00309
194	1519.96	1.07854e-04	3.12	1.49	0.130	0.0200	0.100	0.150	0.100	0.100	0.0102	0.100	0.100	0.120	0.100	0.300	0.115	0	0.00315
195	1522.83	1.08187e-04	3.12	1.49	0.130	0.0200	0.100	0.150	0.100	0.100	0.0104	0.100	0.100	0.120	0.100	0.300	0.115	0	0.00323
196	1525.70	1.08482e-04	3.12	1.49	0.130	0.0199	0.100	0.150	0.100	0.100	0.0105	0.100	0.100	0.120	0.100	0.300	0.115	0	0.00320
197	1528.56	1.08794e-04	3.12	1.49	0.130	0.0199	0.100	0.150	0.100	0.100	0.0105	0.100	0.100	0.120	0.100	0.300	0.115	0	0.00312
198	1531.42	1.09155e-04	3.12	1.49	0.130	0.0199	0.100	0.150	0.100	0.100	0.0102	0.100	0.100	0.120	0.100	0.300	0.115	0	0.00305
199	1534.28	1.09512e-04	3.12	1.49	0.130	0.0198	0.100	0.150	0.100	0.100	0.0102	0.100	0.100	0.120	0.100	0.300	0.115	0	0.00326
200	1537.13	1.09833e-04	3.12	1.49	0.130	0.0198	0.100	0.150	0.100	0.100	0.0102	0.100	0.100	0.120	0.100	0.300	0.115	0	0.00308
201	1539.97	1.10417e-04	3.12	1.49	0.130	0.0197	0.100	0.150	0.100	0.100	0.0101	0.100	0.100	0.120	0.100	0.300	0.115	0	0.00345
202	1542.81	1.10889e-04	3.10	1.48	0.130	0.0197	0.100	0.150	0.100	0.100	0.00999	0.100	0.100	0.120	0.100	0.300	0.115	0	0.00319
203	1545.64	1.1136e-04	3.08	1.47	0.130	0.0197	0.100	0.150	0.100	0.100	0.0100	0.100	0.100	0.120	0.100	0.300	0.115	0	0.00320
204	1548.47	1.12013e-04	3.07	1.46	0.130	0.0196	0.100	0.150	0.100	0.100	0.0100	0.100	0.100	0.120	0.100	0.300	0.115	0	0.00327
205	1551.29	1.12467e-04	3.06	1.46	0.130	0.0196	0.100	0.150	0.100	0.100	0.0103	0.100	0.100	0.120	0.100	0.300	0.115	0	0.00319
206	1554.11	1.13059e-04	3.06	1.46	0.130	0.0196	0.100	0.150	0.100	0.100	0.0103	0.100	0.100	0.120	0.100	0.300	0.115	0	0.00331
207	1556.93	1.13564e-04	3.06	1.46	0.130	0.0195	0.100	0.150	0.100	0.100	0.0103	0.100	0.100	0.120	0.100	0.300	0.115	0	0.00329
208	1559.74	1.14109e-04	3.06	1.46	0.130	0.0195	0.100	0.150	0.100	0.100	0.0103	0.100	0.100	0.120	0.100	0.300	0.115	0	0.00377
209	1562.54	1.14572e-04	3.06	1.46	0.130	0.0195	0.100	0.150	0.100	0.100	0.0106	0.100	0.100	0.120	0.100	0.300	0.115	0	0.00337
210	1565.34	1.1497e-04	3.06	1.46	0.130	0.0194	0.100	0.150	0.100	0.100	0.0107	0.100	0.100	0.120	0.100	0.300	0.115	0	0.00353
211	1568.13	1.15501e-04	3.06	1.46	0.130	0.0194	0.100	0.150	0.100	0.100	0.0107	0.100	0.100	0.120	0.100	0.300	0.115	0	0.00335
212	1570.92	1.16008e-04	3.06	1.46	0.130	0.0194	0.100	0.150	0.100	0.100	0.0100	0.100	0.100	0.120	0.100	0.300	0.115	0	0.00333
213	1573.70	1.16444e-04	3.06	1.46	0.130	0.0193	0.100	0.150	0.100	0.100	0.0100	0.100	0.100	0.120	0.100	0.300	0.115	0	0.00353
214	1576.48	1.16991e-04	3.06	1.46	0.130	0.0193	0.100	0.150	0.100	0.100	0.0100	0.100	0.100	0.120	0.100	0.300	0.115	0	0.00304
215	1579.25	1.17654e-04	3.06	1.46	0.130	0.0192	0.100	0.150	0.100	0.100	0.0100	0.100	0.100	0.120	0.100	0.300	0.115	0	0.00331
216	1582.01	1.18264e-04	3.06	1.46	0.130	0.0192	0.100	0.150	0.100	0.100	0.00994	0.100	0.100	0.120	0.100	0.300	0.115	0	0.00331
217	1584.78	1.18959e-04	3.06	1.46	0.130	0.0192	0.100	0.150	0.100	0.100	0.00995	0.100	0.100	0.120	0.100	0.300	0.115	0	0.00357
218	1587.53	1.19662e-04	3.06	1.46	0.130	0.0191	0.100	0.150	0.100	0.100	0.00996	0.100	0.100	0.120	0.100	0.300	0.115	0	0.00367
219	1590.28	1.20469e-04	3.06	1.45	0.130	0.0191	0.100	0.150	0.100	0.100	0.0106	0.100	0.100	0.120	0.100	0.300	0.115	0	0.00360
220	1593.03	1.21312e-04	3.05	1.45	0.130	0.0191	0.100	0.150	0.100	0.100	0.0106	0.100	0.100	0.120	0.100	0.300	0.115	0	0.00399
221	1595.77	1.22136e-04	3.05	1.45	0.130	0.0191	0.100	0.150	0.100	0.100	0.0106	0.100	0.100	0.120	0.100	0.300	0.115	0	0.00365
222	1598.50	1.2303e-04	3.05	1.45	0.130	0.0190	0.100	0.150	0.100	0.100	0.0106	0.100	0.100	0.120	0.100	0.300	0.115	0	0.00356
223	1601.23	1.24033e-04	3.06	1.46	0.130	0.0190	0.100	0.150	0.100	0.100	0.0108	0.100	0.100	0.120	0.100	0.300	0.115	0	0.00355
224	1603.96	1.24886e-04	3.09	1.47	0.130	0.0190	0.100	0.150	0.100	0.100	0.0109	0.100	0.100	0.120	0.100	0.300	0.115	0	0.00359
225	1606.68	1.25901e-04	3.12	1.49	0.130	0.0189	0.100	0.150	0.100	0.100	0.0109	0.100	0.100	0.120	0.100	0.300	0.115	0	0.00442
226	1609.39	1.26959e-04	3.14	1.50	0.130	0.0189	0.100	0.150	0.100	0.100	0.0109	0.100	0.100	0.120	0.100	0.300	0.115	0	0.00380
227	1612.10	1.28089e-04	3.15	1.50	0.130	0.0189	0.100	0.150	0.100	0.100	0.0106	0.100	0.100	0.120	0.100	0.300	0.115	0	0.00423
228	1614.80	1.29419e-04	3.15	1.50	0.130	0.0188	0.100	0.150	0.100	0.100	0.0106	0.100	0.100	0.120	0.100	0.300	0.115	0	0.00394
229	1617.50	1.30564e-04	3.15	1.50	0.130	0.0188	0.100	0.150	0.100	0.100	0.0107	0.100	0.100	0.120	0.100	0.300	0.115	0	0.00396
230	1620.19	1.31925e-04	3.15	1.50	0.130	0.0188	0.100	0.150	0.100	0.100	0.0108	0.100	0.100	0.120	0.100	0.300	0.115	0	0.00387
231	1622.88	1.33596e-04	3.15	1.50	0.130	0.0187	0.100	0.150	0.100	0.100	0.0108	0.100	0.100	0.120	0.100	0.300	0.115	0	0.00404
232	1625.56	1.35455e-04	3.15	1.50	0.130	0.0187	0.100	0.150	0.100	0.100	0.0108	0.100	0.100	0.120	0.100	0.300	0.115	0	0.00410
233	1628.24	1.37605e-04	3.15	1.50	0.130	0.0187	0.100	0.150	0.100	0.100	0.0108	0.100	0.100	0.120	0.100	0.300	0.115	0	0.00423
234	1630.91	1.40228e-04	3.15	1.50	0.130	0.0186	0.100	0.150	0.100	0.100	0.0115	0.100	0.100	0.120	0.100	0.300	0.115	0	0.00440
235	1633.57	1.43394e-04	3.15	1.50	0.130	0.0186	0.100	0.150	0.100	0.100	0.0115	0.100	0.100	0.120	0.100	0.300	0.115	0	0.00428
236	1636.23	1.46928e-04	3.15	1.50	0.130	0.0186	0.100	0.150	0.100	0.100	0.0115	0.100	0.100	0.120	0.100	0.300	0.115	0	0.00488
237	1638.89	1.52249e-04	3.15	1.50	0.130	0.0185	0.100	0.150	0.100	0.100	0.0115	0.100	0.100	0.120	0.100	0.300	0.115	0	0.00486
238	1641.54	1.59225e-04	3.15	1.50	0.130	0.0185	0.100	0.150	0.100	0.100	0.0121	0.100	0.100	0.120	0.100	0.300	0.115	0	0.00523
239	1644.18	1.68889e-04	3.15	1.50	0.130	0.0185	0.100	0.150	0.100	0.100	0.0121	0.100	0.100	0.120	0.100	0.300	0.115	0	0.00629
240	1646.82	1.82052e-04	3.15	1.50	0.130	0.0185	0.100	0.150	0.100	0.100	0.0121	0.100	0.100	0.120	0.100	0.300	0.115	0	0.00668
241	1649.45	1.99952e-04	3.15	1.50	0.130	0.0184	0.100	0.150	0.100	0.100	0.0121	0.100	0.100	0.120	0.100	0.300	0.115	0	0.00767
242	1652.08	2.2356e-04	3.18	1.50	0.130	0.0184	0.100	0.250	0.100	0.100	0.0113	0.100	0.100	0.120	0.100	0.300	0.115	0	0.00856
243	1654.70	2.54663e-04	3.18	1.50	0.130	0.0184	0.100	0.250	0.100	0.100	0.0113	0.100	0.100	0.120	0.100	0.300	0.115	0	0.00950
244	1657.32	2.9316e-04	3.18	1.50	0.130	0.0183	0.100	0.250	0.100	0.100	0.0113	0.100	0.100	0.120	0.100	0.300	0.115	0	0.0108
245	1659.93	3.41007e-04	3.18	1.50	0.130	0.0183	0.100	0.250	0.100	0.100	0.0114	0.100	0.100	0.120	0.100	0.300	0.115	0	0.0122
246	1662.53	3.97044e-04	3.18	1.50	0.130	0.0183	0.100	0.250	0.100	0.100	0.0120	0.100	0.100	0.120	0.100	0.300	0.115	0	0.0148
247	1665.13	4.63989e-04	3.18	1.50	0.130	0.0183	0.100	0.250	0.100	0.100	0.0120	0.100	0.100	0.120	0.100	0.300	0.115	0	0.0148
248	1667.72	5.40208e-04	3.18	1.50	0.130	0.0182	0.100	0.250	0.100	0.100	0.0120	0.100	0.100	0.120	0.100	0.300	0.115	0	0.0169
249	1670.31	6.27449e-04	3.18	1.50	0.130	0.0182	0.100	0.250	0.100	0.100	0.0136	0.100	0.100	0.120	0.100	0.300	0.115	0	0.0190
250	1672.89	7.28889e-04	3.18	1.50	0.130	0.0182	0.100	0.250	0.100	0.100	0.0136	0.100	0.100	0.120	0.100	0.300	0.115	0	0.0217
251	1675.47	8.42947e-04	3.18	1.50	0.130	0.0181	0.100	0.250	0.100	0.100	0.0136	0.100	0.100	0.120	0.100	0.300	0.115	0	0.0249
252	1678.04	9.71495e-04	3.18	1.50	0.130	0.0181	0.100	0.250	0.100	0.100	0.0136	0.100	0.100	0.120	0.100	0.300	0.115	0	0.0289
253	1680.61	1.1142e-03	3.18	1.50	0.130	0.0181	0.100	0.250	0.100	0.100	0.0110	0.100	0.100	0.120	0.100	0.300	0.115	0	0.0370
254	1683.17	1.2741e-03	3.18	1.50	0.130	0.0181	0.100	0.250	0.100	0.100	0.0110	0.100	0.100	0.120	0.100	0.300	0.115	0	0.0401
255	1685.72	1.47024e-03	3.18	1.50	0.130	0.0180	0.100	0.250	0.100	0.100	0.0110	0.100	0.100	0.120	0.100	0.300	0.115	0	0.0427
