# hypstar_221461_radcal_E_220104_swir.dat
# File was created 2022-01-06 16:11:51 UTC
#
# Calibrated by Joel Kuusk, Tartu Observatory, University of Tartu, 2022-01-04
#
# Applied corrections:
# nonlinearity	hypstar_221461_nonlin_corr_coefs_220105.dat
# wavelength	hypstar_221461_wl_coefs_220105.dat
# thermal	none
# stray light	none
#
# E [mW m-2 nm-1] = DN / inttime_ms * 1000 * cal_coef
# Pixel counting starts from 0
#
# px	wl	cal_coef	u_cal_coef(k=2)	u_lamp(k=1)	u_aging(k=1)	u_power(k=1)	u_align_lamp(k=1)	u_panel(k=1)	u_interp_panel(k=1)	u_align_panel(k=1)	u_wl_source(k=1)	u_lab_stray(k=1)	u_panel_backrefl(k=1)	u_dist(k=1)	u_align(k=1)	u_temp(k=1)	u_lin(k=1)	u_stray(k=1)	u_typeA(k=1)
0	882.01	2.61261e-02	1.70	0.613	0.130	0.0345	0.100	0	0	0	0.000804	0.100	0	0.440	0.100	0.300	0.115	0	0.00971
1	885.63	2.14488e-02	1.70	0.613	0.130	0.0343	0.100	0	0	0	0.000464	0.100	0	0.440	0.100	0.300	0.115	0	0.00923
2	889.25	2.03855e-02	1.70	0.613	0.130	0.0342	0.100	0	0	0	0.000121	0.100	0	0.440	0.100	0.300	0.115	0	0.00757
3	892.87	1.9575e-02	1.70	0.613	0.130	0.0340	0.100	0	0	0	0.000226	0.100	0	0.440	0.100	0.300	0.115	0	0.00813
4	896.48	1.87704e-02	1.70	0.613	0.130	0.0339	0.100	0	0	0	0.000575	0.100	0	0.440	0.100	0.300	0.115	0	0.00693
5	900.09	1.79242e-02	3.71	1.76	0.130	0.0338	0.100	0	0	0	0.135	0.100	0	0.440	0.100	0.300	0.115	0	0.00785
6	903.70	1.71997e-02	3.70	1.76	0.130	0.0336	0.100	0	0	0	0.000584	0.100	0	0.440	0.100	0.300	0.115	0	0.00717
7	907.31	1.6436e-02	3.70	1.76	0.130	0.0335	0.100	0	0	0	0.000409	0.100	0	0.440	0.100	0.300	0.115	0	0.00728
8	910.91	1.56049e-02	3.70	1.76	0.130	0.0334	0.100	0	0	0	0.000237	0.100	0	0.440	0.100	0.300	0.115	0	0.00622
9	914.51	1.46222e-02	3.70	1.76	0.130	0.0332	0.100	0	0	0	0.0000674	0.100	0	0.440	0.100	0.300	0.115	0	0.00689
10	918.11	1.32499e-02	3.70	1.76	0.130	0.0331	0.100	0	0	0	0.0000993	0.100	0	0.440	0.100	0.300	0.115	0	0.00559
11	921.70	1.17658e-02	3.70	1.76	0.130	0.0330	0.100	0	0	0	0.000263	0.100	0	0.440	0.100	0.300	0.115	0	0.00492
12	925.29	1.06525e-02	3.70	1.76	0.130	0.0329	0.100	0	0	0	0.000425	0.100	0	0.440	0.100	0.300	0.115	0	0.00455
13	928.88	9.99573e-03	3.70	1.76	0.130	0.0327	0.100	0	0	0	0.000583	0.100	0	0.440	0.100	0.300	0.115	0	0.00448
14	932.47	9.55103e-03	3.70	1.76	0.130	0.0326	0.100	0	0	0	0.000739	0.100	0	0.440	0.100	0.300	0.115	0	0.00381
15	936.05	9.23021e-03	3.70	1.76	0.130	0.0325	0.100	0	0	0	0.000892	0.100	0	0.440	0.100	0.300	0.115	0	0.00416
16	939.63	9.00893e-03	3.70	1.76	0.130	0.0324	0.100	0	0	0	0.00104	0.100	0	0.440	0.100	0.300	0.115	0	0.00367
17	943.21	8.85629e-03	3.70	1.76	0.130	0.0322	0.100	0	0	0	0.00119	0.100	0	0.440	0.100	0.300	0.115	0	0.00405
18	946.78	8.71726e-03	3.70	1.76	0.130	0.0321	0.100	0	0	0	0.00134	0.100	0	0.440	0.100	0.300	0.115	0	0.00403
19	950.35	8.56396e-03	3.70	1.76	0.130	0.0320	0.100	0	0	0	0.00148	0.100	0	0.440	0.100	0.300	0.115	0	0.00370
20	953.92	8.44732e-03	3.70	1.76	0.130	0.0319	0.100	0	0	0	0.00162	0.100	0	0.440	0.100	0.300	0.115	0	0.00386
21	957.49	8.34904e-03	3.70	1.76	0.130	0.0317	0.100	0	0	0	0.00176	0.100	0	0.440	0.100	0.300	0.115	0	0.00370
22	961.05	8.22823e-03	3.70	1.76	0.130	0.0316	0.100	0	0	0	0.00190	0.100	0	0.440	0.100	0.300	0.115	0	0.00361
23	964.61	8.06608e-03	3.70	1.76	0.130	0.0315	0.100	0	0	0	0.00203	0.100	0	0.440	0.100	0.300	0.115	0	0.00361
24	968.16	7.91598e-03	3.70	1.76	0.130	0.0314	0.100	0	0	0	0.00216	0.100	0	0.440	0.100	0.300	0.115	0	0.00382
25	971.72	7.78685e-03	3.70	1.76	0.130	0.0313	0.100	0	0	0	0.00229	0.100	0	0.440	0.100	0.300	0.115	0	0.00343
26	975.27	7.68853e-03	3.70	1.76	0.130	0.0312	0.100	0	0	0	0.00242	0.100	0	0.440	0.100	0.300	0.115	0	0.00342
27	978.81	7.5568e-03	3.70	1.76	0.130	0.0311	0.100	0	0	0	0.00255	0.100	0	0.440	0.100	0.300	0.115	0	0.00342
28	982.36	7.4125e-03	3.70	1.76	0.130	0.0309	0.100	0	0	0	0.00267	0.100	0	0.440	0.100	0.300	0.115	0	0.00312
29	985.90	7.29087e-03	3.70	1.76	0.130	0.0308	0.100	0	0	0	0.00279	0.100	0	0.440	0.100	0.300	0.115	0	0.00345
30	989.44	7.20039e-03	3.70	1.76	0.130	0.0307	0.100	0	0	0	0.00291	0.100	0	0.440	0.100	0.300	0.115	0	0.00332
31	992.97	7.12302e-03	3.70	1.76	0.130	0.0306	0.100	0	0	0	0.00303	0.100	0	0.440	0.100	0.300	0.115	0	0.00327
32	996.50	7.01908e-03	3.70	1.76	0.130	0.0305	0.100	0	0	0	0.00315	0.100	0	0.440	0.100	0.300	0.115	0	0.00317
33	1000.03	6.89795e-03	3.70	1.75	0.130	0.0304	0.100	0	0	0	0.00326	0.100	0	0.440	0.100	0.300	0.115	0	0.00321
34	1003.56	6.80413e-03	3.56	1.68	0.130	0.0303	0.100	0	0	0	0.00337	0.100	0	0.440	0.100	0.300	0.115	0	0.00315
35	1007.08	6.73701e-03	3.42	1.61	0.130	0.0302	0.100	0	0	0	0.00348	0.100	0	0.440	0.100	0.300	0.115	0	0.00293
36	1010.60	6.69998e-03	3.31	1.54	0.130	0.0301	0.100	0	0	0	0.00359	0.100	0	0.440	0.100	0.300	0.115	0	0.00322
37	1014.11	6.63001e-03	3.31	1.54	0.130	0.0300	0.100	0	0	0	0.00370	0.100	0	0.440	0.100	0.300	0.115	0	0.00310
38	1017.63	6.55016e-03	3.31	1.54	0.130	0.0299	0.100	0	0	0	0.00380	0.100	0	0.440	0.100	0.300	0.115	0	0.00341
39	1021.14	6.47647e-03	3.31	1.54	0.130	0.0298	0.100	0	0	0	0.00390	0.100	0	0.440	0.100	0.300	0.115	0	0.00292
40	1024.64	6.41893e-03	3.31	1.54	0.130	0.0297	0.100	0	0	0	0.00401	0.100	0	0.440	0.100	0.300	0.115	0	0.00323
41	1028.15	6.39714e-03	3.31	1.54	0.130	0.0296	0.100	0	0	0	0.00411	0.100	0	0.440	0.100	0.300	0.115	0	0.00302
42	1031.65	6.3635e-03	3.31	1.54	0.130	0.0295	0.100	0	0	0	0.00420	0.100	0	0.440	0.100	0.300	0.115	0	0.00297
43	1035.14	6.31285e-03	3.31	1.54	0.130	0.0294	0.100	0	0	0	0.00430	0.100	0	0.440	0.100	0.300	0.115	0	0.00302
44	1038.64	6.25426e-03	3.31	1.54	0.130	0.0293	0.100	0	0	0	0.00439	0.100	0	0.440	0.100	0.300	0.115	0	0.00312
45	1042.13	6.21829e-03	3.31	1.54	0.130	0.0292	0.100	0	0	0	0.00449	0.100	0	0.440	0.100	0.300	0.115	0	0.00316
46	1045.61	6.20484e-03	3.31	1.54	0.130	0.0291	0.100	0	0	0	0.00458	0.100	0	0.440	0.100	0.300	0.115	0	0.00308
47	1049.10	6.20818e-03	3.31	1.54	0.130	0.0290	0.100	0	0	0	0.00467	0.100	0	0.440	0.100	0.300	0.115	0	0.00315
48	1052.58	6.20847e-03	3.31	1.54	0.130	0.0289	0.100	0	0	0	0.00476	0.100	0	0.440	0.100	0.300	0.115	0	0.00322
49	1056.06	6.2035e-03	3.31	1.54	0.130	0.0288	0.100	0	0	0	0.00485	0.100	0	0.440	0.100	0.300	0.115	0	0.00306
50	1059.53	6.17723e-03	3.31	1.54	0.130	0.0287	0.100	0	0	0	0.00493	0.100	0	0.440	0.100	0.300	0.115	0	0.00305
51	1063.00	6.16368e-03	3.31	1.54	0.130	0.0286	0.100	0	0	0	0.00502	0.100	0	0.440	0.100	0.300	0.115	0	0.00336
52	1066.47	6.16495e-03	3.31	1.54	0.130	0.0285	0.100	0	0	0	0.00510	0.100	0	0.440	0.100	0.300	0.115	0	0.00289
53	1069.93	6.17133e-03	3.31	1.54	0.130	0.0284	0.100	0	0	0	0.00518	0.100	0	0.440	0.100	0.300	0.115	0	0.00312
54	1073.39	6.1792e-03	3.31	1.54	0.130	0.0283	0.100	0	0	0	0.00526	0.100	0	0.440	0.100	0.300	0.115	0	0.00361
55	1076.85	6.16527e-03	3.31	1.54	0.130	0.0282	0.100	0	0	0	0.00534	0.100	0	0.440	0.100	0.300	0.115	0	0.00308
56	1080.30	6.13947e-03	3.31	1.54	0.130	0.0281	0.100	0	0	0	0.00542	0.100	0	0.440	0.100	0.300	0.115	0	0.00317
57	1083.75	6.11851e-03	3.31	1.54	0.130	0.0281	0.100	0	0	0	0.00549	0.100	0	0.440	0.100	0.300	0.115	0	0.00298
58	1087.20	6.10477e-03	3.31	1.54	0.130	0.0280	0.100	0	0	0	0.00557	0.100	0	0.440	0.100	0.300	0.115	0	0.00312
59	1090.64	6.10336e-03	3.29	1.54	0.130	0.0279	0.100	0	0	0	0.00564	0.100	0	0.440	0.100	0.300	0.115	0	0.00281
60	1094.08	6.09347e-03	3.24	1.51	0.130	0.0278	0.100	0	0	0	0.00571	0.100	0	0.440	0.100	0.300	0.115	0	0.00303
61	1097.52	6.06536e-03	3.18	1.48	0.130	0.0277	0.100	0	0	0	0.00579	0.100	0	0.440	0.100	0.300	0.115	0	0.00306
62	1100.95	6.02147e-03	3.14	1.46	0.130	0.0276	0.100	0	0	0	0.00586	0.100	0	0.440	0.100	0.300	0.115	0	0.00285
63	1104.38	5.95414e-03	3.14	1.46	0.130	0.0275	0.100	0	0	0	0.00592	0.100	0	0.440	0.100	0.300	0.115	0	0.00287
64	1107.81	5.88986e-03	3.14	1.46	0.130	0.0274	0.100	0	0	0	0.00599	0.100	0	0.440	0.100	0.300	0.115	0	0.00295
65	1111.23	5.82342e-03	3.14	1.46	0.130	0.0274	0.100	0	0	0	0.00606	0.100	0	0.440	0.100	0.300	0.115	0	0.00296
66	1114.65	5.77534e-03	3.14	1.46	0.130	0.0273	0.100	0	0	0	0.00613	0.100	0	0.440	0.100	0.300	0.115	0	0.00311
67	1118.07	5.72162e-03	3.14	1.46	0.130	0.0272	0.100	0	0	0	0.00619	0.100	0	0.440	0.100	0.300	0.115	0	0.00311
68	1121.48	5.6651e-03	3.14	1.46	0.130	0.0271	0.100	0	0	0	0.00625	0.100	0	0.440	0.100	0.300	0.115	0	0.00282
69	1124.89	5.60089e-03	3.14	1.46	0.130	0.0270	0.100	0	0	0	0.00632	0.100	0	0.440	0.100	0.300	0.115	0	0.00287
70	1128.30	5.53544e-03	3.14	1.46	0.130	0.0269	0.100	0	0	0	0.00638	0.100	0	0.440	0.100	0.300	0.115	0	0.00299
71	1131.70	5.48665e-03	3.14	1.46	0.130	0.0269	0.100	0	0	0	0.00644	0.100	0	0.440	0.100	0.300	0.115	0	0.00277
72	1135.10	5.44385e-03	3.14	1.46	0.130	0.0268	0.100	0	0	0	0.00650	0.100	0	0.440	0.100	0.300	0.115	0	0.00281
73	1138.49	5.42275e-03	3.14	1.46	0.130	0.0267	0.100	0	0	0	0.00656	0.100	0	0.440	0.100	0.300	0.115	0	0.00273
74	1141.88	5.40777e-03	3.13	1.45	0.130	0.0266	0.100	0	0	0	0.00661	0.100	0	0.440	0.100	0.300	0.115	0	0.00299
75	1145.27	5.3958e-03	3.13	1.45	0.130	0.0265	0.100	0	0	0	0.00667	0.100	0	0.440	0.100	0.300	0.115	0	0.00299
76	1148.65	5.37478e-03	3.12	1.45	0.130	0.0265	0.100	0	0	0	0.00673	0.100	0	0.440	0.100	0.300	0.115	0	0.00282
77	1152.04	5.35341e-03	3.12	1.44	0.130	0.0264	0.100	0	0	0	0.00678	0.100	0	0.440	0.100	0.300	0.115	0	0.00261
78	1155.41	5.33719e-03	3.12	1.44	0.130	0.0263	0.100	0	0	0	0.00684	0.100	0	0.440	0.100	0.300	0.115	0	0.00297
79	1158.79	5.3306e-03	3.12	1.44	0.130	0.0262	0.100	0	0	0	0.00689	0.100	0	0.440	0.100	0.300	0.115	0	0.00305
80	1162.16	5.32673e-03	3.12	1.44	0.130	0.0262	0.100	0	0	0	0.00694	0.100	0	0.440	0.100	0.300	0.115	0	0.00295
81	1165.52	5.34037e-03	3.12	1.44	0.130	0.0261	0.100	0	0	0	0.00699	0.100	0	0.440	0.100	0.300	0.115	0	0.00283
82	1168.88	5.34831e-03	3.12	1.44	0.130	0.0260	0.100	0	0	0	0.00704	0.100	0	0.440	0.100	0.300	0.115	0	0.00274
83	1172.24	5.34096e-03	3.12	1.44	0.130	0.0259	0.100	0	0	0	0.00709	0.100	0	0.440	0.100	0.300	0.115	0	0.00321
84	1175.60	5.3245e-03	3.12	1.44	0.130	0.0259	0.100	0	0	0	0.00714	0.100	0	0.440	0.100	0.300	0.115	0	0.00276
85	1178.95	5.28258e-03	3.12	1.44	0.130	0.0258	0.100	0	0	0	0.00719	0.100	0	0.440	0.100	0.300	0.115	0	0.00298
86	1182.30	5.23839e-03	3.12	1.44	0.130	0.0257	0.100	0	0	0	0.00724	0.100	0	0.440	0.100	0.300	0.115	0	0.00273
87	1185.64	5.1911e-03	3.12	1.44	0.130	0.0256	0.100	0	0	0	0.00728	0.100	0	0.440	0.100	0.300	0.115	0	0.00272
88	1188.98	5.14679e-03	3.12	1.44	0.130	0.0256	0.100	0	0	0	0.00733	0.100	0	0.440	0.100	0.300	0.115	0	0.00263
89	1192.32	5.10747e-03	3.12	1.44	0.130	0.0255	0.100	0	0	0	0.00738	0.100	0	0.440	0.100	0.300	0.115	0	0.00303
90	1195.65	5.06665e-03	3.12	1.44	0.130	0.0254	0.100	0	0	0	0.00742	0.100	0	0.440	0.100	0.300	0.115	0	0.00270
91	1198.98	5.02446e-03	3.12	1.44	0.130	0.0254	0.100	0	0	0	0.00746	0.100	0	0.440	0.100	0.300	0.115	0	0.00273
92	1202.30	4.9812e-03	3.12	1.44	0.130	0.0253	0.100	0	0	0	0.00751	0.100	0	0.440	0.100	0.300	0.115	0	0.00297
93	1205.62	4.94076e-03	3.12	1.44	0.130	0.0252	0.100	0	0	0	0.00755	0.100	0	0.440	0.100	0.300	0.115	0	0.00283
94	1208.94	4.90192e-03	3.12	1.44	0.130	0.0251	0.100	0	0	0	0.00759	0.100	0	0.440	0.100	0.300	0.115	0	0.00281
95	1212.26	4.879e-03	3.12	1.44	0.130	0.0251	0.100	0	0	0	0.00763	0.100	0	0.440	0.100	0.300	0.115	0	0.00265
96	1215.57	4.85578e-03	3.12	1.44	0.130	0.0250	0.100	0	0	0	0.00767	0.100	0	0.440	0.100	0.300	0.115	0	0.00278
97	1218.87	4.84639e-03	3.12	1.44	0.130	0.0249	0.100	0	0	0	0.00771	0.100	0	0.440	0.100	0.300	0.115	0	0.00304
98	1222.17	4.84242e-03	3.12	1.44	0.130	0.0249	0.100	0	0	0	0.00775	0.100	0	0.440	0.100	0.300	0.115	0	0.00297
99	1225.47	4.83634e-03	3.12	1.44	0.130	0.0248	0.100	0	0	0	0.00779	0.100	0	0.440	0.100	0.300	0.115	0	0.00294
100	1228.77	4.82794e-03	3.12	1.44	0.130	0.0247	0.100	0	0	0	0.00783	0.100	0	0.440	0.100	0.300	0.115	0	0.00279
101	1232.06	4.81515e-03	3.12	1.44	0.130	0.0247	0.100	0	0	0	0.00787	0.100	0	0.440	0.100	0.300	0.115	0	0.00267
102	1235.34	4.79524e-03	3.12	1.44	0.130	0.0246	0.100	0	0	0	0.00791	0.100	0	0.440	0.100	0.300	0.115	0	0.00279
103	1238.63	4.77242e-03	3.12	1.44	0.130	0.0245	0.100	0	0	0	0.00794	0.100	0	0.440	0.100	0.300	0.115	0	0.00274
104	1241.91	4.7531e-03	3.12	1.44	0.130	0.0245	0.100	0	0	0	0.00798	0.100	0	0.440	0.100	0.300	0.115	0	0.00280
105	1245.18	4.7351e-03	3.12	1.44	0.130	0.0244	0.100	0	0	0	0.00802	0.100	0	0.440	0.100	0.300	0.115	0	0.00272
106	1248.45	4.72181e-03	3.12	1.44	0.130	0.0244	0.100	0	0	0	0.00805	0.100	0	0.440	0.100	0.300	0.115	0	0.00288
107	1251.72	4.70034e-03	3.12	1.44	0.130	0.0243	0.100	0	0	0	0.00809	0.100	0	0.440	0.100	0.300	0.115	0	0.00264
108	1254.98	4.67998e-03	3.12	1.44	0.130	0.0242	0.100	0	0	0	0.00812	0.100	0	0.440	0.100	0.300	0.115	0	0.00266
109	1258.24	4.65186e-03	3.12	1.44	0.130	0.0242	0.100	0	0	0	0.00815	0.100	0	0.440	0.100	0.300	0.115	0	0.00262
110	1261.50	4.61366e-03	3.12	1.44	0.130	0.0241	0.100	0	0	0	0.00819	0.100	0	0.440	0.100	0.300	0.115	0	0.00253
111	1264.75	4.57074e-03	3.12	1.44	0.130	0.0240	0.100	0	0	0	0.00822	0.100	0	0.440	0.100	0.300	0.115	0	0.00261
112	1268.00	4.52876e-03	3.12	1.44	0.130	0.0240	0.100	0	0	0	0.00825	0.100	0	0.440	0.100	0.300	0.115	0	0.00266
113	1271.24	4.48313e-03	3.12	1.44	0.130	0.0239	0.100	0	0	0	0.00828	0.100	0	0.440	0.100	0.300	0.115	0	0.00286
114	1274.48	4.43609e-03	3.12	1.44	0.130	0.0239	0.100	0	0	0	0.00832	0.100	0	0.440	0.100	0.300	0.115	0	0.00270
115	1277.71	4.40522e-03	3.12	1.44	0.130	0.0238	0.100	0	0	0	0.00835	0.100	0	0.440	0.100	0.300	0.115	0	0.00267
116	1280.94	4.38051e-03	3.12	1.44	0.130	0.0237	0.100	0	0	0	0.00838	0.100	0	0.440	0.100	0.300	0.115	0	0.00291
117	1284.17	4.37794e-03	3.12	1.44	0.130	0.0237	0.100	0	0	0	0.00841	0.100	0	0.440	0.100	0.300	0.115	0	0.00248
118	1287.39	4.38231e-03	3.12	1.44	0.130	0.0236	0.100	0	0	0	0.00844	0.100	0	0.440	0.100	0.300	0.115	0	0.00286
119	1290.61	4.38331e-03	3.12	1.44	0.130	0.0236	0.100	0	0	0	0.00847	0.100	0	0.440	0.100	0.300	0.115	0	0.00253
120	1293.83	4.38468e-03	3.12	1.44	0.130	0.0235	0.100	0	0	0	0.00850	0.100	0	0.440	0.100	0.300	0.115	0	0.00281
121	1297.04	4.3823e-03	3.12	1.44	0.130	0.0234	0.100	0	0	0	0.00853	0.100	0	0.440	0.100	0.300	0.115	0	0.00257
122	1300.25	4.37759e-03	3.12	1.44	0.130	0.0234	0.100	0	0	0	0.00855	0.100	0	0.440	0.100	0.300	0.115	0	0.00279
123	1303.45	4.37331e-03	3.12	1.44	0.130	0.0233	0.100	0	0	0	0.00858	0.100	0	0.440	0.100	0.300	0.115	0	0.00269
124	1306.65	4.37504e-03	3.12	1.44	0.130	0.0233	0.100	0	0	0	0.00861	0.100	0	0.440	0.100	0.300	0.115	0	0.00290
125	1309.84	4.37606e-03	3.12	1.44	0.130	0.0232	0.100	0	0	0	0.00864	0.100	0	0.440	0.100	0.300	0.115	0	0.00262
126	1313.03	4.37525e-03	3.12	1.44	0.130	0.0232	0.100	0	0	0	0.00866	0.100	0	0.440	0.100	0.300	0.115	0	0.00273
127	1316.22	4.37404e-03	3.12	1.44	0.130	0.0231	0.100	0	0	0	0.00869	0.100	0	0.440	0.100	0.300	0.115	0	0.00283
128	1319.40	4.36768e-03	3.12	1.44	0.130	0.0230	0.100	0	0	0	0.00872	0.100	0	0.440	0.100	0.300	0.115	0	0.00304
129	1322.58	4.362e-03	3.12	1.44	0.130	0.0230	0.100	0	0	0	0.00874	0.100	0	0.440	0.100	0.300	0.115	0	0.00261
130	1325.75	4.3479e-03	3.12	1.44	0.130	0.0229	0.100	0	0	0	0.00877	0.100	0	0.440	0.100	0.300	0.115	0	0.00280
131	1328.92	4.33581e-03	3.12	1.44	0.130	0.0229	0.100	0	0	0	0.00880	0.100	0	0.440	0.100	0.300	0.115	0	0.00275
132	1332.08	4.31315e-03	3.12	1.44	0.130	0.0228	0.100	0	0	0	0.00882	0.100	0	0.440	0.100	0.300	0.115	0	0.00247
133	1335.24	4.29898e-03	3.12	1.44	0.130	0.0228	0.100	0	0	0	0.00885	0.100	0	0.440	0.100	0.300	0.115	0	0.00268
134	1338.40	4.28219e-03	3.12	1.44	0.130	0.0227	0.100	0	0	0	0.00887	0.100	0	0.440	0.100	0.300	0.115	0	0.00307
135	1341.55	4.26882e-03	3.12	1.44	0.130	0.0227	0.100	0	0	0	0.00889	0.100	0	0.440	0.100	0.300	0.115	0	0.00289
136	1344.70	4.2596e-03	3.12	1.44	0.130	0.0226	0.100	0	0	0	0.00892	0.100	0	0.440	0.100	0.300	0.115	0	0.00269
137	1347.84	4.26239e-03	3.12	1.44	0.130	0.0226	0.100	0	0	0	0.00894	0.100	0	0.440	0.100	0.300	0.115	0	0.00287
138	1350.98	4.2686e-03	3.12	1.44	0.130	0.0225	0.100	0	0	0	0.00897	0.100	0	0.440	0.100	0.300	0.115	0	0.00293
139	1354.12	4.28898e-03	3.12	1.44	0.130	0.0225	0.100	0	0	0	0.00899	0.100	0	0.440	0.100	0.300	0.115	0	0.00268
140	1357.25	4.31268e-03	3.12	1.44	0.130	0.0224	0.100	0	0	0	0.00901	0.100	0	0.440	0.100	0.300	0.115	0	0.00300
141	1360.37	4.32509e-03	3.12	1.44	0.130	0.0223	0.100	0	0	0	0.00903	0.100	0	0.440	0.100	0.300	0.115	0	0.00290
142	1363.50	4.3236e-03	3.12	1.44	0.130	0.0223	0.100	0	0	0	0.00906	0.100	0	0.440	0.100	0.300	0.115	0	0.00298
143	1366.61	4.30367e-03	3.12	1.44	0.130	0.0222	0.100	0	0	0	0.00908	0.100	0	0.440	0.100	0.300	0.115	0	0.00329
144	1369.73	4.29026e-03	3.12	1.44	0.130	0.0222	0.100	0	0	0	0.00910	0.100	0	0.440	0.100	0.300	0.115	0	0.00262
145	1372.84	4.2875e-03	3.12	1.44	0.130	0.0221	0.100	0	0	0	0.00912	0.100	0	0.440	0.100	0.300	0.115	0	0.00304
146	1375.94	4.31898e-03	3.12	1.44	0.130	0.0221	0.100	0	0	0	0.00914	0.100	0	0.440	0.100	0.300	0.115	0	0.00307
147	1379.04	4.39231e-03	3.12	1.44	0.130	0.0220	0.100	0	0	0	0.00917	0.100	0	0.440	0.100	0.300	0.115	0	0.00298
148	1382.14	4.44679e-03	3.12	1.44	0.130	0.0220	0.100	0	0	0	0.00919	0.100	0	0.440	0.100	0.300	0.115	0	0.00294
149	1385.23	4.45672e-03	3.12	1.44	0.130	0.0219	0.100	0	0	0	0.00921	0.100	0	0.440	0.100	0.300	0.115	0	0.00318
150	1388.32	4.44411e-03	3.12	1.44	0.130	0.0219	0.100	0	0	0	0.00923	0.100	0	0.440	0.100	0.300	0.115	0	0.00324
151	1391.40	4.46007e-03	3.13	1.45	0.130	0.0218	0.100	0	0	0	0.00925	0.100	0	0.440	0.100	0.300	0.115	0	0.00315
152	1394.48	4.48454e-03	3.14	1.46	0.130	0.0218	0.100	0	0	0	0.00927	0.100	0	0.440	0.100	0.300	0.115	0	0.00313
153	1397.55	4.49925e-03	3.16	1.47	0.130	0.0218	0.100	0	0	0	0.00929	0.100	0	0.440	0.100	0.300	0.115	0	0.00332
154	1400.62	4.50204e-03	3.18	1.48	0.130	0.0217	0.100	0	0	0	0.00931	0.100	0	0.440	0.100	0.300	0.115	0	0.00309
155	1403.68	4.50353e-03	3.18	1.48	0.130	0.0217	0.100	0	0	0	0.00933	0.100	0	0.440	0.100	0.300	0.115	0	0.00345
156	1406.74	4.49437e-03	3.18	1.48	0.130	0.0216	0.100	0	0	0	0.00935	0.100	0	0.440	0.100	0.300	0.115	0	0.00313
157	1409.80	4.48533e-03	3.18	1.48	0.130	0.0216	0.100	0	0	0	0.00937	0.100	0	0.440	0.100	0.300	0.115	0	0.00322
158	1412.85	4.46182e-03	3.18	1.48	0.130	0.0215	0.100	0	0	0	0.00939	0.100	0	0.440	0.100	0.300	0.115	0	0.00310
159	1415.90	4.44583e-03	3.18	1.48	0.130	0.0215	0.100	0	0	0	0.00940	0.100	0	0.440	0.100	0.300	0.115	0	0.00298
160	1418.94	4.4338e-03	3.18	1.48	0.130	0.0214	0.100	0	0	0	0.00942	0.100	0	0.440	0.100	0.300	0.115	0	0.00293
161	1421.98	4.41749e-03	3.18	1.48	0.130	0.0214	0.100	0	0	0	0.00944	0.100	0	0.440	0.100	0.300	0.115	0	0.00322
162	1425.01	4.40152e-03	3.18	1.48	0.130	0.0213	0.100	0	0	0	0.00946	0.100	0	0.440	0.100	0.300	0.115	0	0.00290
163	1428.04	4.39391e-03	3.18	1.48	0.130	0.0213	0.100	0	0	0	0.00948	0.100	0	0.440	0.100	0.300	0.115	0	0.00296
164	1431.06	4.37682e-03	3.18	1.48	0.130	0.0212	0.100	0	0	0	0.00949	0.100	0	0.440	0.100	0.300	0.115	0	0.00339
165	1434.08	4.3688e-03	3.18	1.48	0.130	0.0212	0.100	0	0	0	0.00951	0.100	0	0.440	0.100	0.300	0.115	0	0.00298
166	1437.09	4.35859e-03	3.18	1.48	0.130	0.0212	0.100	0	0	0	0.00953	0.100	0	0.440	0.100	0.300	0.115	0	0.00312
167	1440.10	4.34384e-03	3.18	1.48	0.130	0.0211	0.100	0	0	0	0.00955	0.100	0	0.440	0.100	0.300	0.115	0	0.00290
168	1443.11	4.32442e-03	3.16	1.47	0.130	0.0211	0.100	0	0	0	0.00956	0.100	0	0.440	0.100	0.300	0.115	0	0.00298
169	1446.11	4.31692e-03	3.14	1.46	0.130	0.0210	0.100	0	0	0	0.00958	0.100	0	0.440	0.100	0.300	0.115	0	0.00303
170	1449.10	4.30889e-03	3.13	1.45	0.130	0.0210	0.100	0	0	0	0.00960	0.100	0	0.440	0.100	0.300	0.115	0	0.00287
171	1452.10	4.31121e-03	3.14	1.46	0.130	0.0209	0.100	0	0	0	0.00961	0.100	0	0.440	0.100	0.300	0.115	0	0.00329
172	1455.08	4.31805e-03	3.18	1.48	0.130	0.0209	0.100	0	0	0	0.00963	0.100	0	0.440	0.100	0.300	0.115	0	0.00335
173	1458.06	4.33066e-03	3.21	1.49	0.130	0.0208	0.100	0	0	0	0.00965	0.100	0	0.440	0.100	0.300	0.115	0	0.00348
174	1461.04	4.34176e-03	3.23	1.51	0.130	0.0208	0.100	0	0	0	0.00966	0.100	0	0.440	0.100	0.300	0.115	0	0.00319
175	1464.01	4.35727e-03	3.23	1.51	0.130	0.0208	0.100	0	0	0	0.00968	0.100	0	0.440	0.100	0.300	0.115	0	0.00361
176	1466.98	4.375e-03	3.24	1.51	0.130	0.0207	0.100	0	0	0	0.00969	0.100	0	0.440	0.100	0.300	0.115	0	0.00309
177	1469.94	4.3904e-03	3.24	1.51	0.130	0.0207	0.100	0	0	0	0.00971	0.100	0	0.440	0.100	0.300	0.115	0	0.00359
178	1472.90	4.40482e-03	3.24	1.51	0.130	0.0206	0.100	0	0	0	0.00972	0.100	0	0.440	0.100	0.300	0.115	0	0.00330
179	1475.86	4.42123e-03	3.24	1.51	0.130	0.0206	0.100	0	0	0	0.00974	0.100	0	0.440	0.100	0.300	0.115	0	0.00325
180	1478.80	4.43366e-03	3.24	1.51	0.130	0.0206	0.100	0	0	0	0.00975	0.100	0	0.440	0.100	0.300	0.115	0	0.00297
181	1481.75	4.44284e-03	3.24	1.51	0.130	0.0205	0.100	0	0	0	0.00977	0.100	0	0.440	0.100	0.300	0.115	0	0.00335
182	1484.69	4.45856e-03	3.24	1.51	0.130	0.0205	0.100	0	0	0	0.00978	0.100	0	0.440	0.100	0.300	0.115	0	0.00354
183	1487.62	4.46658e-03	3.23	1.51	0.130	0.0204	0.100	0	0	0	0.00980	0.100	0	0.440	0.100	0.300	0.115	0	0.00357
184	1490.55	4.48408e-03	3.23	1.50	0.130	0.0204	0.100	0	0	0	0.00981	0.100	0	0.440	0.100	0.300	0.115	0	0.00360
185	1493.48	4.49427e-03	3.22	1.50	0.130	0.0204	0.100	0	0	0	0.00983	0.100	0	0.440	0.100	0.300	0.115	0	0.00357
186	1496.39	4.51042e-03	3.21	1.50	0.130	0.0203	0.100	0	0	0	0.00984	0.100	0	0.440	0.100	0.300	0.115	0	0.00354
187	1499.31	4.52658e-03	3.20	1.49	0.130	0.0203	0.100	0	0	0	0.00985	0.100	0	0.440	0.100	0.300	0.115	0	0.00318
188	1502.22	4.54508e-03	3.20	1.49	0.130	0.0202	0.100	0	0	0	0.00987	0.100	0	0.440	0.100	0.300	0.115	0	0.00368
189	1505.12	4.55842e-03	3.20	1.49	0.130	0.0202	0.100	0	0	0	0.00988	0.100	0	0.440	0.100	0.300	0.115	0	0.00337
190	1508.03	4.577e-03	3.20	1.49	0.130	0.0202	0.100	0	0	0	0.00989	0.100	0	0.440	0.100	0.300	0.115	0	0.00376
191	1510.92	4.59225e-03	3.20	1.49	0.130	0.0201	0.100	0	0	0	0.00991	0.100	0	0.440	0.100	0.300	0.115	0	0.00342
192	1513.81	4.60764e-03	3.20	1.49	0.130	0.0201	0.100	0	0	0	0.00992	0.100	0	0.440	0.100	0.300	0.115	0	0.00346
193	1516.70	4.61888e-03	3.20	1.49	0.130	0.0200	0.100	0	0	0	0.00993	0.100	0	0.440	0.100	0.300	0.115	0	0.00351
194	1519.58	4.63798e-03	3.20	1.49	0.130	0.0200	0.100	0	0	0	0.00994	0.100	0	0.440	0.100	0.300	0.115	0	0.00342
195	1522.45	4.65361e-03	3.20	1.49	0.130	0.0200	0.100	0	0	0	0.00996	0.100	0	0.440	0.100	0.300	0.115	0	0.00358
196	1525.32	4.66447e-03	3.20	1.49	0.130	0.0199	0.100	0	0	0	0.00997	0.100	0	0.440	0.100	0.300	0.115	0	0.00372
197	1528.19	4.6771e-03	3.20	1.49	0.130	0.0199	0.100	0	0	0	0.00998	0.100	0	0.440	0.100	0.300	0.115	0	0.00333
198	1531.05	4.69102e-03	3.20	1.49	0.130	0.0199	0.100	0	0	0	0.00999	0.100	0	0.440	0.100	0.300	0.115	0	0.00366
199	1533.91	4.70564e-03	3.20	1.49	0.130	0.0198	0.100	0	0	0	0.0100	0.100	0	0.440	0.100	0.300	0.115	0	0.00380
200	1536.76	4.71936e-03	3.20	1.49	0.130	0.0198	0.100	0	0	0	0.0100	0.100	0	0.440	0.100	0.300	0.115	0	0.00376
201	1539.60	4.74033e-03	3.20	1.49	0.130	0.0197	0.100	0	0	0	0.0100	0.100	0	0.440	0.100	0.300	0.115	0	0.00363
202	1542.44	4.75716e-03	3.19	1.48	0.130	0.0197	0.100	0	0	0	0.0100	0.100	0	0.440	0.100	0.300	0.115	0	0.00382
203	1545.28	4.77804e-03	3.17	1.47	0.130	0.0197	0.100	0	0	0	0.0100	0.100	0	0.440	0.100	0.300	0.115	0	0.00356
204	1548.11	4.80485e-03	3.15	1.46	0.130	0.0196	0.100	0	0	0	0.0101	0.100	0	0.440	0.100	0.300	0.115	0	0.00385
205	1550.93	4.8231e-03	3.14	1.46	0.130	0.0196	0.100	0	0	0	0.0101	0.100	0	0.440	0.100	0.300	0.115	0	0.00393
206	1553.75	4.84542e-03	3.14	1.46	0.130	0.0196	0.100	0	0	0	0.0101	0.100	0	0.440	0.100	0.300	0.115	0	0.00381
207	1556.57	4.869e-03	3.14	1.46	0.130	0.0195	0.100	0	0	0	0.0101	0.100	0	0.440	0.100	0.300	0.115	0	0.00384
208	1559.38	4.89068e-03	3.14	1.46	0.130	0.0195	0.100	0	0	0	0.0101	0.100	0	0.440	0.100	0.300	0.115	0	0.00428
209	1562.18	4.90855e-03	3.14	1.46	0.130	0.0195	0.100	0	0	0	0.0101	0.100	0	0.440	0.100	0.300	0.115	0	0.00405
210	1564.98	4.92813e-03	3.14	1.46	0.130	0.0194	0.100	0	0	0	0.0101	0.100	0	0.440	0.100	0.300	0.115	0	0.00390
211	1567.78	4.94785e-03	3.14	1.46	0.130	0.0194	0.100	0	0	0	0.0101	0.100	0	0.440	0.100	0.300	0.115	0	0.00406
212	1570.57	4.96748e-03	3.14	1.46	0.130	0.0194	0.100	0	0	0	0.0101	0.100	0	0.440	0.100	0.300	0.115	0	0.00409
213	1573.35	4.98404e-03	3.14	1.46	0.130	0.0193	0.100	0	0	0	0.0101	0.100	0	0.440	0.100	0.300	0.115	0	0.00401
214	1576.13	5.00623e-03	3.14	1.46	0.130	0.0193	0.100	0	0	0	0.0102	0.100	0	0.440	0.100	0.300	0.115	0	0.00391
215	1578.91	5.03129e-03	3.14	1.46	0.130	0.0193	0.100	0	0	0	0.0102	0.100	0	0.440	0.100	0.300	0.115	0	0.00405
216	1581.68	5.05481e-03	3.14	1.46	0.130	0.0192	0.100	0	0	0	0.0102	0.100	0	0.440	0.100	0.300	0.115	0	0.00363
217	1584.44	5.08079e-03	3.14	1.46	0.130	0.0192	0.100	0	0	0	0.0102	0.100	0	0.440	0.100	0.300	0.115	0	0.00406
218	1587.20	5.10853e-03	3.14	1.46	0.130	0.0192	0.100	0	0	0	0.0102	0.100	0	0.440	0.100	0.300	0.115	0	0.00403
219	1589.95	5.13429e-03	3.14	1.46	0.130	0.0191	0.100	0	0	0	0.0102	0.100	0	0.440	0.100	0.300	0.115	0	0.00391
220	1592.70	5.16926e-03	3.14	1.45	0.130	0.0191	0.100	0	0	0	0.0102	0.100	0	0.440	0.100	0.300	0.115	0	0.00463
221	1595.44	5.20578e-03	3.13	1.45	0.130	0.0191	0.100	0	0	0	0.0102	0.100	0	0.440	0.100	0.300	0.115	0	0.00421
222	1598.18	5.23723e-03	3.13	1.45	0.130	0.0190	0.100	0	0	0	0.0102	0.100	0	0.440	0.100	0.300	0.115	0	0.00428
223	1600.91	5.27543e-03	3.14	1.46	0.130	0.0190	0.100	0	0	0	0.0102	0.100	0	0.440	0.100	0.300	0.115	0	0.00465
224	1603.64	5.31153e-03	3.17	1.47	0.130	0.0190	0.100	0	0	0	0.0102	0.100	0	0.440	0.100	0.300	0.115	0	0.00423
225	1606.36	5.35176e-03	3.19	1.48	0.130	0.0189	0.100	0	0	0	0.0102	0.100	0	0.440	0.100	0.300	0.115	0	0.00474
226	1609.08	5.39369e-03	3.22	1.50	0.130	0.0189	0.100	0	0	0	0.0103	0.100	0	0.440	0.100	0.300	0.115	0	0.00508
227	1611.79	5.43791e-03	3.23	1.50	0.130	0.0189	0.100	0	0	0	0.0103	0.100	0	0.440	0.100	0.300	0.115	0	0.00435
228	1614.50	5.49068e-03	3.23	1.50	0.130	0.0188	0.100	0	0	0	0.0103	0.100	0	0.440	0.100	0.300	0.115	0	0.00440
229	1617.20	5.53558e-03	3.23	1.50	0.130	0.0188	0.100	0	0	0	0.0103	0.100	0	0.440	0.100	0.300	0.115	0	0.00442
230	1619.89	5.58954e-03	3.23	1.50	0.130	0.0188	0.100	0	0	0	0.0103	0.100	0	0.440	0.100	0.300	0.115	0	0.00498
231	1622.58	5.65759e-03	3.23	1.50	0.130	0.0187	0.100	0	0	0	0.0103	0.100	0	0.440	0.100	0.300	0.115	0	0.00471
232	1625.27	5.73065e-03	3.23	1.50	0.130	0.0187	0.100	0	0	0	0.0103	0.100	0	0.440	0.100	0.300	0.115	0	0.00500
233	1627.94	5.81693e-03	3.23	1.50	0.130	0.0187	0.100	0	0	0	0.0103	0.100	0	0.440	0.100	0.300	0.115	0	0.00469
234	1630.62	5.92463e-03	3.23	1.50	0.130	0.0186	0.100	0	0	0	0.0103	0.100	0	0.440	0.100	0.300	0.115	0	0.00536
235	1633.29	6.05228e-03	3.23	1.50	0.130	0.0186	0.100	0	0	0	0.0103	0.100	0	0.440	0.100	0.300	0.115	0	0.00473
236	1635.95	6.19588e-03	3.23	1.50	0.130	0.0186	0.100	0	0	0	0.0103	0.100	0	0.440	0.100	0.300	0.115	0	0.00539
237	1638.61	6.42132e-03	3.23	1.50	0.130	0.0186	0.100	0	0	0	0.0103	0.100	0	0.440	0.100	0.300	0.115	0	0.00531
238	1641.26	6.70764e-03	3.23	1.50	0.130	0.0185	0.100	0	0	0	0.0103	0.100	0	0.440	0.100	0.300	0.115	0	0.00544
239	1643.90	7.10107e-03	3.23	1.50	0.130	0.0185	0.100	0	0	0	0.0103	0.100	0	0.440	0.100	0.300	0.115	0	0.00624
240	1646.55	7.64931e-03	3.23	1.50	0.130	0.0185	0.100	0	0	0	0.0103	0.100	0	0.440	0.100	0.300	0.115	0	0.00643
241	1649.18	8.39595e-03	3.23	1.50	0.130	0.0184	0.100	0	0	0	0.0103	0.100	0	0.440	0.100	0.300	0.115	0	0.00734
242	1651.81	9.36612e-03	3.23	1.50	0.130	0.0184	0.100	0	0	0	0.0103	0.100	0	0.440	0.100	0.300	0.115	0	0.00903
243	1654.44	1.06622e-02	3.23	1.50	0.130	0.0184	0.100	0	0	0	0.0103	0.100	0	0.440	0.100	0.300	0.115	0	0.00850
244	1657.05	1.22748e-02	3.23	1.50	0.130	0.0183	0.100	0	0	0	0.0104	0.100	0	0.440	0.100	0.300	0.115	0	0.00985
245	1659.67	1.42642e-02	3.23	1.50	0.130	0.0183	0.100	0	0	0	0.0104	0.100	0	0.440	0.100	0.300	0.115	0	0.0119
246	1662.28	1.65897e-02	3.23	1.50	0.130	0.0183	0.100	0	0	0	0.0104	0.100	0	0.440	0.100	0.300	0.115	0	0.0163
247	1664.88	1.93418e-02	3.23	1.50	0.130	0.0183	0.100	0	0	0	0.0104	0.100	0	0.440	0.100	0.300	0.115	0	0.0154
248	1667.47	2.25171e-02	3.23	1.50	0.130	0.0182	0.100	0	0	0	0.0104	0.100	0	0.440	0.100	0.300	0.115	0	0.0184
249	1670.07	2.61691e-02	3.23	1.50	0.130	0.0182	0.100	0	0	0	0.0104	0.100	0	0.440	0.100	0.300	0.115	0	0.0192
250	1672.65	3.04145e-02	3.23	1.50	0.130	0.0182	0.100	0	0	0	0.0104	0.100	0	0.440	0.100	0.300	0.115	0	0.0226
251	1675.23	3.51735e-02	3.23	1.50	0.130	0.0181	0.100	0	0	0	0.0104	0.100	0	0.440	0.100	0.300	0.115	0	0.0279
252	1677.81	4.05188e-02	3.23	1.50	0.130	0.0181	0.100	0	0	0	0.0104	0.100	0	0.440	0.100	0.300	0.115	0	0.0309
253	1680.37	4.64667e-02	3.23	1.50	0.130	0.0181	0.100	0	0	0	0.0104	0.100	0	0.440	0.100	0.300	0.115	0	0.0375
254	1682.94	5.31104e-02	3.23	1.50	0.130	0.0181	0.100	0	0	0	0.0104	0.100	0	0.440	0.100	0.300	0.115	0	0.0413
255	1685.50	6.13093e-02	3.23	1.50	0.130	0.0180	0.100	0	0	0	0.0104	0.100	0	0.440	0.100	0.300	0.115	0	0.0547
