# hypstar_220251_radcal_L_200728_swir.dat																			
# Calibrated by Joel Kuusk, Tartu Observatory, University of Tartu, 2020-07-28																			
#																			
# Applied corrections:																			
# nonlinearity	hypstar_220251_nonlin_corr_coefs_200728.dat																		
# wavelength	hypstar_220251_wl_coefs_200910.dat																		
# thermal	none																		
# stray light	none																		
#																			
# L [mW m-2 nm-1 sr-1] = DN / inttime_ms * 1000 * cal_coef																			
# Pixel counting starts from 0																			
#																			
# px	wl	cal_coef	u_cal_coef(k=2)	u_lamp(k=1)	u_aging(k=1)	u_power(k=1)	u_align_lamp(k=1)	u_panel(k=1)	u_interp_panel(k=1)	u_align_panel(k=1)	u_wl_source(k=1)	u_lab_stray(k=1)	u_panel_backrefl(k=1)	u_dist(k=1)	u_align(k=1)	u_temp(k=1)	u_lin(k=1)	u_stray(k=1)	u_typeA(k=1)
0	884.36	7.23063e-04	1.59	0.613	0.0277	0.0344	0.100	0.305	0.100	0.100	0.000414	0.100	0.100	0.0800	0.100	0.300	0.0700	0	0.00847
1	888.00	6.34293e-04	1.59	0.613	0.0277	0.0342	0.100	0.305	0.100	0.100	0.0000133	0.100	0.100	0.0800	0.100	0.300	0.0700	0	0.00821
2	891.63	6.01884e-04	1.59	0.613	0.0277	0.0341	0.100	0.305	0.100	0.100	0.000397	0.100	0.100	0.0800	0.100	0.300	0.0700	0	0.00776
3	895.26	5.78509e-04	1.59	0.613	0.0277	0.0340	0.100	0.305	0.100	0.100	0.000823	0.100	0.100	0.0800	0.100	0.300	0.0700	0	0.00709
4	898.88	5.57191e-04	1.59	0.613	0.0277	0.0338	0.100	0.305	0.100	0.100	0.00124	0.100	0.100	0.0800	0.100	0.300	0.0700	0	0.00768
5	902.50	5.33516e-04	3.65	1.76	0.0277	0.0337	0.100	0.305	0.100	0.100	0.000285	0.100	0.100	0.0800	0.100	0.300	0.0700	0	0.00788
6	906.12	5.11364e-04	3.65	1.76	0.0277	0.0335	0.100	0.305	0.100	0.100	0.0000619	0.100	0.100	0.0800	0.100	0.300	0.0700	0	0.00650
7	909.74	4.8632e-04	3.65	1.76	0.0277	0.0334	0.100	0.305	0.100	0.100	0.000146	0.100	0.100	0.0800	0.100	0.300	0.0700	0	0.00623
8	913.35	4.54881e-04	3.65	1.76	0.0277	0.0333	0.100	0.305	0.100	0.100	0.000351	0.100	0.100	0.0800	0.100	0.300	0.0700	0	0.00579
9	916.96	4.16737e-04	3.65	1.76	0.0277	0.0332	0.100	0.305	0.100	0.100	0.000542	0.100	0.100	0.0800	0.100	0.300	0.0700	0	0.00597
10	920.56	3.75712e-04	3.65	1.76	0.0277	0.0330	0.100	0.305	0.100	0.100	0.000699	0.100	0.100	0.0800	0.100	0.300	0.0700	0	0.00505
11	924.16	3.43181e-04	3.65	1.76	0.0277	0.0329	0.100	0.305	0.100	0.100	0.000800	0.100	0.100	0.0800	0.100	0.300	0.0700	0	0.00523
12	927.76	3.21736e-04	3.65	1.76	0.0277	0.0328	0.100	0.305	0.100	0.100	0.000882	0.100	0.100	0.0800	0.100	0.300	0.0700	0	0.00479
13	931.36	3.09117e-04	3.65	1.76	0.0277	0.0326	0.100	0.305	0.100	0.100	0.000884	0.100	0.100	0.0800	0.100	0.300	0.0700	0	0.00472
14	934.95	2.99394e-04	3.65	1.76	0.0277	0.0325	0.100	0.305	0.100	0.100	0.000871	0.100	0.100	0.0800	0.100	0.300	0.0700	0	0.00433
15	938.53	2.92682e-04	3.65	1.76	0.0277	0.0324	0.100	0.305	0.100	0.100	0.000794	0.100	0.100	0.0800	0.100	0.300	0.0700	0	0.00456
16	942.12	2.87227e-04	3.65	1.76	0.0277	0.0323	0.100	0.305	0.100	0.100	0.000735	0.100	0.100	0.0800	0.100	0.300	0.0700	0	0.00473
17	945.70	2.82826e-04	3.65	1.76	0.0277	0.0321	0.100	0.305	0.100	0.100	0.000784	0.100	0.100	0.0800	0.100	0.300	0.0700	0	0.00449
18	949.28	2.77384e-04	3.65	1.76	0.0277	0.0320	0.100	0.305	0.100	0.100	0.000879	0.100	0.100	0.0800	0.100	0.300	0.0700	0	0.00417
19	952.85	2.72525e-04	3.65	1.76	0.0277	0.0319	0.100	0.305	0.100	0.100	0.00105	0.100	0.100	0.0800	0.100	0.300	0.0700	0	0.00431
20	956.42	2.68016e-04	3.65	1.76	0.0277	0.0318	0.100	0.305	0.100	0.100	0.00130	0.100	0.100	0.0800	0.100	0.300	0.0700	0	0.00463
21	959.99	2.63167e-04	3.65	1.76	0.0277	0.0317	0.100	0.305	0.100	0.100	0.00161	0.100	0.100	0.0800	0.100	0.300	0.0700	0	0.00437
22	963.55	2.57583e-04	3.65	1.76	0.0277	0.0315	0.100	0.305	0.100	0.100	0.00197	0.100	0.100	0.0800	0.100	0.300	0.0700	0	0.00437
23	967.11	2.51829e-04	3.65	1.76	0.0277	0.0314	0.100	0.305	0.100	0.100	0.00230	0.100	0.100	0.0800	0.100	0.300	0.0700	0	0.00431
24	970.67	2.46267e-04	3.65	1.76	0.0277	0.0313	0.100	0.305	0.100	0.100	0.00256	0.100	0.100	0.0800	0.100	0.300	0.0700	0	0.00383
25	974.22	2.41383e-04	3.65	1.76	0.0277	0.0312	0.100	0.305	0.100	0.100	0.00281	0.100	0.100	0.0800	0.100	0.300	0.0700	0	0.00436
26	977.77	2.35987e-04	3.65	1.76	0.0277	0.0311	0.100	0.305	0.100	0.100	0.00300	0.100	0.100	0.0800	0.100	0.300	0.0700	0	0.00407
27	981.32	2.30662e-04	3.65	1.76	0.0277	0.0310	0.100	0.305	0.100	0.100	0.00316	0.100	0.100	0.0800	0.100	0.300	0.0700	0	0.00425
28	984.86	2.25485e-04	3.65	1.76	0.0277	0.0309	0.100	0.305	0.100	0.100	0.00328	0.100	0.100	0.0800	0.100	0.300	0.0700	0	0.00437
29	988.40	2.20912e-04	3.65	1.76	0.0277	0.0308	0.100	0.305	0.100	0.100	0.00340	0.100	0.100	0.0800	0.100	0.300	0.0700	0	0.00356
30	991.93	2.17227e-04	3.65	1.76	0.0277	0.0306	0.100	0.305	0.100	0.100	0.00351	0.100	0.100	0.0800	0.100	0.300	0.0700	0	0.00403
31	995.47	2.13428e-04	3.65	1.76	0.0277	0.0305	0.100	0.305	0.100	0.100	0.00363	0.100	0.100	0.0800	0.100	0.300	0.0700	0	0.00400
32	999.00	2.09818e-04	3.65	1.76	0.0277	0.0304	0.100	0.305	0.100	0.100	0.00374	0.100	0.100	0.0800	0.100	0.300	0.0700	0	0.00375
33	1002.52	2.06294e-04	3.55	1.70	0.0277	0.0303	0.100	0.305	0.100	0.100	0.00386	0.100	0.100	0.0800	0.100	0.300	0.0700	0	0.00381
34	1006.04	2.03395e-04	3.41	1.63	0.0277	0.0302	0.100	0.305	0.100	0.100	0.00397	0.100	0.100	0.0800	0.100	0.300	0.0700	0	0.00371
35	1009.56	2.01376e-04	3.27	1.55	0.0277	0.0301	0.100	0.305	0.100	0.100	0.00408	0.100	0.100	0.0800	0.100	0.300	0.0700	0	0.00381
36	1013.08	1.995e-04	3.25	1.54	0.0277	0.0300	0.100	0.305	0.100	0.100	0.00417	0.100	0.100	0.0800	0.100	0.300	0.0700	0	0.00393
37	1016.59	1.97062e-04	3.25	1.54	0.0277	0.0299	0.100	0.305	0.100	0.100	0.00425	0.100	0.100	0.0800	0.100	0.300	0.0700	0	0.00388
38	1020.10	1.94777e-04	3.25	1.54	0.0277	0.0298	0.100	0.305	0.100	0.100	0.00432	0.100	0.100	0.0800	0.100	0.300	0.0700	0	0.00414
39	1023.60	1.92807e-04	3.25	1.54	0.0277	0.0297	0.100	0.305	0.100	0.100	0.00439	0.100	0.100	0.0800	0.100	0.300	0.0700	0	0.00371
40	1027.10	1.91473e-04	3.25	1.54	0.0277	0.0296	0.100	0.305	0.100	0.100	0.00443	0.100	0.100	0.0800	0.100	0.300	0.0700	0	0.00391
41	1030.60	1.90442e-04	3.25	1.54	0.0277	0.0295	0.100	0.305	0.100	0.100	0.00449	0.100	0.100	0.0800	0.100	0.300	0.0700	0	0.00371
42	1034.09	1.89402e-04	3.25	1.54	0.0277	0.0294	0.100	0.305	0.100	0.100	0.00456	0.100	0.100	0.0800	0.100	0.300	0.0700	0	0.00417
43	1037.58	1.87974e-04	3.25	1.54	0.0277	0.0293	0.100	0.305	0.100	0.100	0.00466	0.100	0.100	0.0800	0.100	0.300	0.0700	0	0.00386
44	1041.07	1.86732e-04	3.25	1.54	0.0277	0.0292	0.100	0.305	0.100	0.100	0.00477	0.100	0.100	0.0800	0.100	0.300	0.0700	0	0.00394
45	1044.56	1.85795e-04	3.25	1.54	0.0277	0.0291	0.100	0.305	0.100	0.100	0.00490	0.100	0.100	0.0800	0.100	0.300	0.0700	0	0.00360
46	1048.04	1.85268e-04	3.25	1.54	0.0277	0.0290	0.100	0.305	0.100	0.100	0.00505	0.100	0.100	0.0800	0.100	0.300	0.0700	0	0.00371
47	1051.51	1.84902e-04	3.25	1.54	0.0277	0.0289	0.100	0.305	0.100	0.100	0.00521	0.100	0.100	0.0800	0.100	0.300	0.0700	0	0.00376
48	1054.99	1.84191e-04	3.25	1.54	0.0277	0.0288	0.100	0.305	0.100	0.100	0.00536	0.100	0.100	0.0800	0.100	0.300	0.0700	0	0.00366
49	1058.45	1.83168e-04	3.25	1.54	0.0277	0.0287	0.100	0.305	0.100	0.100	0.00549	0.100	0.100	0.0800	0.100	0.300	0.0700	0	0.00369
50	1061.92	1.819e-04	3.25	1.54	0.0277	0.0286	0.100	0.305	0.100	0.100	0.00560	0.100	0.100	0.0800	0.100	0.300	0.0700	0	0.00355
51	1065.38	1.80725e-04	3.25	1.54	0.0277	0.0285	0.100	0.305	0.100	0.100	0.00569	0.100	0.100	0.0800	0.100	0.300	0.0700	0	0.00355
52	1068.84	1.7969e-04	3.25	1.54	0.0277	0.0284	0.100	0.305	0.100	0.100	0.00577	0.100	0.100	0.0800	0.100	0.300	0.0700	0	0.00374
53	1072.30	1.78301e-04	3.25	1.54	0.0277	0.0284	0.100	0.305	0.100	0.100	0.00581	0.100	0.100	0.0800	0.100	0.300	0.0700	0	0.00367
54	1075.75	1.7663e-04	3.25	1.54	0.0277	0.0283	0.100	0.305	0.100	0.100	0.00586	0.100	0.100	0.0800	0.100	0.300	0.0700	0	0.00363
55	1079.20	1.74691e-04	3.25	1.54	0.0277	0.0282	0.100	0.305	0.100	0.100	0.00589	0.100	0.100	0.0800	0.100	0.300	0.0700	0	0.00385
56	1082.64	1.72415e-04	3.25	1.54	0.0277	0.0281	0.100	0.305	0.100	0.100	0.00594	0.100	0.100	0.0800	0.100	0.300	0.0700	0	0.00397
57	1086.08	1.70057e-04	3.25	1.54	0.0277	0.0280	0.100	0.305	0.100	0.100	0.00597	0.100	0.100	0.0800	0.100	0.300	0.0700	0	0.00372
58	1089.52	1.67431e-04	3.25	1.54	0.0277	0.0279	0.100	0.305	0.100	0.100	0.00602	0.100	0.100	0.0800	0.100	0.300	0.0700	0	0.00337
59	1092.96	1.64599e-04	3.20	1.52	0.0277	0.0278	0.100	0.305	0.100	0.100	0.00605	0.100	0.100	0.0800	0.100	0.300	0.0700	0	0.00391
60	1096.39	1.62288e-04	3.14	1.49	0.0277	0.0277	0.100	0.305	0.100	0.100	0.00610	0.100	0.100	0.0800	0.100	0.300	0.0700	0	0.00381
61	1099.81	1.59879e-04	3.08	1.46	0.0277	0.0276	0.100	0.305	0.100	0.100	0.00616	0.100	0.100	0.0800	0.100	0.300	0.0700	0	0.00390
62	1103.24	1.57427e-04	3.08	1.46	0.0277	0.0276	0.100	0.305	0.100	0.100	0.00625	0.100	0.100	0.0800	0.100	0.300	0.0700	0	0.00383
63	1106.66	1.54767e-04	3.08	1.46	0.0277	0.0275	0.100	0.305	0.100	0.100	0.00636	0.100	0.100	0.0800	0.100	0.300	0.0700	0	0.00362
64	1110.07	1.52415e-04	3.08	1.46	0.0277	0.0274	0.100	0.305	0.100	0.100	0.00650	0.100	0.100	0.0800	0.100	0.300	0.0700	0	0.00370
65	1113.49	1.50545e-04	3.08	1.46	0.0277	0.0273	0.100	0.305	0.100	0.100	0.00665	0.100	0.100	0.0800	0.100	0.300	0.0700	0	0.00339
66	1116.90	1.48885e-04	3.08	1.46	0.0277	0.0272	0.100	0.305	0.100	0.100	0.00682	0.100	0.100	0.0800	0.100	0.300	0.0700	0	0.00383
67	1120.30	1.47424e-04	3.08	1.46	0.0277	0.0271	0.100	0.305	0.100	0.100	0.00700	0.100	0.100	0.0800	0.100	0.300	0.0700	0	0.00351
68	1123.70	1.46147e-04	3.08	1.46	0.0277	0.0271	0.100	0.305	0.100	0.100	0.00714	0.100	0.100	0.0800	0.100	0.300	0.0700	0	0.00330
69	1127.10	1.44552e-04	3.08	1.46	0.0277	0.0270	0.100	0.305	0.100	0.100	0.00727	0.100	0.100	0.0800	0.100	0.300	0.0700	0	0.00328
70	1130.50	1.43438e-04	3.08	1.46	0.0277	0.0269	0.100	0.305	0.100	0.100	0.00736	0.100	0.100	0.0800	0.100	0.300	0.0700	0	0.00357
71	1133.89	1.42682e-04	3.08	1.46	0.0277	0.0268	0.100	0.305	0.100	0.100	0.00744	0.100	0.100	0.0800	0.100	0.300	0.0700	0	0.00341
72	1137.28	1.4237e-04	3.08	1.46	0.0277	0.0267	0.100	0.305	0.100	0.100	0.00749	0.100	0.100	0.0800	0.100	0.300	0.0700	0	0.00366
73	1140.66	1.42537e-04	3.08	1.45	0.0277	0.0267	0.100	0.305	0.100	0.100	0.00753	0.100	0.100	0.0800	0.100	0.300	0.0700	0	0.00328
74	1144.04	1.42887e-04	3.07	1.45	0.0277	0.0266	0.100	0.305	0.100	0.100	0.00758	0.100	0.100	0.0800	0.100	0.300	0.0700	0	0.00370
75	1147.42	1.43456e-04	3.07	1.45	0.0277	0.0265	0.100	0.305	0.100	0.100	0.00764	0.100	0.100	0.0800	0.100	0.300	0.0700	0	0.00349
76	1150.79	1.43632e-04	3.06	1.44	0.0277	0.0264	0.100	0.305	0.100	0.100	0.00770	0.100	0.100	0.0800	0.100	0.300	0.0700	0	0.00352
77	1154.16	1.43969e-04	3.06	1.44	0.0277	0.0263	0.100	0.305	0.100	0.100	0.00778	0.100	0.100	0.0800	0.100	0.300	0.0700	0	0.00356
78	1157.53	1.44167e-04	3.06	1.44	0.0277	0.0263	0.100	0.305	0.100	0.100	0.00787	0.100	0.100	0.0800	0.100	0.300	0.0700	0	0.00376
79	1160.89	1.44348e-04	3.06	1.44	0.0277	0.0262	0.100	0.305	0.100	0.100	0.00796	0.100	0.100	0.0800	0.100	0.300	0.0700	0	0.00351
80	1164.25	1.44536e-04	3.06	1.44	0.0277	0.0261	0.100	0.305	0.100	0.100	0.00805	0.100	0.100	0.0800	0.100	0.300	0.0700	0	0.00355
81	1167.60	1.4461e-04	3.06	1.44	0.0277	0.0260	0.100	0.305	0.100	0.100	0.00812	0.100	0.100	0.0800	0.100	0.300	0.0700	0	0.00363
82	1170.95	1.44162e-04	3.06	1.44	0.0277	0.0260	0.100	0.305	0.100	0.100	0.00818	0.100	0.100	0.0800	0.100	0.300	0.0700	0	0.00355
83	1174.30	1.43347e-04	3.06	1.44	0.0277	0.0259	0.100	0.305	0.100	0.100	0.00821	0.100	0.100	0.0800	0.100	0.300	0.0700	0	0.00345
84	1177.65	1.41967e-04	3.06	1.44	0.0277	0.0258	0.100	0.305	0.100	0.100	0.00823	0.100	0.100	0.0800	0.100	0.300	0.0700	0	0.00368
85	1180.99	1.40003e-04	3.06	1.44	0.0277	0.0257	0.100	0.305	0.100	0.100	0.00823	0.100	0.100	0.0800	0.100	0.300	0.0700	0	0.00331
86	1184.32	1.37888e-04	3.06	1.44	0.0277	0.0257	0.100	0.305	0.100	0.100	0.00820	0.100	0.100	0.0800	0.100	0.300	0.0700	0	0.00362
87	1187.66	1.3592e-04	3.06	1.44	0.0277	0.0256	0.100	0.305	0.100	0.100	0.00818	0.100	0.100	0.0800	0.100	0.300	0.0700	0	0.00369
88	1190.98	1.34053e-04	3.06	1.44	0.0277	0.0255	0.100	0.305	0.100	0.100	0.00814	0.100	0.100	0.0800	0.100	0.300	0.0700	0	0.00326
89	1194.31	1.32527e-04	3.06	1.44	0.0277	0.0255	0.100	0.305	0.100	0.100	0.00809	0.100	0.100	0.0800	0.100	0.300	0.0700	0	0.00371
90	1197.63	1.31273e-04	3.06	1.44	0.0277	0.0254	0.100	0.305	0.100	0.100	0.00805	0.100	0.100	0.0800	0.100	0.300	0.0700	0	0.00335
91	1200.95	1.30297e-04	3.06	1.44	0.0277	0.0253	0.100	0.305	0.100	0.100	0.00800	0.100	0.100	0.0800	0.100	0.300	0.0700	0	0.00379
92	1204.26	1.29551e-04	3.06	1.44	0.0277	0.0252	0.100	0.305	0.100	0.100	0.00792	0.100	0.100	0.0800	0.100	0.300	0.0700	0	0.00342
93	1207.57	1.29038e-04	3.06	1.44	0.0277	0.0252	0.100	0.305	0.100	0.100	0.00787	0.100	0.100	0.0800	0.100	0.300	0.0700	0	0.00336
94	1210.88	1.2882e-04	3.06	1.44	0.0277	0.0251	0.100	0.305	0.100	0.100	0.00785	0.100	0.100	0.0800	0.100	0.300	0.0700	0	0.00370
95	1214.18	1.28318e-04	3.06	1.44	0.0277	0.0250	0.100	0.305	0.100	0.100	0.00784	0.100	0.100	0.0800	0.100	0.300	0.0700	0	0.00344
96	1217.48	1.27819e-04	3.06	1.44	0.0277	0.0250	0.100	0.305	0.100	0.100	0.00787	0.100	0.100	0.0800	0.100	0.300	0.0700	0	0.00336
97	1220.78	1.2703e-04	3.06	1.44	0.0277	0.0249	0.100	0.305	0.100	0.100	0.00792	0.100	0.100	0.0800	0.100	0.300	0.0700	0	0.00353
98	1224.07	1.2605e-04	3.06	1.44	0.0277	0.0248	0.100	0.305	0.100	0.100	0.00801	0.100	0.100	0.0800	0.100	0.300	0.0700	0	0.00353
99	1227.36	1.25361e-04	3.06	1.44	0.0277	0.0248	0.100	0.305	0.100	0.100	0.00812	0.100	0.100	0.0800	0.100	0.300	0.0700	0	0.00311
100	1230.64	1.2459e-04	3.06	1.44	0.0277	0.0247	0.100	0.305	0.100	0.100	0.00823	0.100	0.100	0.0800	0.100	0.300	0.0700	0	0.00350
101	1233.92	1.23869e-04	3.06	1.44	0.0277	0.0246	0.100	0.305	0.100	0.100	0.00833	0.100	0.100	0.0800	0.100	0.300	0.0700	0	0.00329
102	1237.20	1.23451e-04	3.06	1.44	0.0277	0.0246	0.100	0.305	0.100	0.100	0.00841	0.100	0.100	0.0800	0.100	0.300	0.0700	0	0.00336
103	1240.47	1.23113e-04	3.06	1.44	0.0277	0.0245	0.100	0.305	0.100	0.100	0.00848	0.100	0.100	0.0800	0.100	0.300	0.0700	0	0.00336
104	1243.74	1.22981e-04	3.06	1.44	0.0277	0.0244	0.100	0.305	0.100	0.100	0.00853	0.100	0.100	0.0800	0.100	0.300	0.0700	0	0.00336
105	1247.00	1.23067e-04	3.06	1.44	0.0277	0.0244	0.100	0.305	0.100	0.100	0.00856	0.100	0.100	0.0800	0.100	0.300	0.0700	0	0.00327
106	1250.27	1.23211e-04	3.06	1.44	0.0277	0.0243	0.100	0.305	0.100	0.100	0.00857	0.100	0.100	0.0800	0.100	0.300	0.0700	0	0.00347
107	1253.52	1.23228e-04	3.06	1.44	0.0277	0.0243	0.100	0.305	0.100	0.100	0.00859	0.100	0.100	0.0800	0.100	0.300	0.0700	0	0.00335
108	1256.78	1.23224e-04	3.06	1.44	0.0277	0.0242	0.100	0.305	0.100	0.100	0.00862	0.100	0.100	0.0800	0.100	0.300	0.0700	0	0.00346
109	1260.03	1.22948e-04	3.06	1.44	0.0277	0.0241	0.100	0.305	0.100	0.100	0.00866	0.100	0.100	0.0800	0.100	0.300	0.0700	0	0.00348
110	1263.27	1.22356e-04	3.06	1.44	0.0277	0.0241	0.100	0.305	0.100	0.100	0.00872	0.100	0.100	0.0800	0.100	0.300	0.0700	0	0.00349
111	1266.51	1.21594e-04	3.06	1.44	0.0277	0.0240	0.100	0.305	0.100	0.100	0.00878	0.100	0.100	0.0800	0.100	0.300	0.0700	0	0.00363
112	1269.75	1.20589e-04	3.06	1.44	0.0277	0.0239	0.100	0.305	0.100	0.100	0.00885	0.100	0.100	0.0800	0.100	0.300	0.0700	0	0.00384
113	1272.98	1.19587e-04	3.06	1.44	0.0277	0.0239	0.100	0.305	0.100	0.100	0.00894	0.100	0.100	0.0800	0.100	0.300	0.0700	0	0.00358
114	1276.21	1.18593e-04	3.06	1.44	0.0277	0.0238	0.100	0.305	0.100	0.100	0.00903	0.100	0.100	0.0800	0.100	0.300	0.0700	0	0.00358
115	1279.44	1.17718e-04	3.06	1.44	0.0277	0.0238	0.100	0.305	0.100	0.100	0.00911	0.100	0.100	0.0800	0.100	0.300	0.0700	0	0.00343
116	1282.66	1.16941e-04	3.06	1.44	0.0277	0.0237	0.100	0.305	0.100	0.100	0.00917	0.100	0.100	0.0800	0.100	0.300	0.0700	0	0.00331
117	1285.88	1.16155e-04	3.06	1.44	0.0277	0.0236	0.100	0.305	0.100	0.100	0.00923	0.100	0.100	0.0800	0.100	0.300	0.0700	0	0.00337
118	1289.09	1.1537e-04	3.06	1.44	0.0277	0.0236	0.100	0.305	0.100	0.100	0.00929	0.100	0.100	0.0800	0.100	0.300	0.0700	0	0.00349
119	1292.30	1.14632e-04	3.06	1.44	0.0277	0.0235	0.100	0.305	0.100	0.100	0.00934	0.100	0.100	0.0800	0.100	0.300	0.0700	0	0.00324
120	1295.51	1.13846e-04	3.06	1.44	0.0277	0.0235	0.100	0.305	0.100	0.100	0.00938	0.100	0.100	0.0800	0.100	0.300	0.0700	0	0.00329
121	1298.71	1.13062e-04	3.06	1.44	0.0277	0.0234	0.100	0.305	0.100	0.100	0.00941	0.100	0.100	0.0800	0.100	0.300	0.0700	0	0.00339
122	1301.91	1.12273e-04	3.06	1.44	0.0277	0.0234	0.100	0.305	0.100	0.100	0.00943	0.100	0.100	0.0800	0.100	0.300	0.0700	0	0.00362
123	1305.11	1.11647e-04	3.06	1.44	0.0277	0.0233	0.100	0.305	0.100	0.100	0.00944	0.100	0.100	0.0800	0.100	0.300	0.0700	0	0.00320
124	1308.30	1.11191e-04	3.06	1.44	0.0277	0.0232	0.100	0.305	0.100	0.100	0.00945	0.100	0.100	0.0800	0.100	0.300	0.0700	0	0.00319
125	1311.48	1.10702e-04	3.06	1.44	0.0277	0.0232	0.100	0.305	0.100	0.100	0.00945	0.100	0.100	0.0800	0.100	0.300	0.0700	0	0.00303
126	1314.66	1.1037e-04	3.06	1.44	0.0277	0.0231	0.100	0.305	0.100	0.100	0.00944	0.100	0.100	0.0800	0.100	0.300	0.0700	0	0.00329
127	1317.84	1.10019e-04	3.06	1.44	0.0277	0.0231	0.100	0.305	0.100	0.100	0.00943	0.100	0.100	0.0800	0.100	0.300	0.0700	0	0.00347
128	1321.02	1.09539e-04	3.06	1.44	0.0277	0.0230	0.100	0.305	0.100	0.100	0.00947	0.100	0.100	0.0800	0.100	0.300	0.0700	0	0.00356
129	1324.19	1.08962e-04	3.06	1.44	0.0277	0.0230	0.100	0.305	0.100	0.100	0.00956	0.100	0.100	0.0800	0.100	0.300	0.0700	0	0.00348
130	1327.35	1.08395e-04	3.06	1.44	0.0277	0.0229	0.100	0.305	0.100	0.100	0.00969	0.100	0.100	0.0800	0.100	0.300	0.0700	0	0.00355
131	1330.52	1.07648e-04	3.06	1.44	0.0277	0.0228	0.100	0.305	0.100	0.100	0.00987	0.100	0.100	0.0800	0.100	0.300	0.0700	0	0.00345
132	1333.67	1.06855e-04	3.06	1.44	0.0277	0.0228	0.100	0.305	0.100	0.100	0.0101	0.100	0.100	0.0800	0.100	0.300	0.0700	0	0.00349
133	1336.83	1.06374e-04	3.06	1.44	0.0277	0.0227	0.100	0.305	0.100	0.100	0.0104	0.100	0.100	0.0800	0.100	0.300	0.0700	0	0.00351
134	1339.98	1.06099e-04	3.06	1.44	0.0277	0.0227	0.100	0.305	0.100	0.100	0.0107	0.100	0.100	0.0800	0.100	0.300	0.0700	0	0.00332
135	1343.12	1.06228e-04	3.06	1.44	0.0277	0.0226	0.100	0.305	0.100	0.100	0.0110	0.100	0.100	0.0800	0.100	0.300	0.0700	0	0.00347
136	1346.26	1.06764e-04	3.06	1.44	0.0277	0.0226	0.100	0.305	0.100	0.100	0.0112	0.100	0.100	0.0800	0.100	0.300	0.0700	0	0.00339
137	1349.40	1.07964e-04	3.06	1.44	0.0277	0.0225	0.100	0.305	0.100	0.100	0.0113	0.100	0.100	0.0800	0.100	0.300	0.0700	0	0.00330
138	1352.53	1.09527e-04	3.06	1.44	0.0277	0.0225	0.100	0.305	0.100	0.100	0.0114	0.100	0.100	0.0800	0.100	0.300	0.0700	0	0.00352
139	1355.66	1.11177e-04	3.06	1.44	0.0277	0.0224	0.100	0.305	0.100	0.100	0.0114	0.100	0.100	0.0800	0.100	0.300	0.0700	0	0.00336
140	1358.79	1.12889e-04	3.06	1.44	0.0277	0.0224	0.100	0.305	0.100	0.100	0.0114	0.100	0.100	0.0800	0.100	0.300	0.0700	0	0.00319
141	1361.91	1.1372e-04	3.06	1.44	0.0277	0.0223	0.100	0.305	0.100	0.100	0.0113	0.100	0.100	0.0800	0.100	0.300	0.0700	0	0.00331
142	1365.02	1.13759e-04	3.06	1.44	0.0277	0.0223	0.100	0.305	0.100	0.100	0.0112	0.100	0.100	0.0800	0.100	0.300	0.0700	0	0.00325
143	1368.14	1.1298e-04	3.06	1.44	0.0277	0.0222	0.100	0.305	0.100	0.100	0.0111	0.100	0.100	0.0800	0.100	0.300	0.0700	0	0.00303
144	1371.24	1.12319e-04	3.06	1.44	0.0277	0.0222	0.100	0.305	0.100	0.100	0.0110	0.100	0.100	0.0800	0.100	0.300	0.0700	0	0.00320
145	1374.35	1.12613e-04	3.06	1.44	0.0277	0.0221	0.100	0.305	0.100	0.100	0.0109	0.100	0.100	0.0800	0.100	0.300	0.0700	0	0.00325
146	1377.45	1.14362e-04	3.06	1.44	0.0277	0.0221	0.100	0.305	0.100	0.100	0.0108	0.100	0.100	0.0800	0.100	0.300	0.0700	0	0.00326
147	1380.54	1.16733e-04	3.06	1.44	0.0277	0.0220	0.100	0.305	0.100	0.100	0.0107	0.100	0.100	0.0800	0.100	0.300	0.0700	0	0.00365
148	1383.63	1.17899e-04	3.06	1.44	0.0277	0.0220	0.100	0.305	0.100	0.100	0.0106	0.100	0.100	0.0800	0.100	0.300	0.0700	0	0.00345
149	1386.72	1.17555e-04	3.06	1.44	0.0277	0.0219	0.100	0.305	0.100	0.100	0.0105	0.100	0.100	0.0800	0.100	0.300	0.0700	0	0.00349
150	1389.80	1.17419e-04	3.06	1.44	0.0277	0.0219	0.100	0.305	0.100	0.100	0.0104	0.100	0.100	0.0800	0.100	0.300	0.0700	0	0.00351
151	1392.88	1.18226e-04	3.08	1.45	0.0277	0.0218	0.100	0.305	0.100	0.100	0.0103	0.100	0.100	0.0800	0.100	0.300	0.0700	0	0.00347
152	1395.95	1.19031e-04	3.10	1.46	0.0277	0.0218	0.100	0.305	0.100	0.100	0.0103	0.100	0.100	0.0800	0.100	0.300	0.0700	0	0.00359
153	1399.02	1.19344e-04	3.11	1.47	0.0277	0.0217	0.100	0.305	0.100	0.100	0.0102	0.100	0.100	0.0800	0.100	0.300	0.0700	0	0.00350
154	1402.09	1.19301e-04	3.12	1.48	0.0277	0.0217	0.100	0.305	0.100	0.100	0.0102	0.100	0.100	0.0800	0.100	0.300	0.0700	0	0.00344
155	1405.15	1.19116e-04	3.12	1.48	0.0277	0.0216	0.100	0.305	0.100	0.100	0.0101	0.100	0.100	0.0800	0.100	0.300	0.0700	0	0.00355
156	1408.21	1.1856e-04	3.13	1.48	0.0277	0.0216	0.100	0.305	0.100	0.100	0.0101	0.100	0.100	0.0800	0.100	0.300	0.0700	0	0.00343
157	1411.26	1.17817e-04	3.13	1.48	0.0277	0.0215	0.100	0.305	0.100	0.100	0.0101	0.100	0.100	0.0800	0.100	0.300	0.0700	0	0.00356
158	1414.31	1.17043e-04	3.13	1.48	0.0277	0.0215	0.100	0.305	0.100	0.100	0.0101	0.100	0.100	0.0800	0.100	0.300	0.0700	0	0.00360
159	1417.35	1.16376e-04	3.13	1.48	0.0277	0.0214	0.100	0.305	0.100	0.100	0.0101	0.100	0.100	0.0800	0.100	0.300	0.0700	0	0.00377
160	1420.39	1.1584e-04	3.13	1.48	0.0277	0.0214	0.100	0.305	0.100	0.100	0.0100	0.100	0.100	0.0800	0.100	0.300	0.0700	0	0.00380
161	1423.42	1.15406e-04	3.13	1.48	0.0277	0.0214	0.100	0.305	0.100	0.100	0.00999	0.100	0.100	0.0800	0.100	0.300	0.0700	0	0.00362
162	1426.45	1.14971e-04	3.13	1.48	0.0277	0.0213	0.100	0.305	0.100	0.100	0.00996	0.100	0.100	0.0800	0.100	0.300	0.0700	0	0.00348
163	1429.48	1.14744e-04	3.13	1.48	0.0277	0.0213	0.100	0.305	0.100	0.100	0.00992	0.100	0.100	0.0800	0.100	0.300	0.0700	0	0.00345
164	1432.50	1.14563e-04	3.13	1.48	0.0277	0.0212	0.100	0.305	0.100	0.100	0.00991	0.100	0.100	0.0800	0.100	0.300	0.0700	0	0.00342
165	1435.52	1.14356e-04	3.13	1.48	0.0277	0.0212	0.100	0.305	0.100	0.100	0.00990	0.100	0.100	0.0800	0.100	0.300	0.0700	0	0.00394
166	1438.53	1.14093e-04	3.13	1.48	0.0277	0.0211	0.100	0.305	0.100	0.100	0.00991	0.100	0.100	0.0800	0.100	0.300	0.0700	0	0.00362
167	1441.53	1.13928e-04	3.12	1.47	0.0277	0.0211	0.100	0.305	0.100	0.100	0.00993	0.100	0.100	0.0800	0.100	0.300	0.0700	0	0.00388
168	1444.54	1.13741e-04	3.10	1.46	0.0277	0.0210	0.100	0.305	0.100	0.100	0.00997	0.100	0.100	0.0800	0.100	0.300	0.0700	0	0.00371
169	1447.54	1.13605e-04	3.08	1.45	0.0277	0.0210	0.100	0.305	0.100	0.100	0.0100	0.100	0.100	0.0800	0.100	0.300	0.0700	0	0.00382
170	1450.53	1.13466e-04	3.07	1.45	0.0277	0.0210	0.100	0.305	0.100	0.100	0.0101	0.100	0.100	0.0800	0.100	0.300	0.0700	0	0.00337
171	1453.52	1.13477e-04	3.10	1.47	0.0277	0.0209	0.100	0.305	0.100	0.100	0.0101	0.100	0.100	0.0800	0.100	0.300	0.0700	0	0.00364
172	1456.50	1.13549e-04	3.14	1.48	0.0277	0.0209	0.100	0.305	0.100	0.100	0.0102	0.100	0.100	0.0800	0.100	0.300	0.0700	0	0.00358
173	1459.48	1.13834e-04	3.17	1.50	0.0277	0.0208	0.100	0.305	0.100	0.100	0.0102	0.100	0.100	0.0800	0.100	0.300	0.0700	0	0.00384
174	1462.46	1.14202e-04	3.18	1.51	0.0277	0.0208	0.100	0.305	0.100	0.100	0.0103	0.100	0.100	0.0800	0.100	0.300	0.0700	0	0.00364
175	1465.43	1.1463e-04	3.18	1.51	0.0277	0.0207	0.100	0.305	0.100	0.100	0.0103	0.100	0.100	0.0800	0.100	0.300	0.0700	0	0.00366
176	1468.40	1.14971e-04	3.18	1.51	0.0277	0.0207	0.100	0.305	0.100	0.100	0.0103	0.100	0.100	0.0800	0.100	0.300	0.0700	0	0.00367
177	1471.36	1.15307e-04	3.18	1.51	0.0277	0.0207	0.100	0.305	0.100	0.100	0.0103	0.100	0.100	0.0800	0.100	0.300	0.0700	0	0.00397
178	1474.32	1.15568e-04	3.18	1.51	0.0277	0.0206	0.100	0.305	0.100	0.100	0.0103	0.100	0.100	0.0800	0.100	0.300	0.0700	0	0.00351
179	1477.27	1.15856e-04	3.18	1.51	0.0277	0.0206	0.100	0.305	0.100	0.100	0.0103	0.100	0.100	0.0800	0.100	0.300	0.0700	0	0.00356
180	1480.22	1.15997e-04	3.18	1.51	0.0277	0.0205	0.100	0.305	0.100	0.100	0.0103	0.100	0.100	0.0800	0.100	0.300	0.0700	0	0.00344
181	1483.16	1.16271e-04	3.18	1.51	0.0277	0.0205	0.100	0.305	0.100	0.100	0.0103	0.100	0.100	0.0800	0.100	0.300	0.0700	0	0.00389
182	1486.10	1.16522e-04	3.18	1.51	0.0277	0.0205	0.100	0.305	0.100	0.100	0.0103	0.100	0.100	0.0800	0.100	0.300	0.0700	0	0.00366
183	1489.03	1.16747e-04	3.18	1.51	0.0277	0.0204	0.100	0.305	0.100	0.100	0.0103	0.100	0.100	0.0800	0.100	0.300	0.0700	0	0.00362
184	1491.96	1.16998e-04	3.17	1.50	0.0277	0.0204	0.100	0.305	0.100	0.100	0.0103	0.100	0.100	0.0800	0.100	0.300	0.0700	0	0.00381
185	1494.88	1.17268e-04	3.16	1.50	0.0277	0.0203	0.100	0.305	0.100	0.100	0.0104	0.100	0.100	0.0800	0.100	0.300	0.0700	0	0.00389
186	1497.80	1.17756e-04	3.15	1.49	0.0277	0.0203	0.100	0.305	0.100	0.100	0.0104	0.100	0.100	0.0800	0.100	0.300	0.0700	0	0.00343
187	1500.72	1.1816e-04	3.15	1.49	0.0277	0.0203	0.100	0.305	0.100	0.100	0.0105	0.100	0.100	0.0800	0.100	0.300	0.0700	0	0.00391
188	1503.63	1.18539e-04	3.15	1.49	0.0277	0.0202	0.100	0.305	0.100	0.100	0.0105	0.100	0.100	0.0800	0.100	0.300	0.0700	0	0.00371
189	1506.53	1.19064e-04	3.15	1.49	0.0277	0.0202	0.100	0.305	0.100	0.100	0.0105	0.100	0.100	0.0800	0.100	0.300	0.0700	0	0.00387
190	1509.43	1.19583e-04	3.15	1.49	0.0277	0.0201	0.100	0.305	0.100	0.100	0.0106	0.100	0.100	0.0800	0.100	0.300	0.0700	0	0.00371
191	1512.33	1.20015e-04	3.15	1.49	0.0277	0.0201	0.100	0.305	0.100	0.100	0.0106	0.100	0.100	0.0800	0.100	0.300	0.0700	0	0.00381
192	1515.22	1.20583e-04	3.15	1.49	0.0277	0.0201	0.100	0.305	0.100	0.100	0.0106	0.100	0.100	0.0800	0.100	0.300	0.0700	0	0.00383
193	1518.10	1.21055e-04	3.15	1.49	0.0277	0.0200	0.100	0.305	0.100	0.100	0.0107	0.100	0.100	0.0800	0.100	0.300	0.0700	0	0.00372
194	1520.98	1.21529e-04	3.15	1.49	0.0277	0.0200	0.100	0.305	0.100	0.100	0.0107	0.100	0.100	0.0800	0.100	0.300	0.0700	0	0.00394
195	1523.86	1.22045e-04	3.15	1.49	0.0277	0.0199	0.100	0.305	0.100	0.100	0.0107	0.100	0.100	0.0800	0.100	0.300	0.0700	0	0.00364
196	1526.73	1.22628e-04	3.15	1.49	0.0277	0.0199	0.100	0.305	0.100	0.100	0.0108	0.100	0.100	0.0800	0.100	0.300	0.0700	0	0.00384
197	1529.59	1.22966e-04	3.15	1.49	0.0277	0.0199	0.100	0.305	0.100	0.100	0.0108	0.100	0.100	0.0800	0.100	0.300	0.0700	0	0.00385
198	1532.45	1.23543e-04	3.15	1.49	0.0277	0.0198	0.100	0.305	0.100	0.100	0.0108	0.100	0.100	0.0800	0.100	0.300	0.0700	0	0.00383
199	1535.31	1.23957e-04	3.15	1.49	0.0277	0.0198	0.100	0.305	0.100	0.100	0.0108	0.100	0.100	0.0800	0.100	0.300	0.0700	0	0.00406
200	1538.16	1.24573e-04	3.15	1.49	0.0277	0.0198	0.100	0.305	0.100	0.100	0.0108	0.100	0.100	0.0800	0.100	0.300	0.0700	0	0.00437
201	1541.01	1.2512e-04	3.14	1.49	0.0277	0.0197	0.100	0.305	0.100	0.100	0.0108	0.100	0.100	0.0800	0.100	0.300	0.0700	0	0.00399
202	1543.85	1.25822e-04	3.12	1.48	0.0277	0.0197	0.100	0.305	0.100	0.100	0.0108	0.100	0.100	0.0800	0.100	0.300	0.0700	0	0.00442
203	1546.68	1.26343e-04	3.10	1.47	0.0277	0.0197	0.100	0.305	0.100	0.100	0.0108	0.100	0.100	0.0800	0.100	0.300	0.0700	0	0.00377
204	1549.51	1.26906e-04	3.08	1.46	0.0277	0.0196	0.100	0.305	0.100	0.100	0.0108	0.100	0.100	0.0800	0.100	0.300	0.0700	0	0.00379
205	1552.34	1.27579e-04	3.08	1.46	0.0277	0.0196	0.100	0.305	0.100	0.100	0.0108	0.100	0.100	0.0800	0.100	0.300	0.0700	0	0.00406
206	1555.16	1.28159e-04	3.08	1.46	0.0277	0.0195	0.100	0.305	0.100	0.100	0.0108	0.100	0.100	0.0800	0.100	0.300	0.0700	0	0.00431
207	1557.97	1.2892e-04	3.08	1.46	0.0277	0.0195	0.100	0.305	0.100	0.100	0.0108	0.100	0.100	0.0800	0.100	0.300	0.0700	0	0.00387
208	1560.78	1.29646e-04	3.08	1.46	0.0277	0.0195	0.100	0.305	0.100	0.100	0.0108	0.100	0.100	0.0800	0.100	0.300	0.0700	0	0.00383
209	1563.59	1.30265e-04	3.08	1.46	0.0277	0.0194	0.100	0.305	0.100	0.100	0.0109	0.100	0.100	0.0800	0.100	0.300	0.0700	0	0.00428
210	1566.39	1.30926e-04	3.08	1.46	0.0277	0.0194	0.100	0.305	0.100	0.100	0.0109	0.100	0.100	0.0800	0.100	0.300	0.0700	0	0.00410
211	1569.18	1.31771e-04	3.08	1.46	0.0277	0.0194	0.100	0.305	0.100	0.100	0.0109	0.100	0.100	0.0800	0.100	0.300	0.0700	0	0.00402
212	1571.97	1.32219e-04	3.08	1.46	0.0277	0.0193	0.100	0.305	0.100	0.100	0.0109	0.100	0.100	0.0800	0.100	0.300	0.0700	0	0.00394
213	1574.76	1.33082e-04	3.08	1.46	0.0277	0.0193	0.100	0.305	0.100	0.100	0.0109	0.100	0.100	0.0800	0.100	0.300	0.0700	0	0.00387
214	1577.54	1.33906e-04	3.08	1.46	0.0277	0.0193	0.100	0.305	0.100	0.100	0.0110	0.100	0.100	0.0800	0.100	0.300	0.0700	0	0.00371
215	1580.31	1.3491e-04	3.08	1.46	0.0277	0.0192	0.100	0.305	0.100	0.100	0.0110	0.100	0.100	0.0800	0.100	0.300	0.0700	0	0.00439
216	1583.08	1.35765e-04	3.08	1.46	0.0277	0.0192	0.100	0.305	0.100	0.100	0.0110	0.100	0.100	0.0800	0.100	0.300	0.0700	0	0.00395
217	1585.84	1.36725e-04	3.08	1.46	0.0277	0.0192	0.100	0.305	0.100	0.100	0.0110	0.100	0.100	0.0800	0.100	0.300	0.0700	0	0.00406
218	1588.60	1.37834e-04	3.08	1.46	0.0277	0.0191	0.100	0.305	0.100	0.100	0.0111	0.100	0.100	0.0800	0.100	0.300	0.0700	0	0.00452
219	1591.35	1.38921e-04	3.08	1.45	0.0277	0.0191	0.100	0.305	0.100	0.100	0.0111	0.100	0.100	0.0800	0.100	0.300	0.0700	0	0.00434
220	1594.10	1.39988e-04	3.08	1.45	0.0277	0.0191	0.100	0.305	0.100	0.100	0.0112	0.100	0.100	0.0800	0.100	0.300	0.0700	0	0.00435
221	1596.84	1.41265e-04	3.07	1.45	0.0277	0.0190	0.100	0.305	0.100	0.100	0.0112	0.100	0.100	0.0800	0.100	0.300	0.0700	0	0.00427
222	1599.58	1.42441e-04	3.07	1.45	0.0277	0.0190	0.100	0.305	0.100	0.100	0.0113	0.100	0.100	0.0800	0.100	0.300	0.0700	0	0.00471
223	1602.31	1.43706e-04	3.10	1.46	0.0277	0.0190	0.100	0.305	0.100	0.100	0.0114	0.100	0.100	0.0800	0.100	0.300	0.0700	0	0.00495
224	1605.04	1.44812e-04	3.12	1.48	0.0277	0.0189	0.100	0.305	0.100	0.100	0.0115	0.100	0.100	0.0800	0.100	0.300	0.0700	0	0.00435
225	1607.76	1.46144e-04	3.15	1.49	0.0277	0.0189	0.100	0.305	0.100	0.100	0.0116	0.100	0.100	0.0800	0.100	0.300	0.0700	0	0.00489
226	1610.47	1.47354e-04	3.18	1.50	0.0277	0.0189	0.100	0.305	0.100	0.100	0.0116	0.100	0.100	0.0800	0.100	0.300	0.0700	0	0.00479
227	1613.18	1.48767e-04	3.18	1.50	0.0277	0.0188	0.100	0.305	0.100	0.100	0.0117	0.100	0.100	0.0800	0.100	0.300	0.0700	0	0.00440
228	1615.88	1.49916e-04	3.18	1.50	0.0277	0.0188	0.100	0.305	0.100	0.100	0.0118	0.100	0.100	0.0800	0.100	0.300	0.0700	0	0.00472
229	1618.58	1.51205e-04	3.18	1.50	0.0277	0.0188	0.100	0.305	0.100	0.100	0.0119	0.100	0.100	0.0800	0.100	0.300	0.0700	0	0.00457
230	1621.27	1.52722e-04	3.18	1.50	0.0277	0.0188	0.100	0.305	0.100	0.100	0.0119	0.100	0.100	0.0800	0.100	0.300	0.0700	0	0.00448
231	1623.96	1.54275e-04	3.18	1.50	0.0277	0.0187	0.100	0.305	0.100	0.100	0.0120	0.100	0.100	0.0800	0.100	0.300	0.0700	0	0.00483
232	1626.64	1.56036e-04	3.18	1.50	0.0277	0.0187	0.100	0.305	0.100	0.100	0.0120	0.100	0.100	0.0800	0.100	0.300	0.0700	0	0.00507
233	1629.32	1.58143e-04	3.18	1.50	0.0277	0.0187	0.100	0.305	0.100	0.100	0.0121	0.100	0.100	0.0800	0.100	0.300	0.0700	0	0.00507
234	1631.99	1.60283e-04	3.18	1.50	0.0277	0.0186	0.100	0.305	0.100	0.100	0.0121	0.100	0.100	0.0800	0.100	0.300	0.0700	0	0.00489
235	1634.66	1.62996e-04	3.18	1.50	0.0277	0.0186	0.100	0.305	0.100	0.100	0.0122	0.100	0.100	0.0800	0.100	0.300	0.0700	0	0.00479
236	1637.31	1.66223e-04	3.18	1.50	0.0277	0.0186	0.100	0.305	0.100	0.100	0.0122	0.100	0.100	0.0800	0.100	0.300	0.0700	0	0.00523
237	1639.97	1.70394e-04	3.18	1.50	0.0277	0.0185	0.100	0.305	0.100	0.100	0.0122	0.100	0.100	0.0800	0.100	0.300	0.0700	0	0.00538
238	1642.62	1.75792e-04	3.18	1.50	0.0277	0.0185	0.100	0.305	0.100	0.100	0.0123	0.100	0.100	0.0800	0.100	0.300	0.0700	0	0.00511
239	1645.26	1.83125e-04	3.18	1.50	0.0277	0.0185	0.100	0.305	0.100	0.100	0.0123	0.100	0.100	0.0800	0.100	0.300	0.0700	0	0.00571
240	1647.90	1.93483e-04	3.18	1.50	0.0277	0.0184	0.100	0.305	0.100	0.100	0.0123	0.100	0.100	0.0800	0.100	0.300	0.0700	0	0.00629
241	1650.53	2.0823e-04	3.18	1.50	0.0277	0.0184	0.100	0.305	0.100	0.100	0.0123	0.100	0.100	0.0800	0.100	0.300	0.0700	0	0.00697
242	1653.15	2.27826e-04	3.18	1.50	0.0277	0.0184	0.100	0.305	0.100	0.100	0.0123	0.100	0.100	0.0800	0.100	0.300	0.0700	0	0.00737
243	1655.77	2.55074e-04	3.18	1.50	0.0277	0.0184	0.100	0.305	0.100	0.100	0.0123	0.100	0.100	0.0800	0.100	0.300	0.0700	0	0.00915
244	1658.38	2.90355e-04	3.18	1.50	0.0277	0.0183	0.100	0.305	0.100	0.100	0.0123	0.100	0.100	0.0800	0.100	0.300	0.0700	0	0.00888
245	1660.99	3.34424e-04	3.18	1.50	0.0277	0.0183	0.100	0.305	0.100	0.100	0.0124	0.100	0.100	0.0800	0.100	0.300	0.0700	0	0.00992
246	1663.59	3.89363e-04	3.18	1.50	0.0277	0.0183	0.100	0.305	0.100	0.100	0.0124	0.100	0.100	0.0800	0.100	0.300	0.0700	0	0.0116
247	1666.19	4.55397e-04	3.18	1.50	0.0277	0.0182	0.100	0.305	0.100	0.100	0.0124	0.100	0.100	0.0800	0.100	0.300	0.0700	0	0.0116
248	1668.78	5.31537e-04	3.18	1.50	0.0277	0.0182	0.100	0.305	0.100	0.100	0.0124	0.100	0.100	0.0800	0.100	0.300	0.0700	0	0.0131
249	1671.36	6.20101e-04	3.18	1.50	0.0277	0.0182	0.100	0.305	0.100	0.100	0.0124	0.100	0.100	0.0800	0.100	0.300	0.0700	0	0.0144
250	1673.94	7.19158e-04	3.18	1.50	0.0277	0.0182	0.100	0.305	0.100	0.100	0.0125	0.100	0.100	0.0800	0.100	0.300	0.0700	0	0.0177
251	1676.52	8.33066e-04	3.18	1.50	0.0277	0.0181	0.100	0.305	0.100	0.100	0.0124	0.100	0.100	0.0800	0.100	0.300	0.0700	0	0.0210
252	1679.08	9.55798e-04	3.18	1.50	0.0277	0.0181	0.100	0.305	0.100	0.100	0.0124	0.100	0.100	0.0800	0.100	0.300	0.0700	0	0.0226
253	1681.64	1.0981e-03	3.18	1.50	0.0277	0.0181	0.100	0.305	0.100	0.100	0.0124	0.100	0.100	0.0800	0.100	0.300	0.0700	0	0.0254
254	1684.20	1.25465e-03	3.18	1.50	0.0277	0.0181	0.100	0.305	0.100	0.100	0.0123	0.100	0.100	0.0800	0.100	0.300	0.0700	0	0.0326
255	1686.75	1.4371e-03	3.18	1.50	0.0277	0.0180	0.100	0.305	0.100	0.100	0.0122	0.100	0.100	0.0800	0.100	0.300	0.0700	0	0.0333
