# hypstar_220241_radcal_L_200903_swir.dat																			
# Calibrated by Joel Kuusk, Tartu Observatory, University of Tartu, 2020-09-03																			
#																			
# Applied corrections:																			
# nonlinearity	hypstar_220241_nonlin_corr_coefs_200903.dat																		
# wavelength	hypstar_220241_wl_coefs_200910.dat																		
# thermal	none																		
# stray light	none																		
#																			
# L [mW m-2 nm-1 sr-1] = DN / inttime_ms * 1000 * cal_coef																			
# Pixel counting starts from 0																			
#																			
# px	wl	cal_coef	u_cal_coef(k=2)	u_lamp(k=1)	u_aging(k=1)	u_power(k=1)	u_align_lamp(k=1)	u_panel(k=1)	u_interp_panel(k=1)	u_align_panel(k=1)	u_wl_source(k=1)	u_lab_stray(k=1)	u_panel_backrefl(k=1)	u_dist(k=1)	u_align(k=1)	u_temp(k=1)	u_lin(k=1)	u_stray(k=1)	u_typeA(k=1)
0	873.82	2.95805e-03	1.59	0.613	0.0485	0.0348	0.100	0.305	0.100	0.100	0.00184	0.100	0.100	0.0800	0.100	0.300	0.0350	0	0.0505
1	877.47	1.36416e-03	1.59	0.613	0.0485	0.0346	0.100	0.305	0.100	0.100	0.00139	0.100	0.100	0.0800	0.100	0.300	0.0350	0	0.0234
2	881.11	8.07211e-04	1.59	0.613	0.0485	0.0345	0.100	0.305	0.100	0.100	0.000928	0.100	0.100	0.0800	0.100	0.300	0.0350	0	0.0146
3	884.74	6.09741e-04	1.59	0.613	0.0485	0.0344	0.100	0.305	0.100	0.100	0.000455	0.100	0.100	0.0800	0.100	0.300	0.0350	0	0.0111
4	888.38	5.36592e-04	1.59	0.613	0.0485	0.0342	0.100	0.305	0.100	0.100	0.0000376	0.100	0.100	0.0800	0.100	0.300	0.0350	0	0.0106
5	892.01	5.05676e-04	1.59	0.613	0.0485	0.0341	0.100	0.305	0.100	0.100	0.000538	0.100	0.100	0.0800	0.100	0.300	0.0350	0	0.00922
6	895.64	4.84827e-04	1.59	0.613	0.0485	0.0339	0.100	0.305	0.100	0.100	0.00105	0.100	0.100	0.0800	0.100	0.300	0.0350	0	0.00891
7	899.26	4.66323e-04	1.59	0.613	0.0485	0.0338	0.100	0.305	0.100	0.100	0.00156	0.100	0.100	0.0800	0.100	0.300	0.0350	0	0.00809
8	902.89	4.45243e-04	3.65	1.76	0.0485	0.0337	0.100	0.305	0.100	0.100	0.000320	0.100	0.100	0.0800	0.100	0.300	0.0350	0	0.00806
9	906.51	4.26043e-04	3.65	1.76	0.0485	0.0335	0.100	0.305	0.100	0.100	0.0000503	0.100	0.100	0.0800	0.100	0.300	0.0350	0	0.00793
10	910.12	4.0283e-04	3.65	1.76	0.0485	0.0334	0.100	0.305	0.100	0.100	0.000207	0.100	0.100	0.0800	0.100	0.300	0.0350	0	0.00729
11	913.74	3.74822e-04	3.65	1.76	0.0485	0.0333	0.100	0.305	0.100	0.100	0.000450	0.100	0.100	0.0800	0.100	0.300	0.0350	0	0.00719
12	917.35	3.42162e-04	3.65	1.76	0.0485	0.0331	0.100	0.305	0.100	0.100	0.000681	0.100	0.100	0.0800	0.100	0.300	0.0350	0	0.00632
13	920.95	3.09936e-04	3.65	1.76	0.0485	0.0330	0.100	0.305	0.100	0.100	0.000866	0.100	0.100	0.0800	0.100	0.300	0.0350	0	0.00611
14	924.56	2.84371e-04	3.65	1.76	0.0485	0.0329	0.100	0.305	0.100	0.100	0.000995	0.100	0.100	0.0800	0.100	0.300	0.0350	0	0.00507
15	928.16	2.67766e-04	3.65	1.76	0.0485	0.0328	0.100	0.305	0.100	0.100	0.00105	0.100	0.100	0.0800	0.100	0.300	0.0350	0	0.00535
16	931.75	2.56904e-04	3.65	1.76	0.0485	0.0326	0.100	0.305	0.100	0.100	0.00110	0.100	0.100	0.0800	0.100	0.300	0.0350	0	0.00530
17	935.35	2.49176e-04	3.65	1.76	0.0485	0.0325	0.100	0.305	0.100	0.100	0.00103	0.100	0.100	0.0800	0.100	0.300	0.0350	0	0.00448
18	938.94	2.43297e-04	3.65	1.76	0.0485	0.0324	0.100	0.305	0.100	0.100	0.000961	0.100	0.100	0.0800	0.100	0.300	0.0350	0	0.00445
19	942.53	2.38712e-04	3.65	1.76	0.0485	0.0323	0.100	0.305	0.100	0.100	0.000911	0.100	0.100	0.0800	0.100	0.300	0.0350	0	0.00503
20	946.11	2.34675e-04	3.65	1.76	0.0485	0.0321	0.100	0.305	0.100	0.100	0.000950	0.100	0.100	0.0800	0.100	0.300	0.0350	0	0.00449
21	949.69	2.3055e-04	3.65	1.76	0.0485	0.0320	0.100	0.305	0.100	0.100	0.00109	0.100	0.100	0.0800	0.100	0.300	0.0350	0	0.00454
22	953.27	2.26243e-04	3.65	1.76	0.0485	0.0319	0.100	0.305	0.100	0.100	0.00131	0.100	0.100	0.0800	0.100	0.300	0.0350	0	0.00448
23	956.85	2.22002e-04	3.65	1.76	0.0485	0.0318	0.100	0.305	0.100	0.100	0.00160	0.100	0.100	0.0800	0.100	0.300	0.0350	0	0.00463
24	960.42	2.17977e-04	3.65	1.76	0.0485	0.0317	0.100	0.305	0.100	0.100	0.00202	0.100	0.100	0.0800	0.100	0.300	0.0350	0	0.00416
25	963.99	2.13268e-04	3.65	1.76	0.0485	0.0315	0.100	0.305	0.100	0.100	0.00244	0.100	0.100	0.0800	0.100	0.300	0.0350	0	0.00411
26	967.55	2.08581e-04	3.65	1.76	0.0485	0.0314	0.100	0.305	0.100	0.100	0.00282	0.100	0.100	0.0800	0.100	0.300	0.0350	0	0.00410
27	971.11	2.03967e-04	3.65	1.76	0.0485	0.0313	0.100	0.305	0.100	0.100	0.00317	0.100	0.100	0.0800	0.100	0.300	0.0350	0	0.00403
28	974.67	1.99808e-04	3.65	1.76	0.0485	0.0312	0.100	0.305	0.100	0.100	0.00344	0.100	0.100	0.0800	0.100	0.300	0.0350	0	0.00435
29	978.23	1.95428e-04	3.65	1.76	0.0485	0.0311	0.100	0.305	0.100	0.100	0.00368	0.100	0.100	0.0800	0.100	0.300	0.0350	0	0.00413
30	981.78	1.90849e-04	3.65	1.76	0.0485	0.0310	0.100	0.305	0.100	0.100	0.00386	0.100	0.100	0.0800	0.100	0.300	0.0350	0	0.00384
31	985.33	1.86647e-04	3.65	1.76	0.0485	0.0309	0.100	0.305	0.100	0.100	0.00400	0.100	0.100	0.0800	0.100	0.300	0.0350	0	0.00380
32	988.87	1.83159e-04	3.65	1.76	0.0485	0.0307	0.100	0.305	0.100	0.100	0.00414	0.100	0.100	0.0800	0.100	0.300	0.0350	0	0.00375
33	992.42	1.79949e-04	3.65	1.76	0.0485	0.0306	0.100	0.305	0.100	0.100	0.00428	0.100	0.100	0.0800	0.100	0.300	0.0350	0	0.00380
34	995.95	1.7678e-04	3.65	1.76	0.0485	0.0305	0.100	0.305	0.100	0.100	0.00442	0.100	0.100	0.0800	0.100	0.300	0.0350	0	0.00357
35	999.49	1.73633e-04	3.65	1.76	0.0485	0.0304	0.100	0.305	0.100	0.100	0.00456	0.100	0.100	0.0800	0.100	0.300	0.0350	0	0.00372
36	1003.02	1.70752e-04	3.53	1.69	0.0485	0.0303	0.100	0.305	0.100	0.100	0.00470	0.100	0.100	0.0800	0.100	0.300	0.0350	0	0.00364
37	1006.55	1.68391e-04	3.39	1.62	0.0485	0.0302	0.100	0.305	0.100	0.100	0.00484	0.100	0.100	0.0800	0.100	0.300	0.0350	0	0.00355
38	1010.07	1.66584e-04	3.25	1.54	0.0485	0.0301	0.100	0.305	0.100	0.100	0.00497	0.100	0.100	0.0800	0.100	0.300	0.0350	0	0.00373
39	1013.60	1.64821e-04	3.25	1.54	0.0485	0.0300	0.100	0.305	0.100	0.100	0.00508	0.100	0.100	0.0800	0.100	0.300	0.0350	0	0.00360
40	1017.11	1.62754e-04	3.25	1.54	0.0485	0.0299	0.100	0.305	0.100	0.100	0.00518	0.100	0.100	0.0800	0.100	0.300	0.0350	0	0.00343
41	1020.63	1.61073e-04	3.25	1.54	0.0485	0.0298	0.100	0.305	0.100	0.100	0.00527	0.100	0.100	0.0800	0.100	0.300	0.0350	0	0.00344
42	1024.14	1.59258e-04	3.25	1.54	0.0485	0.0297	0.100	0.305	0.100	0.100	0.00533	0.100	0.100	0.0800	0.100	0.300	0.0350	0	0.00357
43	1027.65	1.58399e-04	3.25	1.54	0.0485	0.0296	0.100	0.305	0.100	0.100	0.00540	0.100	0.100	0.0800	0.100	0.300	0.0350	0	0.00362
44	1031.15	1.5748e-04	3.25	1.54	0.0485	0.0295	0.100	0.305	0.100	0.100	0.00546	0.100	0.100	0.0800	0.100	0.300	0.0350	0	0.00356
45	1034.65	1.56463e-04	3.25	1.54	0.0485	0.0294	0.100	0.305	0.100	0.100	0.00556	0.100	0.100	0.0800	0.100	0.300	0.0350	0	0.00347
46	1038.15	1.55517e-04	3.25	1.54	0.0485	0.0293	0.100	0.305	0.100	0.100	0.00568	0.100	0.100	0.0800	0.100	0.300	0.0350	0	0.00347
47	1041.65	1.54578e-04	3.25	1.54	0.0485	0.0292	0.100	0.305	0.100	0.100	0.00581	0.100	0.100	0.0800	0.100	0.300	0.0350	0	0.00361
48	1045.14	1.5388e-04	3.25	1.54	0.0485	0.0291	0.100	0.305	0.100	0.100	0.00598	0.100	0.100	0.0800	0.100	0.300	0.0350	0	0.00350
49	1048.62	1.53582e-04	3.25	1.54	0.0485	0.0290	0.100	0.305	0.100	0.100	0.00616	0.100	0.100	0.0800	0.100	0.300	0.0350	0	0.00348
50	1052.11	1.53339e-04	3.25	1.54	0.0485	0.0289	0.100	0.305	0.100	0.100	0.00637	0.100	0.100	0.0800	0.100	0.300	0.0350	0	0.00342
51	1055.59	1.52587e-04	3.25	1.54	0.0485	0.0288	0.100	0.305	0.100	0.100	0.00654	0.100	0.100	0.0800	0.100	0.300	0.0350	0	0.00333
52	1059.06	1.51752e-04	3.25	1.54	0.0485	0.0287	0.100	0.305	0.100	0.100	0.00670	0.100	0.100	0.0800	0.100	0.300	0.0350	0	0.00332
53	1062.54	1.5075e-04	3.25	1.54	0.0485	0.0286	0.100	0.305	0.100	0.100	0.00683	0.100	0.100	0.0800	0.100	0.300	0.0350	0	0.00335
54	1066.00	1.49882e-04	3.25	1.54	0.0485	0.0285	0.100	0.305	0.100	0.100	0.00693	0.100	0.100	0.0800	0.100	0.300	0.0350	0	0.00351
55	1069.47	1.48931e-04	3.25	1.54	0.0485	0.0284	0.100	0.305	0.100	0.100	0.00701	0.100	0.100	0.0800	0.100	0.300	0.0350	0	0.00339
56	1072.93	1.478e-04	3.25	1.54	0.0485	0.0283	0.100	0.305	0.100	0.100	0.00707	0.100	0.100	0.0800	0.100	0.300	0.0350	0	0.00350
57	1076.39	1.46477e-04	3.25	1.54	0.0485	0.0282	0.100	0.305	0.100	0.100	0.00712	0.100	0.100	0.0800	0.100	0.300	0.0350	0	0.00357
58	1079.85	1.4485e-04	3.25	1.54	0.0485	0.0282	0.100	0.305	0.100	0.100	0.00717	0.100	0.100	0.0800	0.100	0.300	0.0350	0	0.00316
59	1083.30	1.42968e-04	3.25	1.54	0.0485	0.0281	0.100	0.305	0.100	0.100	0.00722	0.100	0.100	0.0800	0.100	0.300	0.0350	0	0.00310
60	1086.75	1.41246e-04	3.25	1.54	0.0485	0.0280	0.100	0.305	0.100	0.100	0.00727	0.100	0.100	0.0800	0.100	0.300	0.0350	0	0.00332
61	1090.19	1.39239e-04	3.25	1.54	0.0485	0.0279	0.100	0.305	0.100	0.100	0.00731	0.100	0.100	0.0800	0.100	0.300	0.0350	0	0.00324
62	1093.63	1.37111e-04	3.19	1.51	0.0485	0.0278	0.100	0.305	0.100	0.100	0.00736	0.100	0.100	0.0800	0.100	0.300	0.0350	0	0.00351
63	1097.07	1.34896e-04	3.13	1.48	0.0485	0.0277	0.100	0.305	0.100	0.100	0.00742	0.100	0.100	0.0800	0.100	0.300	0.0350	0	0.00315
64	1100.50	1.32729e-04	3.08	1.46	0.0485	0.0276	0.100	0.305	0.100	0.100	0.00750	0.100	0.100	0.0800	0.100	0.300	0.0350	0	0.00339
65	1103.93	1.30773e-04	3.08	1.46	0.0485	0.0275	0.100	0.305	0.100	0.100	0.00761	0.100	0.100	0.0800	0.100	0.300	0.0350	0	0.00288
66	1107.36	1.28755e-04	3.08	1.46	0.0485	0.0275	0.100	0.305	0.100	0.100	0.00776	0.100	0.100	0.0800	0.100	0.300	0.0350	0	0.00324
67	1110.78	1.27006e-04	3.08	1.46	0.0485	0.0274	0.100	0.305	0.100	0.100	0.00792	0.100	0.100	0.0800	0.100	0.300	0.0350	0	0.00303
68	1114.20	1.25481e-04	3.08	1.46	0.0485	0.0273	0.100	0.305	0.100	0.100	0.00813	0.100	0.100	0.0800	0.100	0.300	0.0350	0	0.00299
69	1117.61	1.24294e-04	3.08	1.46	0.0485	0.0272	0.100	0.305	0.100	0.100	0.00833	0.100	0.100	0.0800	0.100	0.300	0.0350	0	0.00278
70	1121.02	1.23044e-04	3.08	1.46	0.0485	0.0271	0.100	0.305	0.100	0.100	0.00854	0.100	0.100	0.0800	0.100	0.300	0.0350	0	0.00292
71	1124.43	1.2189e-04	3.08	1.46	0.0485	0.0270	0.100	0.305	0.100	0.100	0.00871	0.100	0.100	0.0800	0.100	0.300	0.0350	0	0.00295
72	1127.84	1.20645e-04	3.08	1.46	0.0485	0.0270	0.100	0.305	0.100	0.100	0.00884	0.100	0.100	0.0800	0.100	0.300	0.0350	0	0.00299
73	1131.24	1.19836e-04	3.08	1.46	0.0485	0.0269	0.100	0.305	0.100	0.100	0.00896	0.100	0.100	0.0800	0.100	0.300	0.0350	0	0.00284
74	1134.63	1.1938e-04	3.08	1.46	0.0485	0.0268	0.100	0.305	0.100	0.100	0.00905	0.100	0.100	0.0800	0.100	0.300	0.0350	0	0.00319
75	1138.03	1.19335e-04	3.08	1.46	0.0485	0.0267	0.100	0.305	0.100	0.100	0.00911	0.100	0.100	0.0800	0.100	0.300	0.0350	0	0.00292
76	1141.41	1.19689e-04	3.08	1.45	0.0485	0.0266	0.100	0.305	0.100	0.100	0.00916	0.100	0.100	0.0800	0.100	0.300	0.0350	0	0.00290
77	1144.80	1.20103e-04	3.07	1.45	0.0485	0.0266	0.100	0.305	0.100	0.100	0.00922	0.100	0.100	0.0800	0.100	0.300	0.0350	0	0.00332
78	1148.18	1.20702e-04	3.06	1.45	0.0485	0.0265	0.100	0.305	0.100	0.100	0.00929	0.100	0.100	0.0800	0.100	0.300	0.0350	0	0.00302
79	1151.56	1.21009e-04	3.06	1.44	0.0485	0.0264	0.100	0.305	0.100	0.100	0.00938	0.100	0.100	0.0800	0.100	0.300	0.0350	0	0.00327
80	1154.93	1.2124e-04	3.06	1.44	0.0485	0.0263	0.100	0.305	0.100	0.100	0.00947	0.100	0.100	0.0800	0.100	0.300	0.0350	0	0.00325
81	1158.30	1.21453e-04	3.06	1.44	0.0485	0.0262	0.100	0.305	0.100	0.100	0.00958	0.100	0.100	0.0800	0.100	0.300	0.0350	0	0.00313
82	1161.67	1.21609e-04	3.06	1.44	0.0485	0.0262	0.100	0.305	0.100	0.100	0.00969	0.100	0.100	0.0800	0.100	0.300	0.0350	0	0.00293
83	1165.03	1.2193e-04	3.06	1.44	0.0485	0.0261	0.100	0.305	0.100	0.100	0.00980	0.100	0.100	0.0800	0.100	0.300	0.0350	0	0.00300
84	1168.39	1.22045e-04	3.06	1.44	0.0485	0.0260	0.100	0.305	0.100	0.100	0.00988	0.100	0.100	0.0800	0.100	0.300	0.0350	0	0.00300
85	1171.75	1.22049e-04	3.06	1.44	0.0485	0.0259	0.100	0.305	0.100	0.100	0.00994	0.100	0.100	0.0800	0.100	0.300	0.0350	0	0.00301
86	1175.10	1.21737e-04	3.06	1.44	0.0485	0.0259	0.100	0.305	0.100	0.100	0.00997	0.100	0.100	0.0800	0.100	0.300	0.0350	0	0.00304
87	1178.45	1.20991e-04	3.06	1.44	0.0485	0.0258	0.100	0.305	0.100	0.100	0.00999	0.100	0.100	0.0800	0.100	0.300	0.0350	0	0.00316
88	1181.79	1.20066e-04	3.06	1.44	0.0485	0.0257	0.100	0.305	0.100	0.100	0.00999	0.100	0.100	0.0800	0.100	0.300	0.0350	0	0.00283
89	1185.13	1.189e-04	3.06	1.44	0.0485	0.0257	0.100	0.305	0.100	0.100	0.00995	0.100	0.100	0.0800	0.100	0.300	0.0350	0	0.00317
90	1188.47	1.17624e-04	3.06	1.44	0.0485	0.0256	0.100	0.305	0.100	0.100	0.00992	0.100	0.100	0.0800	0.100	0.300	0.0350	0	0.00302
91	1191.80	1.16312e-04	3.06	1.44	0.0485	0.0255	0.100	0.305	0.100	0.100	0.00988	0.100	0.100	0.0800	0.100	0.300	0.0350	0	0.00314
92	1195.13	1.14773e-04	3.06	1.44	0.0485	0.0254	0.100	0.305	0.100	0.100	0.00981	0.100	0.100	0.0800	0.100	0.300	0.0350	0	0.00293
93	1198.45	1.13454e-04	3.06	1.44	0.0485	0.0254	0.100	0.305	0.100	0.100	0.00976	0.100	0.100	0.0800	0.100	0.300	0.0350	0	0.00304
94	1201.77	1.12268e-04	3.06	1.44	0.0485	0.0253	0.100	0.305	0.100	0.100	0.00970	0.100	0.100	0.0800	0.100	0.300	0.0350	0	0.00285
95	1205.09	1.11253e-04	3.06	1.44	0.0485	0.0252	0.100	0.305	0.100	0.100	0.00960	0.100	0.100	0.0800	0.100	0.300	0.0350	0	0.00314
96	1208.40	1.10512e-04	3.06	1.44	0.0485	0.0252	0.100	0.305	0.100	0.100	0.00954	0.100	0.100	0.0800	0.100	0.300	0.0350	0	0.00290
97	1211.71	1.09984e-04	3.06	1.44	0.0485	0.0251	0.100	0.305	0.100	0.100	0.00952	0.100	0.100	0.0800	0.100	0.300	0.0350	0	0.00308
98	1215.01	1.09746e-04	3.06	1.44	0.0485	0.0250	0.100	0.305	0.100	0.100	0.00953	0.100	0.100	0.0800	0.100	0.300	0.0350	0	0.00292
99	1218.32	1.09686e-04	3.06	1.44	0.0485	0.0250	0.100	0.305	0.100	0.100	0.00957	0.100	0.100	0.0800	0.100	0.300	0.0350	0	0.00291
100	1221.61	1.09572e-04	3.06	1.44	0.0485	0.0249	0.100	0.305	0.100	0.100	0.00964	0.100	0.100	0.0800	0.100	0.300	0.0350	0	0.00292
101	1224.91	1.092e-04	3.06	1.44	0.0485	0.0248	0.100	0.305	0.100	0.100	0.00975	0.100	0.100	0.0800	0.100	0.300	0.0350	0	0.00302
102	1228.20	1.08669e-04	3.06	1.44	0.0485	0.0248	0.100	0.305	0.100	0.100	0.00990	0.100	0.100	0.0800	0.100	0.300	0.0350	0	0.00288
103	1231.48	1.08193e-04	3.06	1.44	0.0485	0.0247	0.100	0.305	0.100	0.100	0.0100	0.100	0.100	0.0800	0.100	0.300	0.0350	0	0.00300
104	1234.76	1.07757e-04	3.06	1.44	0.0485	0.0246	0.100	0.305	0.100	0.100	0.0101	0.100	0.100	0.0800	0.100	0.300	0.0350	0	0.00290
105	1238.04	1.07445e-04	3.06	1.44	0.0485	0.0246	0.100	0.305	0.100	0.100	0.0102	0.100	0.100	0.0800	0.100	0.300	0.0350	0	0.00304
106	1241.31	1.07173e-04	3.06	1.44	0.0485	0.0245	0.100	0.305	0.100	0.100	0.0103	0.100	0.100	0.0800	0.100	0.300	0.0350	0	0.00289
107	1244.58	1.07212e-04	3.06	1.44	0.0485	0.0244	0.100	0.305	0.100	0.100	0.0104	0.100	0.100	0.0800	0.100	0.300	0.0350	0	0.00298
108	1247.85	1.07204e-04	3.06	1.44	0.0485	0.0244	0.100	0.305	0.100	0.100	0.0104	0.100	0.100	0.0800	0.100	0.300	0.0350	0	0.00305
109	1251.11	1.07389e-04	3.06	1.44	0.0485	0.0243	0.100	0.305	0.100	0.100	0.0104	0.100	0.100	0.0800	0.100	0.300	0.0350	0	0.00295
110	1254.37	1.07342e-04	3.06	1.44	0.0485	0.0242	0.100	0.305	0.100	0.100	0.0104	0.100	0.100	0.0800	0.100	0.300	0.0350	0	0.00287
111	1257.62	1.07148e-04	3.06	1.44	0.0485	0.0242	0.100	0.305	0.100	0.100	0.0105	0.100	0.100	0.0800	0.100	0.300	0.0350	0	0.00304
112	1260.87	1.06823e-04	3.06	1.44	0.0485	0.0241	0.100	0.305	0.100	0.100	0.0105	0.100	0.100	0.0800	0.100	0.300	0.0350	0	0.00332
113	1264.12	1.06196e-04	3.06	1.44	0.0485	0.0240	0.100	0.305	0.100	0.100	0.0106	0.100	0.100	0.0800	0.100	0.300	0.0350	0	0.00295
114	1267.36	1.05501e-04	3.06	1.44	0.0485	0.0240	0.100	0.305	0.100	0.100	0.0107	0.100	0.100	0.0800	0.100	0.300	0.0350	0	0.00312
115	1270.60	1.04591e-04	3.06	1.44	0.0485	0.0239	0.100	0.305	0.100	0.100	0.0108	0.100	0.100	0.0800	0.100	0.300	0.0350	0	0.00313
116	1273.83	1.03786e-04	3.06	1.44	0.0485	0.0239	0.100	0.305	0.100	0.100	0.0109	0.100	0.100	0.0800	0.100	0.300	0.0350	0	0.00300
117	1277.06	1.02998e-04	3.06	1.44	0.0485	0.0238	0.100	0.305	0.100	0.100	0.0110	0.100	0.100	0.0800	0.100	0.300	0.0350	0	0.00293
118	1280.29	1.02253e-04	3.06	1.44	0.0485	0.0237	0.100	0.305	0.100	0.100	0.0111	0.100	0.100	0.0800	0.100	0.300	0.0350	0	0.00318
119	1283.51	1.01509e-04	3.06	1.44	0.0485	0.0237	0.100	0.305	0.100	0.100	0.0112	0.100	0.100	0.0800	0.100	0.300	0.0350	0	0.00287
120	1286.73	1.00891e-04	3.06	1.44	0.0485	0.0236	0.100	0.305	0.100	0.100	0.0112	0.100	0.100	0.0800	0.100	0.300	0.0350	0	0.00279
121	1289.94	1.00253e-04	3.06	1.44	0.0485	0.0236	0.100	0.305	0.100	0.100	0.0113	0.100	0.100	0.0800	0.100	0.300	0.0350	0	0.00263
122	1293.15	9.95372e-05	3.06	1.44	0.0485	0.0235	0.100	0.305	0.100	0.100	0.0114	0.100	0.100	0.0800	0.100	0.300	0.0350	0	0.00317
123	1296.36	9.88875e-05	3.06	1.44	0.0485	0.0235	0.100	0.305	0.100	0.100	0.0114	0.100	0.100	0.0800	0.100	0.300	0.0350	0	0.00279
124	1299.56	9.82419e-05	3.06	1.44	0.0485	0.0234	0.100	0.305	0.100	0.100	0.0114	0.100	0.100	0.0800	0.100	0.300	0.0350	0	0.00301
125	1302.76	9.76384e-05	3.06	1.44	0.0485	0.0233	0.100	0.305	0.100	0.100	0.0115	0.100	0.100	0.0800	0.100	0.300	0.0350	0	0.00293
126	1305.95	9.7164e-05	3.06	1.44	0.0485	0.0233	0.100	0.305	0.100	0.100	0.0115	0.100	0.100	0.0800	0.100	0.300	0.0350	0	0.00289
127	1309.14	9.675e-05	3.06	1.44	0.0485	0.0232	0.100	0.305	0.100	0.100	0.0115	0.100	0.100	0.0800	0.100	0.300	0.0350	0	0.00279
128	1312.33	9.65288e-05	3.06	1.44	0.0485	0.0232	0.100	0.305	0.100	0.100	0.0115	0.100	0.100	0.0800	0.100	0.300	0.0350	0	0.00301
129	1315.51	9.61913e-05	3.06	1.44	0.0485	0.0231	0.100	0.305	0.100	0.100	0.0115	0.100	0.100	0.0800	0.100	0.300	0.0350	0	0.00293
130	1318.69	9.58828e-05	3.06	1.44	0.0485	0.0231	0.100	0.305	0.100	0.100	0.0115	0.100	0.100	0.0800	0.100	0.300	0.0350	0	0.00289
131	1321.86	9.5588e-05	3.06	1.44	0.0485	0.0230	0.100	0.305	0.100	0.100	0.0115	0.100	0.100	0.0800	0.100	0.300	0.0350	0	0.00309
132	1325.03	9.50632e-05	3.06	1.44	0.0485	0.0229	0.100	0.305	0.100	0.100	0.0116	0.100	0.100	0.0800	0.100	0.300	0.0350	0	0.00300
133	1328.20	9.44669e-05	3.06	1.44	0.0485	0.0229	0.100	0.305	0.100	0.100	0.0118	0.100	0.100	0.0800	0.100	0.300	0.0350	0	0.00299
134	1331.36	9.37386e-05	3.06	1.44	0.0485	0.0228	0.100	0.305	0.100	0.100	0.0121	0.100	0.100	0.0800	0.100	0.300	0.0350	0	0.00285
135	1334.51	9.31224e-05	3.06	1.44	0.0485	0.0228	0.100	0.305	0.100	0.100	0.0123	0.100	0.100	0.0800	0.100	0.300	0.0350	0	0.00308
136	1337.67	9.26802e-05	3.06	1.44	0.0485	0.0227	0.100	0.305	0.100	0.100	0.0127	0.100	0.100	0.0800	0.100	0.300	0.0350	0	0.00281
137	1340.82	9.23963e-05	3.06	1.44	0.0485	0.0227	0.100	0.305	0.100	0.100	0.0130	0.100	0.100	0.0800	0.100	0.300	0.0350	0	0.00274
138	1343.96	9.25445e-05	3.06	1.44	0.0485	0.0226	0.100	0.305	0.100	0.100	0.0134	0.100	0.100	0.0800	0.100	0.300	0.0350	0	0.00284
139	1347.10	9.30043e-05	3.06	1.44	0.0485	0.0226	0.100	0.305	0.100	0.100	0.0136	0.100	0.100	0.0800	0.100	0.300	0.0350	0	0.00288
140	1350.24	9.41003e-05	3.06	1.44	0.0485	0.0225	0.100	0.305	0.100	0.100	0.0137	0.100	0.100	0.0800	0.100	0.300	0.0350	0	0.00297
141	1353.37	9.53747e-05	3.06	1.44	0.0485	0.0225	0.100	0.305	0.100	0.100	0.0138	0.100	0.100	0.0800	0.100	0.300	0.0350	0	0.00293
142	1356.50	9.67498e-05	3.06	1.44	0.0485	0.0224	0.100	0.305	0.100	0.100	0.0138	0.100	0.100	0.0800	0.100	0.300	0.0350	0	0.00292
143	1359.62	9.7844e-05	3.06	1.44	0.0485	0.0224	0.100	0.305	0.100	0.100	0.0138	0.100	0.100	0.0800	0.100	0.300	0.0350	0	0.00294
144	1362.74	9.82958e-05	3.06	1.44	0.0485	0.0223	0.100	0.305	0.100	0.100	0.0137	0.100	0.100	0.0800	0.100	0.300	0.0350	0	0.00284
145	1365.86	9.82469e-05	3.06	1.44	0.0485	0.0223	0.100	0.305	0.100	0.100	0.0136	0.100	0.100	0.0800	0.100	0.300	0.0350	0	0.00277
146	1368.97	9.78255e-05	3.06	1.44	0.0485	0.0222	0.100	0.305	0.100	0.100	0.0134	0.100	0.100	0.0800	0.100	0.300	0.0350	0	0.00272
147	1372.08	9.77287e-05	3.06	1.44	0.0485	0.0222	0.100	0.305	0.100	0.100	0.0133	0.100	0.100	0.0800	0.100	0.300	0.0350	0	0.00311
148	1375.18	9.82125e-05	3.06	1.44	0.0485	0.0221	0.100	0.305	0.100	0.100	0.0132	0.100	0.100	0.0800	0.100	0.300	0.0350	0	0.00303
149	1378.28	9.98733e-05	3.06	1.44	0.0485	0.0221	0.100	0.305	0.100	0.100	0.0130	0.100	0.100	0.0800	0.100	0.300	0.0350	0	0.00309
150	1381.38	1.01383e-04	3.06	1.44	0.0485	0.0220	0.100	0.305	0.100	0.100	0.0129	0.100	0.100	0.0800	0.100	0.300	0.0350	0	0.00308
151	1384.47	1.01978e-04	3.06	1.44	0.0485	0.0220	0.100	0.305	0.100	0.100	0.0128	0.100	0.100	0.0800	0.100	0.300	0.0350	0	0.00301
152	1387.55	1.01626e-04	3.06	1.44	0.0485	0.0219	0.100	0.305	0.100	0.100	0.0127	0.100	0.100	0.0800	0.100	0.300	0.0350	0	0.00296
153	1390.64	1.01875e-04	3.06	1.45	0.0485	0.0219	0.100	0.305	0.100	0.100	0.0126	0.100	0.100	0.0800	0.100	0.300	0.0350	0	0.00316
154	1393.72	1.02381e-04	3.08	1.46	0.0485	0.0218	0.100	0.305	0.100	0.100	0.0125	0.100	0.100	0.0800	0.100	0.300	0.0350	0	0.00316
155	1396.79	1.02947e-04	3.10	1.47	0.0485	0.0218	0.100	0.305	0.100	0.100	0.0124	0.100	0.100	0.0800	0.100	0.300	0.0350	0	0.00324
156	1399.86	1.02926e-04	3.12	1.47	0.0485	0.0217	0.100	0.305	0.100	0.100	0.0124	0.100	0.100	0.0800	0.100	0.300	0.0350	0	0.00308
157	1402.93	1.0308e-04	3.12	1.48	0.0485	0.0217	0.100	0.305	0.100	0.100	0.0123	0.100	0.100	0.0800	0.100	0.300	0.0350	0	0.00328
158	1405.99	1.02614e-04	3.12	1.48	0.0485	0.0216	0.100	0.305	0.100	0.100	0.0123	0.100	0.100	0.0800	0.100	0.300	0.0350	0	0.00317
159	1409.05	1.02158e-04	3.13	1.48	0.0485	0.0216	0.100	0.305	0.100	0.100	0.0123	0.100	0.100	0.0800	0.100	0.300	0.0350	0	0.00326
160	1412.10	1.01623e-04	3.13	1.48	0.0485	0.0215	0.100	0.305	0.100	0.100	0.0123	0.100	0.100	0.0800	0.100	0.300	0.0350	0	0.00333
161	1415.15	1.01092e-04	3.13	1.48	0.0485	0.0215	0.100	0.305	0.100	0.100	0.0122	0.100	0.100	0.0800	0.100	0.300	0.0350	0	0.00337
162	1418.19	1.00584e-04	3.13	1.48	0.0485	0.0214	0.100	0.305	0.100	0.100	0.0122	0.100	0.100	0.0800	0.100	0.300	0.0350	0	0.00317
163	1421.24	1.00163e-04	3.13	1.48	0.0485	0.0214	0.100	0.305	0.100	0.100	0.0122	0.100	0.100	0.0800	0.100	0.300	0.0350	0	0.00345
164	1424.27	9.99231e-05	3.13	1.48	0.0485	0.0213	0.100	0.305	0.100	0.100	0.0121	0.100	0.100	0.0800	0.100	0.300	0.0350	0	0.00326
165	1427.30	9.96925e-05	3.13	1.48	0.0485	0.0213	0.100	0.305	0.100	0.100	0.0121	0.100	0.100	0.0800	0.100	0.300	0.0350	0	0.00352
166	1430.33	9.94497e-05	3.13	1.48	0.0485	0.0213	0.100	0.305	0.100	0.100	0.0120	0.100	0.100	0.0800	0.100	0.300	0.0350	0	0.00321
167	1433.36	9.9334e-05	3.13	1.48	0.0485	0.0212	0.100	0.305	0.100	0.100	0.0120	0.100	0.100	0.0800	0.100	0.300	0.0350	0	0.00340
168	1436.38	9.91527e-05	3.13	1.48	0.0485	0.0212	0.100	0.305	0.100	0.100	0.0120	0.100	0.100	0.0800	0.100	0.300	0.0350	0	0.00318
169	1439.39	9.89355e-05	3.13	1.48	0.0485	0.0211	0.100	0.305	0.100	0.100	0.0120	0.100	0.100	0.0800	0.100	0.300	0.0350	0	0.00318
170	1442.40	9.88697e-05	3.11	1.47	0.0485	0.0211	0.100	0.305	0.100	0.100	0.0121	0.100	0.100	0.0800	0.100	0.300	0.0350	0	0.00342
171	1445.41	9.88541e-05	3.09	1.46	0.0485	0.0210	0.100	0.305	0.100	0.100	0.0121	0.100	0.100	0.0800	0.100	0.300	0.0350	0	0.00321
172	1448.41	9.86596e-05	3.07	1.45	0.0485	0.0210	0.100	0.305	0.100	0.100	0.0122	0.100	0.100	0.0800	0.100	0.300	0.0350	0	0.00315
173	1451.41	9.86399e-05	3.08	1.45	0.0485	0.0209	0.100	0.305	0.100	0.100	0.0123	0.100	0.100	0.0800	0.100	0.300	0.0350	0	0.00332
174	1454.41	9.85973e-05	3.11	1.47	0.0485	0.0209	0.100	0.305	0.100	0.100	0.0123	0.100	0.100	0.0800	0.100	0.300	0.0350	0	0.00349
175	1457.40	9.87272e-05	3.14	1.49	0.0485	0.0209	0.100	0.305	0.100	0.100	0.0124	0.100	0.100	0.0800	0.100	0.300	0.0350	0	0.00332
176	1460.39	9.9049e-05	3.17	1.51	0.0485	0.0208	0.100	0.305	0.100	0.100	0.0124	0.100	0.100	0.0800	0.100	0.300	0.0350	0	0.00345
177	1463.37	9.93539e-05	3.18	1.51	0.0485	0.0208	0.100	0.305	0.100	0.100	0.0125	0.100	0.100	0.0800	0.100	0.300	0.0350	0	0.00353
178	1466.35	9.96801e-05	3.18	1.51	0.0485	0.0207	0.100	0.305	0.100	0.100	0.0125	0.100	0.100	0.0800	0.100	0.300	0.0350	0	0.00339
179	1469.32	9.98716e-05	3.18	1.51	0.0485	0.0207	0.100	0.305	0.100	0.100	0.0125	0.100	0.100	0.0800	0.100	0.300	0.0350	0	0.00322
180	1472.29	1.00181e-04	3.18	1.51	0.0485	0.0206	0.100	0.305	0.100	0.100	0.0125	0.100	0.100	0.0800	0.100	0.300	0.0350	0	0.00365
181	1475.25	1.00427e-04	3.18	1.51	0.0485	0.0206	0.100	0.305	0.100	0.100	0.0125	0.100	0.100	0.0800	0.100	0.300	0.0350	0	0.00351
182	1478.21	1.00551e-04	3.18	1.51	0.0485	0.0206	0.100	0.305	0.100	0.100	0.0125	0.100	0.100	0.0800	0.100	0.300	0.0350	0	0.00372
183	1481.17	1.00808e-04	3.18	1.51	0.0485	0.0205	0.100	0.305	0.100	0.100	0.0125	0.100	0.100	0.0800	0.100	0.300	0.0350	0	0.00345
184	1484.12	1.0089e-04	3.18	1.51	0.0485	0.0205	0.100	0.305	0.100	0.100	0.0125	0.100	0.100	0.0800	0.100	0.300	0.0350	0	0.00369
185	1487.07	1.01148e-04	3.18	1.51	0.0485	0.0204	0.100	0.305	0.100	0.100	0.0125	0.100	0.100	0.0800	0.100	0.300	0.0350	0	0.00332
186	1490.02	1.01355e-04	3.17	1.50	0.0485	0.0204	0.100	0.305	0.100	0.100	0.0125	0.100	0.100	0.0800	0.100	0.300	0.0350	0	0.00360
187	1492.96	1.01618e-04	3.17	1.50	0.0485	0.0204	0.100	0.305	0.100	0.100	0.0126	0.100	0.100	0.0800	0.100	0.300	0.0350	0	0.00356
188	1495.89	1.01844e-04	3.16	1.50	0.0485	0.0203	0.100	0.305	0.100	0.100	0.0126	0.100	0.100	0.0800	0.100	0.300	0.0350	0	0.00359
189	1498.82	1.02192e-04	3.15	1.49	0.0485	0.0203	0.100	0.305	0.100	0.100	0.0127	0.100	0.100	0.0800	0.100	0.300	0.0350	0	0.00343
190	1501.75	1.02518e-04	3.15	1.49	0.0485	0.0202	0.100	0.305	0.100	0.100	0.0127	0.100	0.100	0.0800	0.100	0.300	0.0350	0	0.00354
191	1504.67	1.02969e-04	3.15	1.49	0.0485	0.0202	0.100	0.305	0.100	0.100	0.0128	0.100	0.100	0.0800	0.100	0.300	0.0350	0	0.00366
192	1507.59	1.03427e-04	3.15	1.49	0.0485	0.0202	0.100	0.305	0.100	0.100	0.0128	0.100	0.100	0.0800	0.100	0.300	0.0350	0	0.00350
193	1510.50	1.0378e-04	3.15	1.49	0.0485	0.0201	0.100	0.305	0.100	0.100	0.0129	0.100	0.100	0.0800	0.100	0.300	0.0350	0	0.00318
194	1513.41	1.0423e-04	3.15	1.49	0.0485	0.0201	0.100	0.305	0.100	0.100	0.0129	0.100	0.100	0.0800	0.100	0.300	0.0350	0	0.00375
195	1516.32	1.04604e-04	3.15	1.49	0.0485	0.0200	0.100	0.305	0.100	0.100	0.0129	0.100	0.100	0.0800	0.100	0.300	0.0350	0	0.00338
196	1519.22	1.05097e-04	3.15	1.49	0.0485	0.0200	0.100	0.305	0.100	0.100	0.0130	0.100	0.100	0.0800	0.100	0.300	0.0350	0	0.00401
197	1522.12	1.05487e-04	3.15	1.49	0.0485	0.0200	0.100	0.305	0.100	0.100	0.0130	0.100	0.100	0.0800	0.100	0.300	0.0350	0	0.00360
198	1525.01	1.05778e-04	3.15	1.49	0.0485	0.0199	0.100	0.305	0.100	0.100	0.0130	0.100	0.100	0.0800	0.100	0.300	0.0350	0	0.00383
199	1527.90	1.06252e-04	3.15	1.49	0.0485	0.0199	0.100	0.305	0.100	0.100	0.0131	0.100	0.100	0.0800	0.100	0.300	0.0350	0	0.00394
200	1530.78	1.06593e-04	3.15	1.49	0.0485	0.0199	0.100	0.305	0.100	0.100	0.0131	0.100	0.100	0.0800	0.100	0.300	0.0350	0	0.00394
201	1533.66	1.0703e-04	3.15	1.49	0.0485	0.0198	0.100	0.305	0.100	0.100	0.0131	0.100	0.100	0.0800	0.100	0.300	0.0350	0	0.00390
202	1536.54	1.07472e-04	3.15	1.49	0.0485	0.0198	0.100	0.305	0.100	0.100	0.0131	0.100	0.100	0.0800	0.100	0.300	0.0350	0	0.00387
203	1539.41	1.07791e-04	3.15	1.49	0.0485	0.0197	0.100	0.305	0.100	0.100	0.0131	0.100	0.100	0.0800	0.100	0.300	0.0350	0	0.00360
204	1542.28	1.08404e-04	3.13	1.48	0.0485	0.0197	0.100	0.305	0.100	0.100	0.0131	0.100	0.100	0.0800	0.100	0.300	0.0350	0	0.00373
205	1545.14	1.08895e-04	3.11	1.47	0.0485	0.0197	0.100	0.305	0.100	0.100	0.0131	0.100	0.100	0.0800	0.100	0.300	0.0350	0	0.00408
206	1548.00	1.09323e-04	3.09	1.46	0.0485	0.0196	0.100	0.305	0.100	0.100	0.0131	0.100	0.100	0.0800	0.100	0.300	0.0350	0	0.00397
207	1550.86	1.09924e-04	3.08	1.46	0.0485	0.0196	0.100	0.305	0.100	0.100	0.0131	0.100	0.100	0.0800	0.100	0.300	0.0350	0	0.00425
208	1553.71	1.10435e-04	3.08	1.46	0.0485	0.0196	0.100	0.305	0.100	0.100	0.0131	0.100	0.100	0.0800	0.100	0.300	0.0350	0	0.00418
209	1556.55	1.10946e-04	3.08	1.46	0.0485	0.0195	0.100	0.305	0.100	0.100	0.0131	0.100	0.100	0.0800	0.100	0.300	0.0350	0	0.00411
210	1559.39	1.11464e-04	3.08	1.46	0.0485	0.0195	0.100	0.305	0.100	0.100	0.0131	0.100	0.100	0.0800	0.100	0.300	0.0350	0	0.00407
211	1562.23	1.12053e-04	3.08	1.46	0.0485	0.0195	0.100	0.305	0.100	0.100	0.0132	0.100	0.100	0.0800	0.100	0.300	0.0350	0	0.00372
212	1565.07	1.12622e-04	3.08	1.46	0.0485	0.0194	0.100	0.305	0.100	0.100	0.0132	0.100	0.100	0.0800	0.100	0.300	0.0350	0	0.00427
213	1567.89	1.13175e-04	3.08	1.46	0.0485	0.0194	0.100	0.305	0.100	0.100	0.0132	0.100	0.100	0.0800	0.100	0.300	0.0350	0	0.00406
214	1570.72	1.13704e-04	3.08	1.46	0.0485	0.0194	0.100	0.305	0.100	0.100	0.0133	0.100	0.100	0.0800	0.100	0.300	0.0350	0	0.00409
215	1573.54	1.14369e-04	3.08	1.46	0.0485	0.0193	0.100	0.305	0.100	0.100	0.0133	0.100	0.100	0.0800	0.100	0.300	0.0350	0	0.00402
216	1576.36	1.15033e-04	3.08	1.46	0.0485	0.0193	0.100	0.305	0.100	0.100	0.0133	0.100	0.100	0.0800	0.100	0.300	0.0350	0	0.00422
217	1579.17	1.15732e-04	3.08	1.46	0.0485	0.0193	0.100	0.305	0.100	0.100	0.0133	0.100	0.100	0.0800	0.100	0.300	0.0350	0	0.00431
218	1581.98	1.1647e-04	3.08	1.46	0.0485	0.0192	0.100	0.305	0.100	0.100	0.0134	0.100	0.100	0.0800	0.100	0.300	0.0350	0	0.00460
219	1584.78	1.17306e-04	3.08	1.46	0.0485	0.0192	0.100	0.305	0.100	0.100	0.0134	0.100	0.100	0.0800	0.100	0.300	0.0350	0	0.00432
220	1587.58	1.18126e-04	3.08	1.46	0.0485	0.0191	0.100	0.305	0.100	0.100	0.0134	0.100	0.100	0.0800	0.100	0.300	0.0350	0	0.00416
221	1590.37	1.18942e-04	3.08	1.45	0.0485	0.0191	0.100	0.305	0.100	0.100	0.0135	0.100	0.100	0.0800	0.100	0.300	0.0350	0	0.00419
222	1593.16	1.19934e-04	3.08	1.45	0.0485	0.0191	0.100	0.305	0.100	0.100	0.0136	0.100	0.100	0.0800	0.100	0.300	0.0350	0	0.00410
223	1595.95	1.20812e-04	3.07	1.45	0.0485	0.0190	0.100	0.305	0.100	0.100	0.0136	0.100	0.100	0.0800	0.100	0.300	0.0350	0	0.00425
224	1598.73	1.21722e-04	3.07	1.45	0.0485	0.0190	0.100	0.305	0.100	0.100	0.0137	0.100	0.100	0.0800	0.100	0.300	0.0350	0	0.00430
225	1601.51	1.22891e-04	3.09	1.46	0.0485	0.0190	0.100	0.305	0.100	0.100	0.0138	0.100	0.100	0.0800	0.100	0.300	0.0350	0	0.00463
226	1604.28	1.23677e-04	3.11	1.47	0.0485	0.0189	0.100	0.305	0.100	0.100	0.0139	0.100	0.100	0.0800	0.100	0.300	0.0350	0	0.00461
227	1607.05	1.2476e-04	3.14	1.49	0.0485	0.0189	0.100	0.305	0.100	0.100	0.0140	0.100	0.100	0.0800	0.100	0.300	0.0350	0	0.00467
228	1609.82	1.25643e-04	3.17	1.50	0.0485	0.0189	0.100	0.305	0.100	0.100	0.0141	0.100	0.100	0.0800	0.100	0.300	0.0350	0	0.00453
229	1612.58	1.26908e-04	3.17	1.50	0.0485	0.0189	0.100	0.305	0.100	0.100	0.0142	0.100	0.100	0.0800	0.100	0.300	0.0350	0	0.00468
230	1615.34	1.27819e-04	3.17	1.50	0.0485	0.0188	0.100	0.305	0.100	0.100	0.0143	0.100	0.100	0.0800	0.100	0.300	0.0350	0	0.00475
231	1618.09	1.29042e-04	3.17	1.50	0.0485	0.0188	0.100	0.305	0.100	0.100	0.0144	0.100	0.100	0.0800	0.100	0.300	0.0350	0	0.00471
232	1620.84	1.30149e-04	3.17	1.50	0.0485	0.0188	0.100	0.305	0.100	0.100	0.0145	0.100	0.100	0.0800	0.100	0.300	0.0350	0	0.00457
233	1623.58	1.31513e-04	3.17	1.50	0.0485	0.0187	0.100	0.305	0.100	0.100	0.0145	0.100	0.100	0.0800	0.100	0.300	0.0350	0	0.00480
234	1626.32	1.32799e-04	3.17	1.50	0.0485	0.0187	0.100	0.305	0.100	0.100	0.0146	0.100	0.100	0.0800	0.100	0.300	0.0350	0	0.00541
235	1629.06	1.34398e-04	3.17	1.50	0.0485	0.0187	0.100	0.305	0.100	0.100	0.0147	0.100	0.100	0.0800	0.100	0.300	0.0350	0	0.00496
236	1631.79	1.36172e-04	3.17	1.50	0.0485	0.0186	0.100	0.305	0.100	0.100	0.0147	0.100	0.100	0.0800	0.100	0.300	0.0350	0	0.00511
237	1634.51	1.38554e-04	3.17	1.50	0.0485	0.0186	0.100	0.305	0.100	0.100	0.0148	0.100	0.100	0.0800	0.100	0.300	0.0350	0	0.00527
238	1637.24	1.41205e-04	3.17	1.50	0.0485	0.0186	0.100	0.305	0.100	0.100	0.0148	0.100	0.100	0.0800	0.100	0.300	0.0350	0	0.00553
239	1639.95	1.44559e-04	3.17	1.50	0.0485	0.0185	0.100	0.305	0.100	0.100	0.0148	0.100	0.100	0.0800	0.100	0.300	0.0350	0	0.00571
240	1642.67	1.49253e-04	3.17	1.50	0.0485	0.0185	0.100	0.305	0.100	0.100	0.0149	0.100	0.100	0.0800	0.100	0.300	0.0350	0	0.00533
241	1645.38	1.55896e-04	3.17	1.50	0.0485	0.0185	0.100	0.305	0.100	0.100	0.0149	0.100	0.100	0.0800	0.100	0.300	0.0350	0	0.00555
242	1648.08	1.64993e-04	3.17	1.50	0.0485	0.0184	0.100	0.305	0.100	0.100	0.0149	0.100	0.100	0.0800	0.100	0.300	0.0350	0	0.00609
243	1650.79	1.77532e-04	3.17	1.50	0.0485	0.0184	0.100	0.305	0.100	0.100	0.0149	0.100	0.100	0.0800	0.100	0.300	0.0350	0	0.00649
244	1653.48	1.94897e-04	3.17	1.50	0.0485	0.0184	0.100	0.305	0.100	0.100	0.0150	0.100	0.100	0.0800	0.100	0.300	0.0350	0	0.00759
245	1656.18	2.18427e-04	3.17	1.50	0.0485	0.0184	0.100	0.305	0.100	0.100	0.0150	0.100	0.100	0.0800	0.100	0.300	0.0350	0	0.00891
246	1658.86	2.48789e-04	3.17	1.50	0.0485	0.0183	0.100	0.305	0.100	0.100	0.0150	0.100	0.100	0.0800	0.100	0.300	0.0350	0	0.0106
247	1661.55	2.86987e-04	3.17	1.50	0.0485	0.0183	0.100	0.305	0.100	0.100	0.0150	0.100	0.100	0.0800	0.100	0.300	0.0350	0	0.0116
248	1664.23	3.34405e-04	3.17	1.50	0.0485	0.0183	0.100	0.305	0.100	0.100	0.0150	0.100	0.100	0.0800	0.100	0.300	0.0350	0	0.0131
249	1666.91	3.90355e-04	3.17	1.50	0.0485	0.0182	0.100	0.305	0.100	0.100	0.0151	0.100	0.100	0.0800	0.100	0.300	0.0350	0	0.0143
250	1669.58	4.56289e-04	3.17	1.50	0.0485	0.0182	0.100	0.305	0.100	0.100	0.0151	0.100	0.100	0.0800	0.100	0.300	0.0350	0	0.0190
251	1672.25	5.30631e-04	3.17	1.50	0.0485	0.0182	0.100	0.305	0.100	0.100	0.0151	0.100	0.100	0.0800	0.100	0.300	0.0350	0	0.0199
252	1674.91	6.17002e-04	3.17	1.50	0.0485	0.0182	0.100	0.305	0.100	0.100	0.0151	0.100	0.100	0.0800	0.100	0.300	0.0350	0	0.0234
253	1677.57	7.14662e-04	3.17	1.50	0.0485	0.0181	0.100	0.305	0.100	0.100	0.0151	0.100	0.100	0.0800	0.100	0.300	0.0350	0	0.0275
254	1680.22	8.24062e-04	3.17	1.50	0.0485	0.0181	0.100	0.305	0.100	0.100	0.0150	0.100	0.100	0.0800	0.100	0.300	0.0350	0	0.0294
255	1682.87	9.52393e-04	3.17	1.50	0.0485	0.0181	0.100	0.305	0.100	0.100	0.0150	0.100	0.100	0.0800	0.100	0.300	0.0350	0	0.0343
