# hypstar_220261_radcal_E_200729_swir.dat																			
# Calibrated by Joel Kuusk, Tartu Observatory, University of Tartu, 2020-07-29																			
#																			
# Applied corrections:																			
# nonlinearity	hypstar_220261_nonlin_corr_coefs_200728.dat																		
# wavelength	hypstar_220261_wl_coefs_200910.dat																		
# thermal	none																		
# stray light	none																		
#																			
# E [mW m-2 nm-1] = DN / inttime_ms * 1000 * cal_coef																			
# Pixel counting starts from 0																			
#																			
# px	wl	cal_coef	u_cal_coef(k=2)	u_lamp(k=1)	u_aging(k=1)	u_power(k=1)	u_align_lamp(k=1)	u_panel(k=1)	u_interp_panel(k=1)	u_align_panel(k=1)	u_wl_source(k=1)	u_lab_stray(k=1)	u_panel_backrefl(k=1)	u_dist(k=1)	u_align(k=1)	u_temp(k=1)	u_lin(k=1)	u_stray(k=1)	u_typeA(k=1)
0	873.70	1.47952e-01	1.63	0.613	0.0277	0.0348	0.100	0	0	0	0.00169	0.100	0	0.400	0.100	0.300	0.0350	0	0.0733
1	877.35	5.96899e-02	1.62	0.613	0.0277	0.0346	0.100	0	0	0	0.00133	0.100	0	0.400	0.100	0.300	0.0350	0	0.0306
2	881.00	3.39156e-02	1.62	0.613	0.0277	0.0345	0.100	0	0	0	0.000967	0.100	0	0.400	0.100	0.300	0.0350	0	0.0162
3	884.64	2.59244e-02	1.62	0.613	0.0277	0.0344	0.100	0	0	0	0.000600	0.100	0	0.400	0.100	0.300	0.0350	0	0.0129
4	888.28	2.33835e-02	1.62	0.613	0.0277	0.0342	0.100	0	0	0	0.000229	0.100	0	0.400	0.100	0.300	0.0350	0	0.0108
5	891.92	2.22426e-02	1.62	0.613	0.0277	0.0341	0.100	0	0	0	0.000145	0.100	0	0.400	0.100	0.300	0.0350	0	0.0112
6	895.55	2.13925e-02	1.62	0.613	0.0277	0.0339	0.100	0	0	0	0.000522	0.100	0	0.400	0.100	0.300	0.0350	0	0.00945
7	899.18	2.05773e-02	1.62	0.613	0.0277	0.0338	0.100	0	0	0	0.000902	0.100	0	0.400	0.100	0.300	0.0350	0	0.0123
8	902.81	1.96988e-02	3.67	1.76	0.0277	0.0337	0.100	0	0	0	0.000676	0.100	0	0.400	0.100	0.300	0.0350	0	0.00968
9	906.43	1.88919e-02	3.67	1.76	0.0277	0.0335	0.100	0	0	0	0.000486	0.100	0	0.400	0.100	0.300	0.0350	0	0.00997
10	910.05	1.79256e-02	3.67	1.76	0.0277	0.0334	0.100	0	0	0	0.000299	0.100	0	0.400	0.100	0.300	0.0350	0	0.00906
11	913.67	1.67258e-02	3.67	1.76	0.0277	0.0333	0.100	0	0	0	0.000115	0.100	0	0.400	0.100	0.300	0.0350	0	0.00883
12	917.28	1.52765e-02	3.67	1.76	0.0277	0.0331	0.100	0	0	0	0.0000659	0.100	0	0.400	0.100	0.300	0.0350	0	0.00779
13	920.89	1.37841e-02	3.67	1.76	0.0277	0.0330	0.100	0	0	0	0.000244	0.100	0	0.400	0.100	0.300	0.0350	0	0.00669
14	924.49	1.26288e-02	3.67	1.76	0.0277	0.0329	0.100	0	0	0	0.000419	0.100	0	0.400	0.100	0.300	0.0350	0	0.00619
15	928.10	1.19043e-02	3.67	1.76	0.0277	0.0328	0.100	0	0	0	0.000591	0.100	0	0.400	0.100	0.300	0.0350	0	0.00605
16	931.69	1.14382e-02	3.67	1.76	0.0277	0.0326	0.100	0	0	0	0.000760	0.100	0	0.400	0.100	0.300	0.0350	0	0.00584
17	935.29	1.10934e-02	3.67	1.76	0.0277	0.0325	0.100	0	0	0	0.000926	0.100	0	0.400	0.100	0.300	0.0350	0	0.00512
18	938.88	1.085e-02	3.67	1.76	0.0277	0.0324	0.100	0	0	0	0.00109	0.100	0	0.400	0.100	0.300	0.0350	0	0.00589
19	942.46	1.06547e-02	3.67	1.76	0.0277	0.0323	0.100	0	0	0	0.00125	0.100	0	0.400	0.100	0.300	0.0350	0	0.00532
20	946.05	1.04772e-02	3.67	1.76	0.0277	0.0321	0.100	0	0	0	0.00141	0.100	0	0.400	0.100	0.300	0.0350	0	0.00566
21	949.63	1.02782e-02	3.67	1.76	0.0277	0.0320	0.100	0	0	0	0.00156	0.100	0	0.400	0.100	0.300	0.0350	0	0.00648
22	953.20	1.00789e-02	3.67	1.76	0.0277	0.0319	0.100	0	0	0	0.00172	0.100	0	0.400	0.100	0.300	0.0350	0	0.00534
23	956.78	9.89867e-03	3.67	1.76	0.0277	0.0318	0.100	0	0	0	0.00187	0.100	0	0.400	0.100	0.300	0.0350	0	0.00511
24	960.35	9.71095e-03	3.67	1.76	0.0277	0.0317	0.100	0	0	0	0.00202	0.100	0	0.400	0.100	0.300	0.0350	0	0.00495
25	963.91	9.50282e-03	3.67	1.76	0.0277	0.0315	0.100	0	0	0	0.00216	0.100	0	0.400	0.100	0.300	0.0350	0	0.00480
26	967.47	9.28328e-03	3.67	1.76	0.0277	0.0314	0.100	0	0	0	0.00230	0.100	0	0.400	0.100	0.300	0.0350	0	0.00517
27	971.03	9.09251e-03	3.67	1.76	0.0277	0.0313	0.100	0	0	0	0.00244	0.100	0	0.400	0.100	0.300	0.0350	0	0.00471
28	974.59	8.90842e-03	3.67	1.76	0.0277	0.0312	0.100	0	0	0	0.00258	0.100	0	0.400	0.100	0.300	0.0350	0	0.00459
29	978.14	8.7132e-03	3.67	1.76	0.0277	0.0311	0.100	0	0	0	0.00272	0.100	0	0.400	0.100	0.300	0.0350	0	0.00523
30	981.69	8.51338e-03	3.67	1.76	0.0277	0.0310	0.100	0	0	0	0.00285	0.100	0	0.400	0.100	0.300	0.0350	0	0.00450
31	985.23	8.32992e-03	3.67	1.76	0.0277	0.0309	0.100	0	0	0	0.00298	0.100	0	0.400	0.100	0.300	0.0350	0	0.00457
32	988.77	8.18203e-03	3.67	1.76	0.0277	0.0307	0.100	0	0	0	0.00311	0.100	0	0.400	0.100	0.300	0.0350	0	0.00454
33	992.31	8.05114e-03	3.67	1.76	0.0277	0.0306	0.100	0	0	0	0.00324	0.100	0	0.400	0.100	0.300	0.0350	0	0.00472
34	995.84	7.92865e-03	3.67	1.76	0.0277	0.0305	0.100	0	0	0	0.00337	0.100	0	0.400	0.100	0.300	0.0350	0	0.00418
35	999.37	7.78208e-03	3.67	1.76	0.0277	0.0304	0.100	0	0	0	0.00349	0.100	0	0.400	0.100	0.300	0.0350	0	0.00414
36	1002.90	7.66805e-03	3.55	1.69	0.0277	0.0303	0.100	0	0	0	0.00361	0.100	0	0.400	0.100	0.300	0.0350	0	0.00407
37	1006.42	7.574e-03	3.41	1.62	0.0277	0.0302	0.100	0	0	0	0.00373	0.100	0	0.400	0.100	0.300	0.0350	0	0.00437
38	1009.94	7.509e-03	3.27	1.55	0.0277	0.0301	0.100	0	0	0	0.00384	0.100	0	0.400	0.100	0.300	0.0350	0	0.00402
39	1013.46	7.43044e-03	3.27	1.54	0.0277	0.0300	0.100	0	0	0	0.00396	0.100	0	0.400	0.100	0.300	0.0350	0	0.00410
40	1016.97	7.35105e-03	3.27	1.54	0.0277	0.0299	0.100	0	0	0	0.00407	0.100	0	0.400	0.100	0.300	0.0350	0	0.00446
41	1020.48	7.26414e-03	3.27	1.54	0.0277	0.0298	0.100	0	0	0	0.00418	0.100	0	0.400	0.100	0.300	0.0350	0	0.00402
42	1023.98	7.19981e-03	3.27	1.54	0.0277	0.0297	0.100	0	0	0	0.00429	0.100	0	0.400	0.100	0.300	0.0350	0	0.00394
43	1027.48	7.15258e-03	3.27	1.54	0.0277	0.0296	0.100	0	0	0	0.00440	0.100	0	0.400	0.100	0.300	0.0350	0	0.00413
44	1030.98	7.11505e-03	3.27	1.54	0.0277	0.0295	0.100	0	0	0	0.00451	0.100	0	0.400	0.100	0.300	0.0350	0	0.00402
45	1034.47	7.07629e-03	3.27	1.54	0.0277	0.0294	0.100	0	0	0	0.00461	0.100	0	0.400	0.100	0.300	0.0350	0	0.00394
46	1037.97	7.01342e-03	3.27	1.54	0.0277	0.0293	0.100	0	0	0	0.00471	0.100	0	0.400	0.100	0.300	0.0350	0	0.00391
47	1041.45	6.96638e-03	3.27	1.54	0.0277	0.0292	0.100	0	0	0	0.00481	0.100	0	0.400	0.100	0.300	0.0350	0	0.00368
48	1044.94	6.93434e-03	3.27	1.54	0.0277	0.0291	0.100	0	0	0	0.00491	0.100	0	0.400	0.100	0.300	0.0350	0	0.00370
49	1048.42	6.91956e-03	3.27	1.54	0.0277	0.0290	0.100	0	0	0	0.00501	0.100	0	0.400	0.100	0.300	0.0350	0	0.00380
50	1051.89	6.90503e-03	3.27	1.54	0.0277	0.0289	0.100	0	0	0	0.00511	0.100	0	0.400	0.100	0.300	0.0350	0	0.00413
51	1055.36	6.87293e-03	3.27	1.54	0.0277	0.0288	0.100	0	0	0	0.00520	0.100	0	0.400	0.100	0.300	0.0350	0	0.00410
52	1058.83	6.82832e-03	3.27	1.54	0.0277	0.0287	0.100	0	0	0	0.00529	0.100	0	0.400	0.100	0.300	0.0350	0	0.00402
53	1062.30	6.78263e-03	3.27	1.54	0.0277	0.0286	0.100	0	0	0	0.00538	0.100	0	0.400	0.100	0.300	0.0350	0	0.00381
54	1065.76	6.73221e-03	3.27	1.54	0.0277	0.0285	0.100	0	0	0	0.00547	0.100	0	0.400	0.100	0.300	0.0350	0	0.00382
55	1069.22	6.69656e-03	3.27	1.54	0.0277	0.0284	0.100	0	0	0	0.00556	0.100	0	0.400	0.100	0.300	0.0350	0	0.00368
56	1072.67	6.65128e-03	3.27	1.54	0.0277	0.0283	0.100	0	0	0	0.00565	0.100	0	0.400	0.100	0.300	0.0350	0	0.00391
57	1076.12	6.58443e-03	3.27	1.54	0.0277	0.0282	0.100	0	0	0	0.00573	0.100	0	0.400	0.100	0.300	0.0350	0	0.00375
58	1079.57	6.50193e-03	3.27	1.54	0.0277	0.0282	0.100	0	0	0	0.00582	0.100	0	0.400	0.100	0.300	0.0350	0	0.00400
59	1083.02	6.41851e-03	3.27	1.54	0.0277	0.0281	0.100	0	0	0	0.00590	0.100	0	0.400	0.100	0.300	0.0350	0	0.00401
60	1086.46	6.33438e-03	3.27	1.54	0.0277	0.0280	0.100	0	0	0	0.00598	0.100	0	0.400	0.100	0.300	0.0350	0	0.00353
61	1089.89	6.23089e-03	3.27	1.54	0.0277	0.0279	0.100	0	0	0	0.00606	0.100	0	0.400	0.100	0.300	0.0350	0	0.00345
62	1093.33	6.13101e-03	3.21	1.52	0.0277	0.0278	0.100	0	0	0	0.00614	0.100	0	0.400	0.100	0.300	0.0350	0	0.00360
63	1096.75	6.0492e-03	3.15	1.48	0.0277	0.0277	0.100	0	0	0	0.00621	0.100	0	0.400	0.100	0.300	0.0350	0	0.00351
64	1100.18	5.9496e-03	3.10	1.46	0.0277	0.0276	0.100	0	0	0	0.00629	0.100	0	0.400	0.100	0.300	0.0350	0	0.00362
65	1103.60	5.85479e-03	3.10	1.46	0.0277	0.0275	0.100	0	0	0	0.00636	0.100	0	0.400	0.100	0.300	0.0350	0	0.00361
66	1107.02	5.76097e-03	3.10	1.46	0.0277	0.0275	0.100	0	0	0	0.00644	0.100	0	0.400	0.100	0.300	0.0350	0	0.00324
67	1110.44	5.68343e-03	3.10	1.46	0.0277	0.0274	0.100	0	0	0	0.00651	0.100	0	0.400	0.100	0.300	0.0350	0	0.00339
68	1113.85	5.61899e-03	3.10	1.46	0.0277	0.0273	0.100	0	0	0	0.00658	0.100	0	0.400	0.100	0.300	0.0350	0	0.00356
69	1117.25	5.56652e-03	3.10	1.46	0.0277	0.0272	0.100	0	0	0	0.00665	0.100	0	0.400	0.100	0.300	0.0350	0	0.00369
70	1120.66	5.51435e-03	3.10	1.46	0.0277	0.0271	0.100	0	0	0	0.00672	0.100	0	0.400	0.100	0.300	0.0350	0	0.00328
71	1124.06	5.46181e-03	3.10	1.46	0.0277	0.0270	0.100	0	0	0	0.00679	0.100	0	0.400	0.100	0.300	0.0350	0	0.00341
72	1127.45	5.40973e-03	3.10	1.46	0.0277	0.0270	0.100	0	0	0	0.00685	0.100	0	0.400	0.100	0.300	0.0350	0	0.00331
73	1130.85	5.37278e-03	3.10	1.46	0.0277	0.0269	0.100	0	0	0	0.00692	0.100	0	0.400	0.100	0.300	0.0350	0	0.00361
74	1134.24	5.34688e-03	3.10	1.46	0.0277	0.0268	0.100	0	0	0	0.00698	0.100	0	0.400	0.100	0.300	0.0350	0	0.00329
75	1137.62	5.34313e-03	3.10	1.46	0.0277	0.0267	0.100	0	0	0	0.00704	0.100	0	0.400	0.100	0.300	0.0350	0	0.00316
76	1141.00	5.35217e-03	3.10	1.45	0.0277	0.0266	0.100	0	0	0	0.00711	0.100	0	0.400	0.100	0.300	0.0350	0	0.00346
77	1144.38	5.36749e-03	3.09	1.45	0.0277	0.0266	0.100	0	0	0	0.00717	0.100	0	0.400	0.100	0.300	0.0350	0	0.00312
78	1147.76	5.38237e-03	3.08	1.45	0.0277	0.0265	0.100	0	0	0	0.00723	0.100	0	0.400	0.100	0.300	0.0350	0	0.00324
79	1151.13	5.38522e-03	3.08	1.44	0.0277	0.0264	0.100	0	0	0	0.00729	0.100	0	0.400	0.100	0.300	0.0350	0	0.00332
80	1154.49	5.3838e-03	3.08	1.44	0.0277	0.0263	0.100	0	0	0	0.00735	0.100	0	0.400	0.100	0.300	0.0350	0	0.00379
81	1157.86	5.3831e-03	3.08	1.44	0.0277	0.0263	0.100	0	0	0	0.00740	0.100	0	0.400	0.100	0.300	0.0350	0	0.00333
82	1161.22	5.38329e-03	3.08	1.44	0.0277	0.0262	0.100	0	0	0	0.00746	0.100	0	0.400	0.100	0.300	0.0350	0	0.00334
83	1164.57	5.39103e-03	3.08	1.44	0.0277	0.0261	0.100	0	0	0	0.00751	0.100	0	0.400	0.100	0.300	0.0350	0	0.00366
84	1167.93	5.40092e-03	3.08	1.44	0.0277	0.0260	0.100	0	0	0	0.00757	0.100	0	0.400	0.100	0.300	0.0350	0	0.00317
85	1171.28	5.40059e-03	3.08	1.44	0.0277	0.0260	0.100	0	0	0	0.00762	0.100	0	0.400	0.100	0.300	0.0350	0	0.00360
86	1174.62	5.37957e-03	3.08	1.44	0.0277	0.0259	0.100	0	0	0	0.00768	0.100	0	0.400	0.100	0.300	0.0350	0	0.00367
87	1177.96	5.354e-03	3.08	1.44	0.0277	0.0258	0.100	0	0	0	0.00773	0.100	0	0.400	0.100	0.300	0.0350	0	0.00374
88	1181.30	5.31241e-03	3.08	1.44	0.0277	0.0257	0.100	0	0	0	0.00778	0.100	0	0.400	0.100	0.300	0.0350	0	0.00339
89	1184.63	5.26261e-03	3.08	1.44	0.0277	0.0257	0.100	0	0	0	0.00783	0.100	0	0.400	0.100	0.300	0.0350	0	0.00333
90	1187.96	5.20522e-03	3.08	1.44	0.0277	0.0256	0.100	0	0	0	0.00788	0.100	0	0.400	0.100	0.300	0.0350	0	0.00365
91	1191.29	5.15139e-03	3.08	1.44	0.0277	0.0255	0.100	0	0	0	0.00793	0.100	0	0.400	0.100	0.300	0.0350	0	0.00335
92	1194.61	5.09629e-03	3.08	1.44	0.0277	0.0254	0.100	0	0	0	0.00798	0.100	0	0.400	0.100	0.300	0.0350	0	0.00314
93	1197.93	5.03813e-03	3.08	1.44	0.0277	0.0254	0.100	0	0	0	0.00802	0.100	0	0.400	0.100	0.300	0.0350	0	0.00335
94	1201.25	4.98844e-03	3.08	1.44	0.0277	0.0253	0.100	0	0	0	0.00807	0.100	0	0.400	0.100	0.300	0.0350	0	0.00322
95	1204.56	4.94518e-03	3.08	1.44	0.0277	0.0252	0.100	0	0	0	0.00812	0.100	0	0.400	0.100	0.300	0.0350	0	0.00348
96	1207.86	4.90957e-03	3.08	1.44	0.0277	0.0252	0.100	0	0	0	0.00816	0.100	0	0.400	0.100	0.300	0.0350	0	0.00333
97	1211.17	4.8857e-03	3.08	1.44	0.0277	0.0251	0.100	0	0	0	0.00821	0.100	0	0.400	0.100	0.300	0.0350	0	0.00329
98	1214.47	4.86829e-03	3.08	1.44	0.0277	0.0250	0.100	0	0	0	0.00825	0.100	0	0.400	0.100	0.300	0.0350	0	0.00326
99	1217.76	4.8558e-03	3.08	1.44	0.0277	0.0250	0.100	0	0	0	0.00829	0.100	0	0.400	0.100	0.300	0.0350	0	0.00350
100	1221.06	4.84946e-03	3.08	1.44	0.0277	0.0249	0.100	0	0	0	0.00834	0.100	0	0.400	0.100	0.300	0.0350	0	0.00320
101	1224.34	4.8331e-03	3.08	1.44	0.0277	0.0248	0.100	0	0	0	0.00838	0.100	0	0.400	0.100	0.300	0.0350	0	0.00341
102	1227.63	4.80934e-03	3.08	1.44	0.0277	0.0248	0.100	0	0	0	0.00842	0.100	0	0.400	0.100	0.300	0.0350	0	0.00309
103	1230.91	4.78984e-03	3.08	1.44	0.0277	0.0247	0.100	0	0	0	0.00846	0.100	0	0.400	0.100	0.300	0.0350	0	0.00349
104	1234.19	4.76422e-03	3.08	1.44	0.0277	0.0246	0.100	0	0	0	0.00850	0.100	0	0.400	0.100	0.300	0.0350	0	0.00310
105	1237.46	4.74142e-03	3.08	1.44	0.0277	0.0246	0.100	0	0	0	0.00854	0.100	0	0.400	0.100	0.300	0.0350	0	0.00325
106	1240.73	4.72921e-03	3.08	1.44	0.0277	0.0245	0.100	0	0	0	0.00858	0.100	0	0.400	0.100	0.300	0.0350	0	0.00325
107	1244.00	4.72776e-03	3.08	1.44	0.0277	0.0244	0.100	0	0	0	0.00862	0.100	0	0.400	0.100	0.300	0.0350	0	0.00340
108	1247.26	4.72938e-03	3.08	1.44	0.0277	0.0244	0.100	0	0	0	0.00866	0.100	0	0.400	0.100	0.300	0.0350	0	0.00296
109	1250.52	4.73383e-03	3.08	1.44	0.0277	0.0243	0.100	0	0	0	0.00869	0.100	0	0.400	0.100	0.300	0.0350	0	0.00312
110	1253.77	4.73538e-03	3.08	1.44	0.0277	0.0242	0.100	0	0	0	0.00873	0.100	0	0.400	0.100	0.300	0.0350	0	0.00359
111	1257.02	4.73426e-03	3.08	1.44	0.0277	0.0242	0.100	0	0	0	0.00877	0.100	0	0.400	0.100	0.300	0.0350	0	0.00327
112	1260.27	4.72128e-03	3.08	1.44	0.0277	0.0241	0.100	0	0	0	0.00880	0.100	0	0.400	0.100	0.300	0.0350	0	0.00306
113	1263.51	4.70269e-03	3.08	1.44	0.0277	0.0241	0.100	0	0	0	0.00884	0.100	0	0.400	0.100	0.300	0.0350	0	0.00319
114	1266.75	4.67858e-03	3.08	1.44	0.0277	0.0240	0.100	0	0	0	0.00887	0.100	0	0.400	0.100	0.300	0.0350	0	0.00325
115	1269.98	4.64355e-03	3.08	1.44	0.0277	0.0239	0.100	0	0	0	0.00891	0.100	0	0.400	0.100	0.300	0.0350	0	0.00302
116	1273.21	4.61215e-03	3.08	1.44	0.0277	0.0239	0.100	0	0	0	0.00894	0.100	0	0.400	0.100	0.300	0.0350	0	0.00324
117	1276.44	4.58208e-03	3.08	1.44	0.0277	0.0238	0.100	0	0	0	0.00898	0.100	0	0.400	0.100	0.300	0.0350	0	0.00302
118	1279.66	4.55205e-03	3.08	1.44	0.0277	0.0238	0.100	0	0	0	0.00901	0.100	0	0.400	0.100	0.300	0.0350	0	0.00322
119	1282.88	4.5223e-03	3.08	1.44	0.0277	0.0237	0.100	0	0	0	0.00904	0.100	0	0.400	0.100	0.300	0.0350	0	0.00338
120	1286.10	4.48892e-03	3.08	1.44	0.0277	0.0236	0.100	0	0	0	0.00907	0.100	0	0.400	0.100	0.300	0.0350	0	0.00356
121	1289.31	4.45623e-03	3.08	1.44	0.0277	0.0236	0.100	0	0	0	0.00911	0.100	0	0.400	0.100	0.300	0.0350	0	0.00326
122	1292.51	4.42347e-03	3.08	1.44	0.0277	0.0235	0.100	0	0	0	0.00914	0.100	0	0.400	0.100	0.300	0.0350	0	0.00320
123	1295.72	4.39339e-03	3.08	1.44	0.0277	0.0235	0.100	0	0	0	0.00917	0.100	0	0.400	0.100	0.300	0.0350	0	0.00331
124	1298.92	4.36205e-03	3.08	1.44	0.0277	0.0234	0.100	0	0	0	0.00920	0.100	0	0.400	0.100	0.300	0.0350	0	0.00303
125	1302.11	4.33529e-03	3.08	1.44	0.0277	0.0233	0.100	0	0	0	0.00923	0.100	0	0.400	0.100	0.300	0.0350	0	0.00313
126	1305.30	4.3104e-03	3.08	1.44	0.0277	0.0233	0.100	0	0	0	0.00926	0.100	0	0.400	0.100	0.300	0.0350	0	0.00327
127	1308.49	4.28778e-03	3.08	1.44	0.0277	0.0232	0.100	0	0	0	0.00929	0.100	0	0.400	0.100	0.300	0.0350	0	0.00310
128	1311.67	4.27618e-03	3.08	1.44	0.0277	0.0232	0.100	0	0	0	0.00932	0.100	0	0.400	0.100	0.300	0.0350	0	0.00349
129	1314.85	4.26005e-03	3.08	1.44	0.0277	0.0231	0.100	0	0	0	0.00935	0.100	0	0.400	0.100	0.300	0.0350	0	0.00270
130	1318.03	4.25016e-03	3.08	1.44	0.0277	0.0231	0.100	0	0	0	0.00938	0.100	0	0.400	0.100	0.300	0.0350	0	0.00308
131	1321.20	4.2323e-03	3.08	1.44	0.0277	0.0230	0.100	0	0	0	0.00940	0.100	0	0.400	0.100	0.300	0.0350	0	0.00323
132	1324.36	4.21391e-03	3.08	1.44	0.0277	0.0230	0.100	0	0	0	0.00943	0.100	0	0.400	0.100	0.300	0.0350	0	0.00285
133	1327.53	4.19112e-03	3.08	1.44	0.0277	0.0229	0.100	0	0	0	0.00946	0.100	0	0.400	0.100	0.300	0.0350	0	0.00344
134	1330.69	4.1688e-03	3.08	1.44	0.0277	0.0228	0.100	0	0	0	0.00949	0.100	0	0.400	0.100	0.300	0.0350	0	0.00313
135	1333.84	4.14769e-03	3.08	1.44	0.0277	0.0228	0.100	0	0	0	0.00951	0.100	0	0.400	0.100	0.300	0.0350	0	0.00302
136	1336.99	4.1203e-03	3.08	1.44	0.0277	0.0227	0.100	0	0	0	0.00954	0.100	0	0.400	0.100	0.300	0.0350	0	0.00300
137	1340.14	4.09947e-03	3.08	1.44	0.0277	0.0227	0.100	0	0	0	0.00957	0.100	0	0.400	0.100	0.300	0.0350	0	0.00311
138	1343.28	4.09726e-03	3.08	1.44	0.0277	0.0226	0.100	0	0	0	0.00959	0.100	0	0.400	0.100	0.300	0.0350	0	0.00291
139	1346.42	4.10144e-03	3.08	1.44	0.0277	0.0226	0.100	0	0	0	0.00962	0.100	0	0.400	0.100	0.300	0.0350	0	0.00331
140	1349.55	4.12811e-03	3.08	1.44	0.0277	0.0225	0.100	0	0	0	0.00964	0.100	0	0.400	0.100	0.300	0.0350	0	0.00323
141	1352.68	4.18073e-03	3.08	1.44	0.0277	0.0225	0.100	0	0	0	0.00967	0.100	0	0.400	0.100	0.300	0.0350	0	0.00301
142	1355.81	4.23155e-03	3.08	1.44	0.0277	0.0224	0.100	0	0	0	0.00969	0.100	0	0.400	0.100	0.300	0.0350	0	0.00303
143	1358.93	4.29051e-03	3.08	1.44	0.0277	0.0224	0.100	0	0	0	0.00972	0.100	0	0.400	0.100	0.300	0.0350	0	0.00341
144	1362.05	4.3234e-03	3.08	1.44	0.0277	0.0223	0.100	0	0	0	0.00974	0.100	0	0.400	0.100	0.300	0.0350	0	0.00343
145	1365.16	4.3357e-03	3.08	1.44	0.0277	0.0223	0.100	0	0	0	0.00977	0.100	0	0.400	0.100	0.300	0.0350	0	0.00365
146	1368.27	4.3239e-03	3.08	1.44	0.0277	0.0222	0.100	0	0	0	0.00979	0.100	0	0.400	0.100	0.300	0.0350	0	0.00356
147	1371.38	4.3281e-03	3.08	1.44	0.0277	0.0222	0.100	0	0	0	0.00981	0.100	0	0.400	0.100	0.300	0.0350	0	0.00370
148	1374.48	4.36212e-03	3.08	1.44	0.0277	0.0221	0.100	0	0	0	0.00984	0.100	0	0.400	0.100	0.300	0.0350	0	0.00316
149	1377.58	4.45877e-03	3.08	1.44	0.0277	0.0221	0.100	0	0	0	0.00986	0.100	0	0.400	0.100	0.300	0.0350	0	0.00334
150	1380.67	4.56013e-03	3.08	1.44	0.0277	0.0220	0.100	0	0	0	0.00988	0.100	0	0.400	0.100	0.300	0.0350	0	0.00354
151	1383.76	4.6034e-03	3.08	1.44	0.0277	0.0220	0.100	0	0	0	0.00990	0.100	0	0.400	0.100	0.300	0.0350	0	0.00378
152	1386.84	4.58444e-03	3.08	1.44	0.0277	0.0219	0.100	0	0	0	0.00993	0.100	0	0.400	0.100	0.300	0.0350	0	0.00397
153	1389.92	4.56828e-03	3.08	1.44	0.0277	0.0219	0.100	0	0	0	0.00995	0.100	0	0.400	0.100	0.300	0.0350	0	0.00340
154	1393.00	4.57722e-03	3.10	1.45	0.0277	0.0218	0.100	0	0	0	0.00997	0.100	0	0.400	0.100	0.300	0.0350	0	0.00344
155	1396.07	4.58664e-03	3.11	1.46	0.0277	0.0218	0.100	0	0	0	0.00999	0.100	0	0.400	0.100	0.300	0.0350	0	0.00338
156	1399.14	4.57841e-03	3.13	1.47	0.0277	0.0217	0.100	0	0	0	0.0100	0.100	0	0.400	0.100	0.300	0.0350	0	0.00360
157	1402.20	4.56645e-03	3.14	1.48	0.0277	0.0217	0.100	0	0	0	0.0100	0.100	0	0.400	0.100	0.300	0.0350	0	0.00347
158	1405.26	4.54398e-03	3.14	1.48	0.0277	0.0216	0.100	0	0	0	0.0101	0.100	0	0.400	0.100	0.300	0.0350	0	0.00332
159	1408.31	4.52635e-03	3.14	1.48	0.0277	0.0216	0.100	0	0	0	0.0101	0.100	0	0.400	0.100	0.300	0.0350	0	0.00332
160	1411.36	4.49732e-03	3.15	1.48	0.0277	0.0215	0.100	0	0	0	0.0101	0.100	0	0.400	0.100	0.300	0.0350	0	0.00325
161	1414.41	4.4735e-03	3.15	1.48	0.0277	0.0215	0.100	0	0	0	0.0101	0.100	0	0.400	0.100	0.300	0.0350	0	0.00356
162	1417.45	4.44634e-03	3.15	1.48	0.0277	0.0214	0.100	0	0	0	0.0101	0.100	0	0.400	0.100	0.300	0.0350	0	0.00343
163	1420.48	4.4319e-03	3.15	1.48	0.0277	0.0214	0.100	0	0	0	0.0102	0.100	0	0.400	0.100	0.300	0.0350	0	0.00415
164	1423.52	4.41752e-03	3.15	1.48	0.0277	0.0214	0.100	0	0	0	0.0102	0.100	0	0.400	0.100	0.300	0.0350	0	0.00353
165	1426.55	4.40168e-03	3.15	1.48	0.0277	0.0213	0.100	0	0	0	0.0102	0.100	0	0.400	0.100	0.300	0.0350	0	0.00342
166	1429.57	4.39907e-03	3.15	1.48	0.0277	0.0213	0.100	0	0	0	0.0102	0.100	0	0.400	0.100	0.300	0.0350	0	0.00348
167	1432.59	4.3885e-03	3.15	1.48	0.0277	0.0212	0.100	0	0	0	0.0102	0.100	0	0.400	0.100	0.300	0.0350	0	0.00349
168	1435.60	4.38179e-03	3.15	1.48	0.0277	0.0212	0.100	0	0	0	0.0103	0.100	0	0.400	0.100	0.300	0.0350	0	0.00352
169	1438.61	4.377e-03	3.15	1.48	0.0277	0.0211	0.100	0	0	0	0.0103	0.100	0	0.400	0.100	0.300	0.0350	0	0.00363
170	1441.62	4.37201e-03	3.13	1.47	0.0277	0.0211	0.100	0	0	0	0.0103	0.100	0	0.400	0.100	0.300	0.0350	0	0.00376
171	1444.62	4.36463e-03	3.11	1.46	0.0277	0.0210	0.100	0	0	0	0.0103	0.100	0	0.400	0.100	0.300	0.0350	0	0.00375
172	1447.62	4.3612e-03	3.09	1.45	0.0277	0.0210	0.100	0	0	0	0.0103	0.100	0	0.400	0.100	0.300	0.0350	0	0.00383
173	1450.61	4.35913e-03	3.09	1.45	0.0277	0.0210	0.100	0	0	0	0.0103	0.100	0	0.400	0.100	0.300	0.0350	0	0.00342
174	1453.60	4.36024e-03	3.12	1.47	0.0277	0.0209	0.100	0	0	0	0.0104	0.100	0	0.400	0.100	0.300	0.0350	0	0.00425
175	1456.58	4.36477e-03	3.15	1.48	0.0277	0.0209	0.100	0	0	0	0.0104	0.100	0	0.400	0.100	0.300	0.0350	0	0.00346
176	1459.56	4.37607e-03	3.19	1.50	0.0277	0.0208	0.100	0	0	0	0.0104	0.100	0	0.400	0.100	0.300	0.0350	0	0.00348
177	1462.53	4.39341e-03	3.19	1.51	0.0277	0.0208	0.100	0	0	0	0.0104	0.100	0	0.400	0.100	0.300	0.0350	0	0.00399
178	1465.50	4.40238e-03	3.20	1.51	0.0277	0.0207	0.100	0	0	0	0.0104	0.100	0	0.400	0.100	0.300	0.0350	0	0.00368
179	1468.47	4.42386e-03	3.20	1.51	0.0277	0.0207	0.100	0	0	0	0.0104	0.100	0	0.400	0.100	0.300	0.0350	0	0.00393
180	1471.43	4.43399e-03	3.20	1.51	0.0277	0.0207	0.100	0	0	0	0.0105	0.100	0	0.400	0.100	0.300	0.0350	0	0.00384
181	1474.39	4.44825e-03	3.20	1.51	0.0277	0.0206	0.100	0	0	0	0.0105	0.100	0	0.400	0.100	0.300	0.0350	0	0.00365
182	1477.34	4.46328e-03	3.20	1.51	0.0277	0.0206	0.100	0	0	0	0.0105	0.100	0	0.400	0.100	0.300	0.0350	0	0.00398
183	1480.28	4.46896e-03	3.20	1.51	0.0277	0.0205	0.100	0	0	0	0.0105	0.100	0	0.400	0.100	0.300	0.0350	0	0.00376
184	1483.23	4.477e-03	3.20	1.51	0.0277	0.0205	0.100	0	0	0	0.0105	0.100	0	0.400	0.100	0.300	0.0350	0	0.00380
185	1486.16	4.49224e-03	3.20	1.51	0.0277	0.0205	0.100	0	0	0	0.0105	0.100	0	0.400	0.100	0.300	0.0350	0	0.00370
186	1489.10	4.49903e-03	3.19	1.51	0.0277	0.0204	0.100	0	0	0	0.0106	0.100	0	0.400	0.100	0.300	0.0350	0	0.00405
187	1492.02	4.5155e-03	3.19	1.50	0.0277	0.0204	0.100	0	0	0	0.0106	0.100	0	0.400	0.100	0.300	0.0350	0	0.00362
188	1494.95	4.53205e-03	3.18	1.50	0.0277	0.0203	0.100	0	0	0	0.0106	0.100	0	0.400	0.100	0.300	0.0350	0	0.00409
189	1497.87	4.54538e-03	3.17	1.49	0.0277	0.0203	0.100	0	0	0	0.0106	0.100	0	0.400	0.100	0.300	0.0350	0	0.00421
190	1500.78	4.56288e-03	3.16	1.49	0.0277	0.0203	0.100	0	0	0	0.0106	0.100	0	0.400	0.100	0.300	0.0350	0	0.00381
191	1503.69	4.587e-03	3.16	1.49	0.0277	0.0202	0.100	0	0	0	0.0106	0.100	0	0.400	0.100	0.300	0.0350	0	0.00383
192	1506.59	4.60182e-03	3.16	1.49	0.0277	0.0202	0.100	0	0	0	0.0106	0.100	0	0.400	0.100	0.300	0.0350	0	0.00402
193	1509.49	4.62342e-03	3.16	1.49	0.0277	0.0201	0.100	0	0	0	0.0107	0.100	0	0.400	0.100	0.300	0.0350	0	0.00421
194	1512.39	4.64815e-03	3.16	1.49	0.0277	0.0201	0.100	0	0	0	0.0107	0.100	0	0.400	0.100	0.300	0.0350	0	0.00445
195	1515.28	4.66839e-03	3.16	1.49	0.0277	0.0201	0.100	0	0	0	0.0107	0.100	0	0.400	0.100	0.300	0.0350	0	0.00366
196	1518.16	4.69142e-03	3.16	1.49	0.0277	0.0200	0.100	0	0	0	0.0107	0.100	0	0.400	0.100	0.300	0.0350	0	0.00376
197	1521.05	4.71387e-03	3.16	1.49	0.0277	0.0200	0.100	0	0	0	0.0107	0.100	0	0.400	0.100	0.300	0.0350	0	0.00467
198	1523.92	4.72682e-03	3.16	1.49	0.0277	0.0199	0.100	0	0	0	0.0107	0.100	0	0.400	0.100	0.300	0.0350	0	0.00437
199	1526.79	4.75199e-03	3.16	1.49	0.0277	0.0199	0.100	0	0	0	0.0107	0.100	0	0.400	0.100	0.300	0.0350	0	0.00493
200	1529.66	4.77603e-03	3.16	1.49	0.0277	0.0199	0.100	0	0	0	0.0108	0.100	0	0.400	0.100	0.300	0.0350	0	0.00412
201	1532.52	4.79417e-03	3.16	1.49	0.0277	0.0198	0.100	0	0	0	0.0108	0.100	0	0.400	0.100	0.300	0.0350	0	0.00482
202	1535.38	4.81689e-03	3.16	1.49	0.0277	0.0198	0.100	0	0	0	0.0108	0.100	0	0.400	0.100	0.300	0.0350	0	0.00471
203	1538.23	4.84748e-03	3.16	1.49	0.0277	0.0198	0.100	0	0	0	0.0108	0.100	0	0.400	0.100	0.300	0.0350	0	0.00453
204	1541.07	4.87062e-03	3.16	1.49	0.0277	0.0197	0.100	0	0	0	0.0108	0.100	0	0.400	0.100	0.300	0.0350	0	0.00450
205	1543.91	4.89515e-03	3.14	1.48	0.0277	0.0197	0.100	0	0	0	0.0108	0.100	0	0.400	0.100	0.300	0.0350	0	0.00417
206	1546.75	4.92912e-03	3.12	1.47	0.0277	0.0197	0.100	0	0	0	0.0108	0.100	0	0.400	0.100	0.300	0.0350	0	0.00453
207	1549.58	4.95837e-03	3.10	1.46	0.0277	0.0196	0.100	0	0	0	0.0108	0.100	0	0.400	0.100	0.300	0.0350	0	0.00474
208	1552.41	4.98532e-03	3.10	1.46	0.0277	0.0196	0.100	0	0	0	0.0109	0.100	0	0.400	0.100	0.300	0.0350	0	0.00491
209	1555.23	5.01143e-03	3.10	1.46	0.0277	0.0195	0.100	0	0	0	0.0109	0.100	0	0.400	0.100	0.300	0.0350	0	0.00496
210	1558.05	5.03549e-03	3.10	1.46	0.0277	0.0195	0.100	0	0	0	0.0109	0.100	0	0.400	0.100	0.300	0.0350	0	0.00444
211	1560.86	5.06564e-03	3.10	1.46	0.0277	0.0195	0.100	0	0	0	0.0109	0.100	0	0.400	0.100	0.300	0.0350	0	0.00457
212	1563.67	5.09579e-03	3.10	1.46	0.0277	0.0194	0.100	0	0	0	0.0109	0.100	0	0.400	0.100	0.300	0.0350	0	0.00472
213	1566.47	5.126e-03	3.10	1.46	0.0277	0.0194	0.100	0	0	0	0.0109	0.100	0	0.400	0.100	0.300	0.0350	0	0.00506
214	1569.26	5.14954e-03	3.10	1.46	0.0277	0.0194	0.100	0	0	0	0.0109	0.100	0	0.400	0.100	0.300	0.0350	0	0.00446
215	1572.05	5.18616e-03	3.10	1.46	0.0277	0.0193	0.100	0	0	0	0.0109	0.100	0	0.400	0.100	0.300	0.0350	0	0.00469
216	1574.84	5.22226e-03	3.10	1.46	0.0277	0.0193	0.100	0	0	0	0.0109	0.100	0	0.400	0.100	0.300	0.0350	0	0.00490
217	1577.62	5.25322e-03	3.10	1.46	0.0277	0.0193	0.100	0	0	0	0.0109	0.100	0	0.400	0.100	0.300	0.0350	0	0.00460
218	1580.40	5.28924e-03	3.10	1.46	0.0277	0.0192	0.100	0	0	0	0.0110	0.100	0	0.400	0.100	0.300	0.0350	0	0.00494
219	1583.17	5.33364e-03	3.10	1.46	0.0277	0.0192	0.100	0	0	0	0.0110	0.100	0	0.400	0.100	0.300	0.0350	0	0.00538
220	1585.93	5.37743e-03	3.10	1.46	0.0277	0.0192	0.100	0	0	0	0.0110	0.100	0	0.400	0.100	0.300	0.0350	0	0.00554
221	1588.69	5.42243e-03	3.10	1.46	0.0277	0.0191	0.100	0	0	0	0.0110	0.100	0	0.400	0.100	0.300	0.0350	0	0.00552
222	1591.45	5.47576e-03	3.10	1.45	0.0277	0.0191	0.100	0	0	0	0.0110	0.100	0	0.400	0.100	0.300	0.0350	0	0.00509
223	1594.20	5.51714e-03	3.09	1.45	0.0277	0.0191	0.100	0	0	0	0.0110	0.100	0	0.400	0.100	0.300	0.0350	0	0.00500
224	1596.94	5.56424e-03	3.09	1.45	0.0277	0.0190	0.100	0	0	0	0.0110	0.100	0	0.400	0.100	0.300	0.0350	0	0.00582
225	1599.68	5.61789e-03	3.09	1.45	0.0277	0.0190	0.100	0	0	0	0.0110	0.100	0	0.400	0.100	0.300	0.0350	0	0.00587
226	1602.41	5.67401e-03	3.11	1.46	0.0277	0.0190	0.100	0	0	0	0.0110	0.100	0	0.400	0.100	0.300	0.0350	0	0.00571
227	1605.14	5.72037e-03	3.14	1.48	0.0277	0.0189	0.100	0	0	0	0.0110	0.100	0	0.400	0.100	0.300	0.0350	0	0.00618
228	1607.87	5.77781e-03	3.17	1.49	0.0277	0.0189	0.100	0	0	0	0.0110	0.100	0	0.400	0.100	0.300	0.0350	0	0.00544
229	1610.58	5.82707e-03	3.19	1.50	0.0277	0.0189	0.100	0	0	0	0.0110	0.100	0	0.400	0.100	0.300	0.0350	0	0.00564
230	1613.30	5.87942e-03	3.19	1.50	0.0277	0.0188	0.100	0	0	0	0.0111	0.100	0	0.400	0.100	0.300	0.0350	0	0.00587
231	1616.00	5.93392e-03	3.19	1.50	0.0277	0.0188	0.100	0	0	0	0.0111	0.100	0	0.400	0.100	0.300	0.0350	0	0.00590
232	1618.71	6.00176e-03	3.19	1.50	0.0277	0.0188	0.100	0	0	0	0.0111	0.100	0	0.400	0.100	0.300	0.0350	0	0.00542
233	1621.40	6.06702e-03	3.19	1.50	0.0277	0.0187	0.100	0	0	0	0.0111	0.100	0	0.400	0.100	0.300	0.0350	0	0.00594
234	1624.09	6.13616e-03	3.19	1.50	0.0277	0.0187	0.100	0	0	0	0.0111	0.100	0	0.400	0.100	0.300	0.0350	0	0.00602
235	1626.78	6.2134e-03	3.19	1.50	0.0277	0.0187	0.100	0	0	0	0.0111	0.100	0	0.400	0.100	0.300	0.0350	0	0.00647
236	1629.46	6.30365e-03	3.19	1.50	0.0277	0.0187	0.100	0	0	0	0.0111	0.100	0	0.400	0.100	0.300	0.0350	0	0.00762
237	1632.13	6.40115e-03	3.19	1.50	0.0277	0.0186	0.100	0	0	0	0.0111	0.100	0	0.400	0.100	0.300	0.0350	0	0.00696
238	1634.80	6.52602e-03	3.19	1.50	0.0277	0.0186	0.100	0	0	0	0.0111	0.100	0	0.400	0.100	0.300	0.0350	0	0.00677
239	1637.47	6.67319e-03	3.19	1.50	0.0277	0.0186	0.100	0	0	0	0.0111	0.100	0	0.400	0.100	0.300	0.0350	0	0.00641
240	1640.12	6.86772e-03	3.19	1.50	0.0277	0.0185	0.100	0	0	0	0.0111	0.100	0	0.400	0.100	0.300	0.0350	0	0.00689
241	1642.78	7.12867e-03	3.19	1.50	0.0277	0.0185	0.100	0	0	0	0.0111	0.100	0	0.400	0.100	0.300	0.0350	0	0.00679
242	1645.42	7.48226e-03	3.19	1.50	0.0277	0.0185	0.100	0	0	0	0.0111	0.100	0	0.400	0.100	0.300	0.0350	0	0.00789
243	1648.06	7.98494e-03	3.19	1.50	0.0277	0.0184	0.100	0	0	0	0.0111	0.100	0	0.400	0.100	0.300	0.0350	0	0.00764
244	1650.70	8.69074e-03	3.19	1.50	0.0277	0.0184	0.100	0	0	0	0.0111	0.100	0	0.400	0.100	0.300	0.0350	0	0.00955
245	1653.33	9.65616e-03	3.19	1.50	0.0277	0.0184	0.100	0	0	0	0.0111	0.100	0	0.400	0.100	0.300	0.0350	0	0.0102
246	1655.95	1.08864e-02	3.19	1.50	0.0277	0.0184	0.100	0	0	0	0.0111	0.100	0	0.400	0.100	0.300	0.0350	0	0.0104
247	1658.57	1.24851e-02	3.19	1.50	0.0277	0.0183	0.100	0	0	0	0.0112	0.100	0	0.400	0.100	0.300	0.0350	0	0.0125
248	1661.19	1.4482e-02	3.19	1.50	0.0277	0.0183	0.100	0	0	0	0.0112	0.100	0	0.400	0.100	0.300	0.0350	0	0.0140
249	1663.79	1.69123e-02	3.19	1.50	0.0277	0.0183	0.100	0	0	0	0.0112	0.100	0	0.400	0.100	0.300	0.0350	0	0.0168
250	1666.39	1.97722e-02	3.19	1.50	0.0277	0.0182	0.100	0	0	0	0.0112	0.100	0	0.400	0.100	0.300	0.0350	0	0.0191
251	1668.99	2.31067e-02	3.19	1.50	0.0277	0.0182	0.100	0	0	0	0.0112	0.100	0	0.400	0.100	0.300	0.0350	0	0.0231
252	1671.58	2.69481e-02	3.19	1.50	0.0277	0.0182	0.100	0	0	0	0.0112	0.100	0	0.400	0.100	0.300	0.0350	0	0.0284
253	1674.16	3.12749e-02	3.19	1.50	0.0277	0.0182	0.100	0	0	0	0.0112	0.100	0	0.400	0.100	0.300	0.0350	0	0.0308
254	1676.74	3.60821e-02	3.19	1.50	0.0277	0.0181	0.100	0	0	0	0.0112	0.100	0	0.400	0.100	0.300	0.0350	0	0.0369
255	1679.31	4.17246e-02	3.19	1.50	0.0277	0.0181	0.100	0	0	0	0.0112	0.100	0	0.400	0.100	0.300	0.0350	0	0.0423
