# hypstar_221233_radcal_E_211101_swir.dat
# Calibrated by Joel Kuusk, Tartu Observatory, University of Tartu, 2021-11-01
#
# Applied corrections:
# nonlinearity	hypstar_221233_nonlin_corr_coefs_210715.dat
# wavelength	hypstar_221233_wl_coefs_210714.dat
# thermal	none
# stray light	none
#
# E [mW m-2 nm-1] = DN / inttime_ms * 1000 * cal_coef
# Pixel counting starts from 0
#
# px	wl	cal_coef	u_cal_coef(k=2)	u_lamp(k=1)	u_aging(k=1)	u_power(k=1)	u_align_lamp(k=1)	u_panel(k=1)	u_interp_panel(k=1)	u_align_panel(k=1)	u_wl_source(k=1)	u_lab_stray(k=1)	u_panel_backrefl(k=1)	u_dist(k=1)	u_align(k=1)	u_temp(k=1)	u_lin(k=1)	u_stray(k=1)	u_typeA(k=1)
0	882.80	2.83944e-02	1.78	0.613	0.110	0.0344	0.100	0	0	0	0.000618	0.100	0	0.440	0.100	0.300	0.305	0	0.0118
1	886.41	2.10287e-02	1.78	0.613	0.110	0.0343	0.100	0	0	0	0.000330	0.100	0	0.440	0.100	0.300	0.305	0	0.00996
2	890.02	1.95016e-02	1.78	0.613	0.110	0.0342	0.100	0	0	0	0.0000400	0.100	0	0.440	0.100	0.300	0.305	0	0.00813
3	893.63	1.87216e-02	1.78	0.613	0.110	0.0340	0.100	0	0	0	0.000253	0.100	0	0.440	0.100	0.300	0.305	0	0.00851
4	897.23	1.79758e-02	1.78	0.613	0.110	0.0339	0.100	0	0	0	0.000548	0.100	0	0.440	0.100	0.300	0.305	0	0.00722
5	900.83	1.71403e-02	3.74	1.76	0.110	0.0337	0.100	0	0	0	0.000614	0.100	0	0.440	0.100	0.300	0.305	0	0.00742
6	904.43	1.64562e-02	3.74	1.76	0.110	0.0336	0.100	0	0	0	0.000464	0.100	0	0.440	0.100	0.300	0.305	0	0.00757
7	908.03	1.57576e-02	3.74	1.76	0.110	0.0335	0.100	0	0	0	0.000317	0.100	0	0.440	0.100	0.300	0.305	0	0.00729
8	911.63	1.50006e-02	3.74	1.76	0.110	0.0333	0.100	0	0	0	0.000172	0.100	0	0.440	0.100	0.300	0.305	0	0.00645
9	915.22	1.41823e-02	3.74	1.76	0.110	0.0332	0.100	0	0	0	0.0000291	0.100	0	0.440	0.100	0.300	0.305	0	0.00660
10	918.81	1.30906e-02	3.74	1.76	0.110	0.0331	0.100	0	0	0	0.000111	0.100	0	0.440	0.100	0.300	0.305	0	0.00558
11	922.39	1.16767e-02	3.74	1.76	0.110	0.0330	0.100	0	0	0	0.000249	0.100	0	0.440	0.100	0.300	0.305	0	0.00523
12	925.98	1.04517e-02	3.74	1.76	0.110	0.0328	0.100	0	0	0	0.000385	0.100	0	0.440	0.100	0.300	0.305	0	0.00447
13	929.56	9.64841e-03	3.74	1.76	0.110	0.0327	0.100	0	0	0	0.000518	0.100	0	0.440	0.100	0.300	0.305	0	0.00423
14	933.14	9.14965e-03	3.74	1.76	0.110	0.0326	0.100	0	0	0	0.000650	0.100	0	0.440	0.100	0.300	0.305	0	0.00420
15	936.71	8.78655e-03	3.74	1.76	0.110	0.0325	0.100	0	0	0	0.000779	0.100	0	0.440	0.100	0.300	0.305	0	0.00391
16	940.29	8.5361e-03	3.74	1.76	0.110	0.0323	0.100	0	0	0	0.000906	0.100	0	0.440	0.100	0.300	0.305	0	0.00341
17	943.86	8.36167e-03	3.74	1.76	0.110	0.0322	0.100	0	0	0	0.00103	0.100	0	0.440	0.100	0.300	0.305	0	0.00392
18	947.43	8.20998e-03	3.74	1.76	0.110	0.0321	0.100	0	0	0	0.00115	0.100	0	0.440	0.100	0.300	0.305	0	0.00403
19	950.99	8.05143e-03	3.74	1.76	0.110	0.0320	0.100	0	0	0	0.00127	0.100	0	0.440	0.100	0.300	0.305	0	0.00369
20	954.56	7.90097e-03	3.74	1.76	0.110	0.0318	0.100	0	0	0	0.00139	0.100	0	0.440	0.100	0.300	0.305	0	0.00397
21	958.12	7.78283e-03	3.74	1.76	0.110	0.0317	0.100	0	0	0	0.00151	0.100	0	0.440	0.100	0.300	0.305	0	0.00370
22	961.67	7.66951e-03	3.74	1.76	0.110	0.0316	0.100	0	0	0	0.00163	0.100	0	0.440	0.100	0.300	0.305	0	0.00354
23	965.23	7.51517e-03	3.74	1.76	0.110	0.0315	0.100	0	0	0	0.00174	0.100	0	0.440	0.100	0.300	0.305	0	0.00380
24	968.78	7.34385e-03	3.74	1.76	0.110	0.0314	0.100	0	0	0	0.00185	0.100	0	0.440	0.100	0.300	0.305	0	0.00368
25	972.33	7.20472e-03	3.74	1.76	0.110	0.0313	0.100	0	0	0	0.00196	0.100	0	0.440	0.100	0.300	0.305	0	0.00340
26	975.87	7.0914e-03	3.74	1.76	0.110	0.0312	0.100	0	0	0	0.00207	0.100	0	0.440	0.100	0.300	0.305	0	0.00347
27	979.42	6.96296e-03	3.74	1.76	0.110	0.0310	0.100	0	0	0	0.00217	0.100	0	0.440	0.100	0.300	0.305	0	0.00361
28	982.96	6.8275e-03	3.74	1.76	0.110	0.0309	0.100	0	0	0	0.00228	0.100	0	0.440	0.100	0.300	0.305	0	0.00346
29	986.49	6.7076e-03	3.74	1.76	0.110	0.0308	0.100	0	0	0	0.00238	0.100	0	0.440	0.100	0.300	0.305	0	0.00336
30	990.03	6.61708e-03	3.74	1.76	0.110	0.0307	0.100	0	0	0	0.00248	0.100	0	0.440	0.100	0.300	0.305	0	0.00364
31	993.56	6.54354e-03	3.74	1.76	0.110	0.0306	0.100	0	0	0	0.00258	0.100	0	0.440	0.100	0.300	0.305	0	0.00321
32	997.09	6.4561e-03	3.74	1.76	0.110	0.0305	0.100	0	0	0	0.00268	0.100	0	0.440	0.100	0.300	0.305	0	0.00330
33	1000.61	6.36368e-03	3.72	1.74	0.110	0.0304	0.100	0	0	0	0.00277	0.100	0	0.440	0.100	0.300	0.305	0	0.00299
34	1004.14	6.2747e-03	3.58	1.67	0.110	0.0303	0.100	0	0	0	0.00287	0.100	0	0.440	0.100	0.300	0.305	0	0.00301
35	1007.65	6.21076e-03	3.44	1.59	0.110	0.0302	0.100	0	0	0	0.00296	0.100	0	0.440	0.100	0.300	0.305	0	0.00335
36	1011.17	6.16891e-03	3.35	1.54	0.110	0.0301	0.100	0	0	0	0.00305	0.100	0	0.440	0.100	0.300	0.305	0	0.00281
37	1014.68	6.1246e-03	3.35	1.54	0.110	0.0300	0.100	0	0	0	0.00314	0.100	0	0.440	0.100	0.300	0.305	0	0.00318
38	1018.20	6.06494e-03	3.35	1.54	0.110	0.0299	0.100	0	0	0	0.00323	0.100	0	0.440	0.100	0.300	0.305	0	0.00342
39	1021.70	5.98716e-03	3.35	1.54	0.110	0.0298	0.100	0	0	0	0.00332	0.100	0	0.440	0.100	0.300	0.305	0	0.00276
40	1025.21	5.93119e-03	3.35	1.54	0.110	0.0297	0.100	0	0	0	0.00340	0.100	0	0.440	0.100	0.300	0.305	0	0.00302
41	1028.71	5.9038e-03	3.35	1.54	0.110	0.0296	0.100	0	0	0	0.00349	0.100	0	0.440	0.100	0.300	0.305	0	0.00287
42	1032.21	5.88185e-03	3.35	1.54	0.110	0.0295	0.100	0	0	0	0.00357	0.100	0	0.440	0.100	0.300	0.305	0	0.00317
43	1035.70	5.84037e-03	3.35	1.54	0.110	0.0294	0.100	0	0	0	0.00365	0.100	0	0.440	0.100	0.300	0.305	0	0.00307
44	1039.19	5.78542e-03	3.35	1.54	0.110	0.0293	0.100	0	0	0	0.00373	0.100	0	0.440	0.100	0.300	0.305	0	0.00303
45	1042.68	5.74719e-03	3.35	1.54	0.110	0.0292	0.100	0	0	0	0.00381	0.100	0	0.440	0.100	0.300	0.305	0	0.00309
46	1046.17	5.7175e-03	3.35	1.54	0.110	0.0291	0.100	0	0	0	0.00389	0.100	0	0.440	0.100	0.300	0.305	0	0.00286
47	1049.65	5.70189e-03	3.35	1.54	0.110	0.0290	0.100	0	0	0	0.00396	0.100	0	0.440	0.100	0.300	0.305	0	0.00265
48	1053.13	5.69805e-03	3.35	1.54	0.110	0.0289	0.100	0	0	0	0.00404	0.100	0	0.440	0.100	0.300	0.305	0	0.00316
49	1056.61	5.67983e-03	3.35	1.54	0.110	0.0288	0.100	0	0	0	0.00411	0.100	0	0.440	0.100	0.300	0.305	0	0.00299
50	1060.08	5.6582e-03	3.35	1.54	0.110	0.0287	0.100	0	0	0	0.00418	0.100	0	0.440	0.100	0.300	0.305	0	0.00288
51	1063.55	5.62952e-03	3.35	1.54	0.110	0.0286	0.100	0	0	0	0.00425	0.100	0	0.440	0.100	0.300	0.305	0	0.00282
52	1067.02	5.60995e-03	3.35	1.54	0.110	0.0285	0.100	0	0	0	0.00432	0.100	0	0.440	0.100	0.300	0.305	0	0.00319
53	1070.48	5.59859e-03	3.35	1.54	0.110	0.0284	0.100	0	0	0	0.00439	0.100	0	0.440	0.100	0.300	0.305	0	0.00308
54	1073.94	5.59632e-03	3.35	1.54	0.110	0.0283	0.100	0	0	0	0.00446	0.100	0	0.440	0.100	0.300	0.305	0	0.00299
55	1077.40	5.58759e-03	3.35	1.54	0.110	0.0282	0.100	0	0	0	0.00453	0.100	0	0.440	0.100	0.300	0.305	0	0.00271
56	1080.85	5.55305e-03	3.35	1.54	0.110	0.0281	0.100	0	0	0	0.00459	0.100	0	0.440	0.100	0.300	0.305	0	0.00324
57	1084.30	5.52785e-03	3.35	1.54	0.110	0.0280	0.100	0	0	0	0.00466	0.100	0	0.440	0.100	0.300	0.305	0	0.00302
58	1087.75	5.49702e-03	3.35	1.54	0.110	0.0279	0.100	0	0	0	0.00472	0.100	0	0.440	0.100	0.300	0.305	0	0.00306
59	1091.19	5.48898e-03	3.33	1.53	0.110	0.0279	0.100	0	0	0	0.00478	0.100	0	0.440	0.100	0.300	0.305	0	0.00308
60	1094.63	5.49221e-03	3.27	1.50	0.110	0.0278	0.100	0	0	0	0.00484	0.100	0	0.440	0.100	0.300	0.305	0	0.00280
61	1098.07	5.48139e-03	3.22	1.47	0.110	0.0277	0.100	0	0	0	0.00490	0.100	0	0.440	0.100	0.300	0.305	0	0.00297
62	1101.50	5.4618e-03	3.19	1.46	0.110	0.0276	0.100	0	0	0	0.00496	0.100	0	0.440	0.100	0.300	0.305	0	0.00286
63	1104.93	5.41758e-03	3.19	1.46	0.110	0.0275	0.100	0	0	0	0.00502	0.100	0	0.440	0.100	0.300	0.305	0	0.00307
64	1108.36	5.37396e-03	3.19	1.46	0.110	0.0274	0.100	0	0	0	0.00508	0.100	0	0.440	0.100	0.300	0.305	0	0.00321
65	1111.78	5.33502e-03	3.19	1.46	0.110	0.0273	0.100	0	0	0	0.00514	0.100	0	0.440	0.100	0.300	0.305	0	0.00304
66	1115.20	5.29249e-03	3.19	1.46	0.110	0.0273	0.100	0	0	0	0.00519	0.100	0	0.440	0.100	0.300	0.305	0	0.00294
67	1118.61	5.25075e-03	3.19	1.46	0.110	0.0272	0.100	0	0	0	0.00525	0.100	0	0.440	0.100	0.300	0.305	0	0.00309
68	1122.03	5.20109e-03	3.19	1.46	0.110	0.0271	0.100	0	0	0	0.00530	0.100	0	0.440	0.100	0.300	0.305	0	0.00301
69	1125.44	5.14705e-03	3.19	1.46	0.110	0.0270	0.100	0	0	0	0.00535	0.100	0	0.440	0.100	0.300	0.305	0	0.00302
70	1128.84	5.08066e-03	3.19	1.46	0.110	0.0269	0.100	0	0	0	0.00540	0.100	0	0.440	0.100	0.300	0.305	0	0.00306
71	1132.24	5.01816e-03	3.19	1.46	0.110	0.0268	0.100	0	0	0	0.00546	0.100	0	0.440	0.100	0.300	0.305	0	0.00249
72	1135.64	4.97196e-03	3.19	1.46	0.110	0.0268	0.100	0	0	0	0.00551	0.100	0	0.440	0.100	0.300	0.305	0	0.00279
73	1139.04	4.93676e-03	3.19	1.46	0.110	0.0267	0.100	0	0	0	0.00556	0.100	0	0.440	0.100	0.300	0.305	0	0.00274
74	1142.43	4.92122e-03	3.18	1.45	0.110	0.0266	0.100	0	0	0	0.00560	0.100	0	0.440	0.100	0.300	0.305	0	0.00302
75	1145.82	4.90479e-03	3.17	1.45	0.110	0.0265	0.100	0	0	0	0.00565	0.100	0	0.440	0.100	0.300	0.305	0	0.00297
76	1149.20	4.88489e-03	3.17	1.45	0.110	0.0265	0.100	0	0	0	0.00570	0.100	0	0.440	0.100	0.300	0.305	0	0.00289
77	1152.58	4.86536e-03	3.17	1.44	0.110	0.0264	0.100	0	0	0	0.00575	0.100	0	0.440	0.100	0.300	0.305	0	0.00275
78	1155.96	4.84682e-03	3.17	1.44	0.110	0.0263	0.100	0	0	0	0.00579	0.100	0	0.440	0.100	0.300	0.305	0	0.00306
79	1159.33	4.83098e-03	3.17	1.44	0.110	0.0262	0.100	0	0	0	0.00584	0.100	0	0.440	0.100	0.300	0.305	0	0.00270
80	1162.70	4.82625e-03	3.17	1.44	0.110	0.0261	0.100	0	0	0	0.00588	0.100	0	0.440	0.100	0.300	0.305	0	0.00284
81	1166.07	4.83707e-03	3.17	1.44	0.110	0.0261	0.100	0	0	0	0.00592	0.100	0	0.440	0.100	0.300	0.305	0	0.00275
82	1169.43	4.84765e-03	3.17	1.44	0.110	0.0260	0.100	0	0	0	0.00597	0.100	0	0.440	0.100	0.300	0.305	0	0.00288
83	1172.79	4.8556e-03	3.17	1.44	0.110	0.0259	0.100	0	0	0	0.00601	0.100	0	0.440	0.100	0.300	0.305	0	0.00303
84	1176.15	4.85054e-03	3.17	1.44	0.110	0.0258	0.100	0	0	0	0.00605	0.100	0	0.440	0.100	0.300	0.305	0	0.00286
85	1179.50	4.83419e-03	3.17	1.44	0.110	0.0258	0.100	0	0	0	0.00609	0.100	0	0.440	0.100	0.300	0.305	0	0.00304
86	1182.85	4.8086e-03	3.17	1.44	0.110	0.0257	0.100	0	0	0	0.00613	0.100	0	0.440	0.100	0.300	0.305	0	0.00288
87	1186.19	4.77556e-03	3.17	1.44	0.110	0.0256	0.100	0	0	0	0.00617	0.100	0	0.440	0.100	0.300	0.305	0	0.00262
88	1189.53	4.73594e-03	3.17	1.44	0.110	0.0256	0.100	0	0	0	0.00621	0.100	0	0.440	0.100	0.300	0.305	0	0.00324
89	1192.87	4.70201e-03	3.17	1.44	0.110	0.0255	0.100	0	0	0	0.00625	0.100	0	0.440	0.100	0.300	0.305	0	0.00301
90	1196.20	4.66235e-03	3.17	1.44	0.110	0.0254	0.100	0	0	0	0.00629	0.100	0	0.440	0.100	0.300	0.305	0	0.00274
91	1199.53	4.6152e-03	3.17	1.44	0.110	0.0253	0.100	0	0	0	0.00632	0.100	0	0.440	0.100	0.300	0.305	0	0.00305
92	1202.86	4.56819e-03	3.17	1.44	0.110	0.0253	0.100	0	0	0	0.00636	0.100	0	0.440	0.100	0.300	0.305	0	0.00325
93	1206.18	4.51494e-03	3.17	1.44	0.110	0.0252	0.100	0	0	0	0.00639	0.100	0	0.440	0.100	0.300	0.305	0	0.00291
94	1209.50	4.46919e-03	3.17	1.44	0.110	0.0251	0.100	0	0	0	0.00643	0.100	0	0.440	0.100	0.300	0.305	0	0.00282
95	1212.81	4.42547e-03	3.17	1.44	0.110	0.0251	0.100	0	0	0	0.00647	0.100	0	0.440	0.100	0.300	0.305	0	0.00305
96	1216.12	4.39475e-03	3.17	1.44	0.110	0.0250	0.100	0	0	0	0.00650	0.100	0	0.440	0.100	0.300	0.305	0	0.00253
97	1219.43	4.37315e-03	3.17	1.44	0.110	0.0249	0.100	0	0	0	0.00653	0.100	0	0.440	0.100	0.300	0.305	0	0.00252
98	1222.73	4.35405e-03	3.17	1.44	0.110	0.0249	0.100	0	0	0	0.00657	0.100	0	0.440	0.100	0.300	0.305	0	0.00260
99	1226.03	4.34227e-03	3.17	1.44	0.110	0.0248	0.100	0	0	0	0.00660	0.100	0	0.440	0.100	0.300	0.305	0	0.00267
100	1229.33	4.33425e-03	3.17	1.44	0.110	0.0247	0.100	0	0	0	0.00663	0.100	0	0.440	0.100	0.300	0.305	0	0.00277
101	1232.62	4.31993e-03	3.17	1.44	0.110	0.0247	0.100	0	0	0	0.00666	0.100	0	0.440	0.100	0.300	0.305	0	0.00286
102	1235.90	4.30679e-03	3.17	1.44	0.110	0.0246	0.100	0	0	0	0.00670	0.100	0	0.440	0.100	0.300	0.305	0	0.00244
103	1239.19	4.28587e-03	3.17	1.44	0.110	0.0245	0.100	0	0	0	0.00673	0.100	0	0.440	0.100	0.300	0.305	0	0.00262
104	1242.47	4.27243e-03	3.17	1.44	0.110	0.0245	0.100	0	0	0	0.00676	0.100	0	0.440	0.100	0.300	0.305	0	0.00298
105	1245.74	4.25683e-03	3.17	1.44	0.110	0.0244	0.100	0	0	0	0.00679	0.100	0	0.440	0.100	0.300	0.305	0	0.00274
106	1249.01	4.24194e-03	3.17	1.44	0.110	0.0243	0.100	0	0	0	0.00682	0.100	0	0.440	0.100	0.300	0.305	0	0.00257
107	1252.28	4.2275e-03	3.17	1.44	0.110	0.0243	0.100	0	0	0	0.00685	0.100	0	0.440	0.100	0.300	0.305	0	0.00301
108	1255.54	4.21181e-03	3.17	1.44	0.110	0.0242	0.100	0	0	0	0.00688	0.100	0	0.440	0.100	0.300	0.305	0	0.00258
109	1258.80	4.19073e-03	3.17	1.44	0.110	0.0241	0.100	0	0	0	0.00690	0.100	0	0.440	0.100	0.300	0.305	0	0.00283
110	1262.06	4.16558e-03	3.17	1.44	0.110	0.0241	0.100	0	0	0	0.00693	0.100	0	0.440	0.100	0.300	0.305	0	0.00279
111	1265.31	4.13225e-03	3.17	1.44	0.110	0.0240	0.100	0	0	0	0.00696	0.100	0	0.440	0.100	0.300	0.305	0	0.00266
112	1268.56	4.10038e-03	3.17	1.44	0.110	0.0240	0.100	0	0	0	0.00699	0.100	0	0.440	0.100	0.300	0.305	0	0.00268
113	1271.80	4.06447e-03	3.17	1.44	0.110	0.0239	0.100	0	0	0	0.00701	0.100	0	0.440	0.100	0.300	0.305	0	0.00247
114	1275.04	4.02446e-03	3.17	1.44	0.110	0.0238	0.100	0	0	0	0.00704	0.100	0	0.440	0.100	0.300	0.305	0	0.00265
115	1278.27	3.98417e-03	3.17	1.44	0.110	0.0238	0.100	0	0	0	0.00707	0.100	0	0.440	0.100	0.300	0.305	0	0.00253
116	1281.51	3.95375e-03	3.17	1.44	0.110	0.0237	0.100	0	0	0	0.00709	0.100	0	0.440	0.100	0.300	0.305	0	0.00286
117	1284.73	3.9243e-03	3.17	1.44	0.110	0.0237	0.100	0	0	0	0.00712	0.100	0	0.440	0.100	0.300	0.305	0	0.00291
118	1287.96	3.90491e-03	3.17	1.44	0.110	0.0236	0.100	0	0	0	0.00714	0.100	0	0.440	0.100	0.300	0.305	0	0.00273
119	1291.18	3.89691e-03	3.17	1.44	0.110	0.0235	0.100	0	0	0	0.00717	0.100	0	0.440	0.100	0.300	0.305	0	0.00268
120	1294.39	3.89584e-03	3.17	1.44	0.110	0.0235	0.100	0	0	0	0.00719	0.100	0	0.440	0.100	0.300	0.305	0	0.00251
121	1297.60	3.89409e-03	3.17	1.44	0.110	0.0234	0.100	0	0	0	0.00722	0.100	0	0.440	0.100	0.300	0.305	0	0.00288
122	1300.81	3.89513e-03	3.17	1.44	0.110	0.0234	0.100	0	0	0	0.00724	0.100	0	0.440	0.100	0.300	0.305	0	0.00254
123	1304.01	3.89422e-03	3.17	1.44	0.110	0.0233	0.100	0	0	0	0.00727	0.100	0	0.440	0.100	0.300	0.305	0	0.00259
124	1307.21	3.89231e-03	3.17	1.44	0.110	0.0233	0.100	0	0	0	0.00729	0.100	0	0.440	0.100	0.300	0.305	0	0.00264
125	1310.40	3.89086e-03	3.17	1.44	0.110	0.0232	0.100	0	0	0	0.00731	0.100	0	0.440	0.100	0.300	0.305	0	0.00272
126	1313.59	3.89667e-03	3.17	1.44	0.110	0.0231	0.100	0	0	0	0.00734	0.100	0	0.440	0.100	0.300	0.305	0	0.00268
127	1316.78	3.89641e-03	3.17	1.44	0.110	0.0231	0.100	0	0	0	0.00736	0.100	0	0.440	0.100	0.300	0.305	0	0.00279
128	1319.96	3.89493e-03	3.17	1.44	0.110	0.0230	0.100	0	0	0	0.00738	0.100	0	0.440	0.100	0.300	0.305	0	0.00281
129	1323.14	3.89263e-03	3.17	1.44	0.110	0.0230	0.100	0	0	0	0.00740	0.100	0	0.440	0.100	0.300	0.305	0	0.00261
130	1326.31	3.8853e-03	3.17	1.44	0.110	0.0229	0.100	0	0	0	0.00742	0.100	0	0.440	0.100	0.300	0.305	0	0.00266
131	1329.48	3.87326e-03	3.17	1.44	0.110	0.0229	0.100	0	0	0	0.00745	0.100	0	0.440	0.100	0.300	0.305	0	0.00316
132	1332.64	3.86071e-03	3.17	1.44	0.110	0.0228	0.100	0	0	0	0.00747	0.100	0	0.440	0.100	0.300	0.305	0	0.00289
133	1335.80	3.84964e-03	3.17	1.44	0.110	0.0228	0.100	0	0	0	0.00749	0.100	0	0.440	0.100	0.300	0.305	0	0.00300
134	1338.96	3.8328e-03	3.17	1.44	0.110	0.0227	0.100	0	0	0	0.00751	0.100	0	0.440	0.100	0.300	0.305	0	0.00258
135	1342.11	3.82566e-03	3.17	1.44	0.110	0.0227	0.100	0	0	0	0.00753	0.100	0	0.440	0.100	0.300	0.305	0	0.00290
136	1345.26	3.81825e-03	3.17	1.44	0.110	0.0226	0.100	0	0	0	0.00755	0.100	0	0.440	0.100	0.300	0.305	0	0.00260
137	1348.40	3.81863e-03	3.17	1.44	0.110	0.0225	0.100	0	0	0	0.00757	0.100	0	0.440	0.100	0.300	0.305	0	0.00287
138	1351.54	3.82603e-03	3.17	1.44	0.110	0.0225	0.100	0	0	0	0.00759	0.100	0	0.440	0.100	0.300	0.305	0	0.00282
139	1354.68	3.8374e-03	3.17	1.44	0.110	0.0224	0.100	0	0	0	0.00761	0.100	0	0.440	0.100	0.300	0.305	0	0.00270
140	1357.81	3.85361e-03	3.17	1.44	0.110	0.0224	0.100	0	0	0	0.00763	0.100	0	0.440	0.100	0.300	0.305	0	0.00263
141	1360.93	3.86977e-03	3.17	1.44	0.110	0.0223	0.100	0	0	0	0.00765	0.100	0	0.440	0.100	0.300	0.305	0	0.00272
142	1364.06	3.86935e-03	3.17	1.44	0.110	0.0223	0.100	0	0	0	0.00767	0.100	0	0.440	0.100	0.300	0.305	0	0.00297
143	1367.17	3.85662e-03	3.17	1.44	0.110	0.0222	0.100	0	0	0	0.00769	0.100	0	0.440	0.100	0.300	0.305	0	0.00264
144	1370.29	3.84318e-03	3.17	1.44	0.110	0.0222	0.100	0	0	0	0.00770	0.100	0	0.440	0.100	0.300	0.305	0	0.00257
145	1373.39	3.84018e-03	3.17	1.44	0.110	0.0221	0.100	0	0	0	0.00772	0.100	0	0.440	0.100	0.300	0.305	0	0.00294
146	1376.50	3.86173e-03	3.17	1.44	0.110	0.0221	0.100	0	0	0	0.00774	0.100	0	0.440	0.100	0.300	0.305	0	0.00304
147	1379.60	3.92323e-03	3.17	1.44	0.110	0.0220	0.100	0	0	0	0.00776	0.100	0	0.440	0.100	0.300	0.305	0	0.00304
148	1382.69	3.97135e-03	3.17	1.44	0.110	0.0220	0.100	0	0	0	0.00778	0.100	0	0.440	0.100	0.300	0.305	0	0.00282
149	1385.78	3.99575e-03	3.17	1.44	0.110	0.0219	0.100	0	0	0	0.00779	0.100	0	0.440	0.100	0.300	0.305	0	0.00275
150	1388.87	3.98874e-03	3.17	1.44	0.110	0.0219	0.100	0	0	0	0.00781	0.100	0	0.440	0.100	0.300	0.305	0	0.00283
151	1391.95	4.00397e-03	3.18	1.45	0.110	0.0218	0.100	0	0	0	0.00783	0.100	0	0.440	0.100	0.300	0.305	0	0.00284
152	1395.03	4.02414e-03	3.19	1.46	0.110	0.0218	0.100	0	0	0	0.00785	0.100	0	0.440	0.100	0.300	0.305	0	0.00287
153	1398.10	4.04339e-03	3.21	1.47	0.110	0.0217	0.100	0	0	0	0.00786	0.100	0	0.440	0.100	0.300	0.305	0	0.00277
154	1401.17	4.04976e-03	3.22	1.48	0.110	0.0217	0.100	0	0	0	0.00788	0.100	0	0.440	0.100	0.300	0.305	0	0.00326
155	1404.24	4.06072e-03	3.23	1.48	0.110	0.0216	0.100	0	0	0	0.00790	0.100	0	0.440	0.100	0.300	0.305	0	0.00281
156	1407.30	4.06032e-03	3.23	1.48	0.110	0.0216	0.100	0	0	0	0.00791	0.100	0	0.440	0.100	0.300	0.305	0	0.00330
157	1410.35	4.05686e-03	3.23	1.48	0.110	0.0216	0.100	0	0	0	0.00793	0.100	0	0.440	0.100	0.300	0.305	0	0.00310
158	1413.40	4.04785e-03	3.23	1.48	0.110	0.0215	0.100	0	0	0	0.00794	0.100	0	0.440	0.100	0.300	0.305	0	0.00302
159	1416.45	4.03093e-03	3.23	1.48	0.110	0.0215	0.100	0	0	0	0.00796	0.100	0	0.440	0.100	0.300	0.305	0	0.00286
160	1419.49	4.02421e-03	3.23	1.48	0.110	0.0214	0.100	0	0	0	0.00798	0.100	0	0.440	0.100	0.300	0.305	0	0.00305
161	1422.53	4.0181e-03	3.23	1.48	0.110	0.0214	0.100	0	0	0	0.00799	0.100	0	0.440	0.100	0.300	0.305	0	0.00290
162	1425.56	4.00518e-03	3.23	1.48	0.110	0.0213	0.100	0	0	0	0.00801	0.100	0	0.440	0.100	0.300	0.305	0	0.00309
163	1428.59	3.99797e-03	3.23	1.48	0.110	0.0213	0.100	0	0	0	0.00802	0.100	0	0.440	0.100	0.300	0.305	0	0.00293
164	1431.61	3.98173e-03	3.23	1.48	0.110	0.0212	0.100	0	0	0	0.00804	0.100	0	0.440	0.100	0.300	0.305	0	0.00298
165	1434.63	3.977e-03	3.23	1.48	0.110	0.0212	0.100	0	0	0	0.00805	0.100	0	0.440	0.100	0.300	0.305	0	0.00283
166	1437.65	3.96804e-03	3.23	1.48	0.110	0.0211	0.100	0	0	0	0.00807	0.100	0	0.440	0.100	0.300	0.305	0	0.00331
167	1440.66	3.95812e-03	3.23	1.48	0.110	0.0211	0.100	0	0	0	0.00808	0.100	0	0.440	0.100	0.300	0.305	0	0.00306
168	1443.66	3.93943e-03	3.21	1.47	0.110	0.0211	0.100	0	0	0	0.00810	0.100	0	0.440	0.100	0.300	0.305	0	0.00291
169	1446.66	3.93561e-03	3.19	1.46	0.110	0.0210	0.100	0	0	0	0.00811	0.100	0	0.440	0.100	0.300	0.305	0	0.00306
170	1449.66	3.91117e-03	3.17	1.45	0.110	0.0210	0.100	0	0	0	0.00812	0.100	0	0.440	0.100	0.300	0.305	0	0.00295
171	1452.65	3.91589e-03	3.20	1.46	0.110	0.0209	0.100	0	0	0	0.00814	0.100	0	0.440	0.100	0.300	0.305	0	0.00310
172	1455.64	3.91134e-03	3.23	1.48	0.110	0.0209	0.100	0	0	0	0.00815	0.100	0	0.440	0.100	0.300	0.305	0	0.00293
173	1458.62	3.92525e-03	3.26	1.50	0.110	0.0208	0.100	0	0	0	0.00816	0.100	0	0.440	0.100	0.300	0.305	0	0.00312
174	1461.60	3.94028e-03	3.28	1.51	0.110	0.0208	0.100	0	0	0	0.00818	0.100	0	0.440	0.100	0.300	0.305	0	0.00311
175	1464.57	3.95887e-03	3.28	1.51	0.110	0.0208	0.100	0	0	0	0.00819	0.100	0	0.440	0.100	0.300	0.305	0	0.00305
176	1467.54	3.97256e-03	3.28	1.51	0.110	0.0207	0.100	0	0	0	0.00820	0.100	0	0.440	0.100	0.300	0.305	0	0.00273
177	1470.50	3.99427e-03	3.29	1.51	0.110	0.0207	0.100	0	0	0	0.00822	0.100	0	0.440	0.100	0.300	0.305	0	0.00315
178	1473.46	3.99972e-03	3.29	1.51	0.110	0.0206	0.100	0	0	0	0.00823	0.100	0	0.440	0.100	0.300	0.305	0	0.00318
179	1476.42	4.01038e-03	3.29	1.51	0.110	0.0206	0.100	0	0	0	0.00824	0.100	0	0.440	0.100	0.300	0.305	0	0.00323
180	1479.37	4.02288e-03	3.29	1.51	0.110	0.0205	0.100	0	0	0	0.00826	0.100	0	0.440	0.100	0.300	0.305	0	0.00297
181	1482.31	4.03985e-03	3.28	1.51	0.110	0.0205	0.100	0	0	0	0.00827	0.100	0	0.440	0.100	0.300	0.305	0	0.00321
182	1485.25	4.05206e-03	3.28	1.51	0.110	0.0205	0.100	0	0	0	0.00828	0.100	0	0.440	0.100	0.300	0.305	0	0.00328
183	1488.19	4.06154e-03	3.28	1.51	0.110	0.0204	0.100	0	0	0	0.00829	0.100	0	0.440	0.100	0.300	0.305	0	0.00350
184	1491.12	4.07185e-03	3.27	1.50	0.110	0.0204	0.100	0	0	0	0.00830	0.100	0	0.440	0.100	0.300	0.305	0	0.00343
185	1494.04	4.08011e-03	3.27	1.50	0.110	0.0203	0.100	0	0	0	0.00832	0.100	0	0.440	0.100	0.300	0.305	0	0.00342
186	1496.97	4.09812e-03	3.26	1.49	0.110	0.0203	0.100	0	0	0	0.00833	0.100	0	0.440	0.100	0.300	0.305	0	0.00322
187	1499.88	4.11015e-03	3.25	1.49	0.110	0.0203	0.100	0	0	0	0.00834	0.100	0	0.440	0.100	0.300	0.305	0	0.00325
188	1502.79	4.12279e-03	3.25	1.49	0.110	0.0202	0.100	0	0	0	0.00835	0.100	0	0.440	0.100	0.300	0.305	0	0.00360
189	1505.70	4.1451e-03	3.25	1.49	0.110	0.0202	0.100	0	0	0	0.00836	0.100	0	0.440	0.100	0.300	0.305	0	0.00331
190	1508.60	4.15699e-03	3.25	1.49	0.110	0.0202	0.100	0	0	0	0.00837	0.100	0	0.440	0.100	0.300	0.305	0	0.00340
191	1511.50	4.17833e-03	3.25	1.49	0.110	0.0201	0.100	0	0	0	0.00838	0.100	0	0.440	0.100	0.300	0.305	0	0.00338
192	1514.39	4.18919e-03	3.25	1.49	0.110	0.0201	0.100	0	0	0	0.00840	0.100	0	0.440	0.100	0.300	0.305	0	0.00306
193	1517.28	4.21033e-03	3.25	1.49	0.110	0.0200	0.100	0	0	0	0.00841	0.100	0	0.440	0.100	0.300	0.305	0	0.00357
194	1520.17	4.21951e-03	3.25	1.49	0.110	0.0200	0.100	0	0	0	0.00842	0.100	0	0.440	0.100	0.300	0.305	0	0.00384
195	1523.04	4.22571e-03	3.25	1.49	0.110	0.0200	0.100	0	0	0	0.00843	0.100	0	0.440	0.100	0.300	0.305	0	0.00358
196	1525.92	4.24621e-03	3.25	1.49	0.110	0.0199	0.100	0	0	0	0.00844	0.100	0	0.440	0.100	0.300	0.305	0	0.00339
197	1528.79	4.25705e-03	3.25	1.49	0.110	0.0199	0.100	0	0	0	0.00845	0.100	0	0.440	0.100	0.300	0.305	0	0.00378
198	1531.65	4.27068e-03	3.25	1.49	0.110	0.0198	0.100	0	0	0	0.00846	0.100	0	0.440	0.100	0.300	0.305	0	0.00356
199	1534.51	4.28475e-03	3.25	1.49	0.110	0.0198	0.100	0	0	0	0.00847	0.100	0	0.440	0.100	0.300	0.305	0	0.00393
200	1537.36	4.29828e-03	3.25	1.49	0.110	0.0198	0.100	0	0	0	0.00848	0.100	0	0.440	0.100	0.300	0.305	0	0.00376
201	1540.21	4.31117e-03	3.25	1.49	0.110	0.0197	0.100	0	0	0	0.00849	0.100	0	0.440	0.100	0.300	0.305	0	0.00377
202	1543.06	4.32899e-03	3.23	1.48	0.110	0.0197	0.100	0	0	0	0.00850	0.100	0	0.440	0.100	0.300	0.305	0	0.00374
203	1545.90	4.34991e-03	3.21	1.47	0.110	0.0197	0.100	0	0	0	0.00851	0.100	0	0.440	0.100	0.300	0.305	0	0.00363
204	1548.73	4.36024e-03	3.19	1.46	0.110	0.0196	0.100	0	0	0	0.00851	0.100	0	0.440	0.100	0.300	0.305	0	0.00375
205	1551.56	4.38014e-03	3.19	1.46	0.110	0.0196	0.100	0	0	0	0.00852	0.100	0	0.440	0.100	0.300	0.305	0	0.00378
206	1554.39	4.39141e-03	3.19	1.46	0.110	0.0196	0.100	0	0	0	0.00853	0.100	0	0.440	0.100	0.300	0.305	0	0.00343
207	1557.21	4.40863e-03	3.19	1.46	0.110	0.0195	0.100	0	0	0	0.00854	0.100	0	0.440	0.100	0.300	0.305	0	0.00358
208	1560.02	4.42945e-03	3.19	1.46	0.110	0.0195	0.100	0	0	0	0.00855	0.100	0	0.440	0.100	0.300	0.305	0	0.00403
209	1562.83	4.44262e-03	3.19	1.46	0.110	0.0195	0.100	0	0	0	0.00856	0.100	0	0.440	0.100	0.300	0.305	0	0.00361
210	1565.64	4.45492e-03	3.19	1.46	0.110	0.0194	0.100	0	0	0	0.00857	0.100	0	0.440	0.100	0.300	0.305	0	0.00403
211	1568.44	4.47167e-03	3.19	1.46	0.110	0.0194	0.100	0	0	0	0.00857	0.100	0	0.440	0.100	0.300	0.305	0	0.00384
212	1571.23	4.4846e-03	3.19	1.46	0.110	0.0193	0.100	0	0	0	0.00858	0.100	0	0.440	0.100	0.300	0.305	0	0.00376
213	1574.02	4.50472e-03	3.19	1.46	0.110	0.0193	0.100	0	0	0	0.00859	0.100	0	0.440	0.100	0.300	0.305	0	0.00384
214	1576.81	4.52212e-03	3.19	1.46	0.110	0.0193	0.100	0	0	0	0.00860	0.100	0	0.440	0.100	0.300	0.305	0	0.00397
215	1579.59	4.54414e-03	3.19	1.46	0.110	0.0192	0.100	0	0	0	0.00860	0.100	0	0.440	0.100	0.300	0.305	0	0.00388
216	1582.37	4.56607e-03	3.19	1.46	0.110	0.0192	0.100	0	0	0	0.00861	0.100	0	0.440	0.100	0.300	0.305	0	0.00394
217	1585.14	4.59094e-03	3.19	1.46	0.110	0.0192	0.100	0	0	0	0.00862	0.100	0	0.440	0.100	0.300	0.305	0	0.00383
218	1587.90	4.62388e-03	3.19	1.46	0.110	0.0191	0.100	0	0	0	0.00863	0.100	0	0.440	0.100	0.300	0.305	0	0.00457
219	1590.66	4.65511e-03	3.18	1.45	0.110	0.0191	0.100	0	0	0	0.00863	0.100	0	0.440	0.100	0.300	0.305	0	0.00405
220	1593.42	4.69179e-03	3.18	1.45	0.110	0.0191	0.100	0	0	0	0.00864	0.100	0	0.440	0.100	0.300	0.305	0	0.00404
221	1596.17	4.72297e-03	3.18	1.45	0.110	0.0190	0.100	0	0	0	0.00865	0.100	0	0.440	0.100	0.300	0.305	0	0.00389
222	1598.92	4.76147e-03	3.18	1.45	0.110	0.0190	0.100	0	0	0	0.00865	0.100	0	0.440	0.100	0.300	0.305	0	0.00425
223	1601.66	4.80145e-03	3.19	1.46	0.110	0.0190	0.100	0	0	0	0.00866	0.100	0	0.440	0.100	0.300	0.305	0	0.00392
224	1604.39	4.83422e-03	3.22	1.47	0.110	0.0189	0.100	0	0	0	0.00867	0.100	0	0.440	0.100	0.300	0.305	0	0.00458
225	1607.13	4.87863e-03	3.25	1.49	0.110	0.0189	0.100	0	0	0	0.00867	0.100	0	0.440	0.100	0.300	0.305	0	0.00448
226	1609.85	4.91479e-03	3.28	1.50	0.110	0.0189	0.100	0	0	0	0.00868	0.100	0	0.440	0.100	0.300	0.305	0	0.00467
227	1612.57	4.95422e-03	3.28	1.50	0.110	0.0189	0.100	0	0	0	0.00868	0.100	0	0.440	0.100	0.300	0.305	0	0.00424
228	1615.29	4.99518e-03	3.28	1.50	0.110	0.0188	0.100	0	0	0	0.00869	0.100	0	0.440	0.100	0.300	0.305	0	0.00471
229	1618.00	5.0449e-03	3.28	1.50	0.110	0.0188	0.100	0	0	0	0.00870	0.100	0	0.440	0.100	0.300	0.305	0	0.00468
230	1620.71	5.09903e-03	3.28	1.50	0.110	0.0188	0.100	0	0	0	0.00870	0.100	0	0.440	0.100	0.300	0.305	0	0.00467
231	1623.41	5.15725e-03	3.28	1.50	0.110	0.0187	0.100	0	0	0	0.00871	0.100	0	0.440	0.100	0.300	0.305	0	0.00506
232	1626.10	5.23005e-03	3.28	1.50	0.110	0.0187	0.100	0	0	0	0.00871	0.100	0	0.440	0.100	0.300	0.305	0	0.00431
233	1628.79	5.3231e-03	3.28	1.50	0.110	0.0187	0.100	0	0	0	0.00872	0.100	0	0.440	0.100	0.300	0.305	0	0.00480
234	1631.48	5.44766e-03	3.28	1.50	0.110	0.0186	0.100	0	0	0	0.00872	0.100	0	0.440	0.100	0.300	0.305	0	0.00523
235	1634.16	5.58778e-03	3.28	1.50	0.110	0.0186	0.100	0	0	0	0.00873	0.100	0	0.440	0.100	0.300	0.305	0	0.00480
236	1636.83	5.77379e-03	3.28	1.50	0.110	0.0186	0.100	0	0	0	0.00873	0.100	0	0.440	0.100	0.300	0.305	0	0.00544
237	1639.50	6.01005e-03	3.28	1.50	0.110	0.0185	0.100	0	0	0	0.00873	0.100	0	0.440	0.100	0.300	0.305	0	0.00544
238	1642.17	6.33376e-03	3.28	1.50	0.110	0.0185	0.100	0	0	0	0.00874	0.100	0	0.440	0.100	0.300	0.305	0	0.00629
239	1644.83	6.7915e-03	3.28	1.50	0.110	0.0185	0.100	0	0	0	0.00874	0.100	0	0.440	0.100	0.300	0.305	0	0.00638
240	1647.49	7.40595e-03	3.28	1.50	0.110	0.0185	0.100	0	0	0	0.00875	0.100	0	0.440	0.100	0.300	0.305	0	0.00719
241	1650.14	8.22871e-03	3.28	1.50	0.110	0.0184	0.100	0	0	0	0.00875	0.100	0	0.440	0.100	0.300	0.305	0	0.00764
242	1652.78	9.3016e-03	3.28	1.50	0.110	0.0184	0.100	0	0	0	0.00875	0.100	0	0.440	0.100	0.300	0.305	0	0.00864
243	1655.42	1.06567e-02	3.28	1.50	0.110	0.0184	0.100	0	0	0	0.00876	0.100	0	0.440	0.100	0.300	0.305	0	0.00939
244	1658.06	1.23754e-02	3.28	1.50	0.110	0.0183	0.100	0	0	0	0.00876	0.100	0	0.440	0.100	0.300	0.305	0	0.0102
245	1660.68	1.44779e-02	3.28	1.50	0.110	0.0183	0.100	0	0	0	0.00877	0.100	0	0.440	0.100	0.300	0.305	0	0.0132
246	1663.31	1.69319e-02	3.28	1.50	0.110	0.0183	0.100	0	0	0	0.00877	0.100	0	0.440	0.100	0.300	0.305	0	0.0136
247	1665.93	1.97646e-02	3.28	1.50	0.110	0.0182	0.100	0	0	0	0.00877	0.100	0	0.440	0.100	0.300	0.305	0	0.0185
248	1668.54	2.29994e-02	3.28	1.50	0.110	0.0182	0.100	0	0	0	0.00877	0.100	0	0.440	0.100	0.300	0.305	0	0.0193
249	1671.15	2.66536e-02	3.28	1.50	0.110	0.0182	0.100	0	0	0	0.00878	0.100	0	0.440	0.100	0.300	0.305	0	0.0263
250	1673.76	3.06338e-02	3.28	1.50	0.110	0.0182	0.100	0	0	0	0.00878	0.100	0	0.440	0.100	0.300	0.305	0	0.0273
251	1676.36	3.51062e-02	3.28	1.50	0.110	0.0181	0.100	0	0	0	0.00878	0.100	0	0.440	0.100	0.300	0.305	0	0.0316
252	1678.95	4.02406e-02	3.28	1.50	0.110	0.0181	0.100	0	0	0	0.00879	0.100	0	0.440	0.100	0.300	0.305	0	0.0324
253	1681.54	4.58889e-02	3.28	1.50	0.110	0.0181	0.100	0	0	0	0.00879	0.100	0	0.440	0.100	0.300	0.305	0	0.0431
254	1684.12	5.22846e-02	3.28	1.50	0.110	0.0181	0.100	0	0	0	0.00879	0.100	0	0.440	0.100	0.300	0.305	0	0.0437
255	1686.70	6.02759e-02	3.28	1.50	0.110	0.0180	0.100	0	0	0	0.00879	0.100	0	0.440	0.100	0.300	0.305	0	0.0507
