# hypstar_220241_radcal_L_200903_swir.dat																			
# Calibrated by Joel Kuusk, Tartu Observatory, University of Tartu, 2020-09-03																			
#																			
# Applied corrections:																			
# nonlinearity	hypstar_220241_nonlin_corr_coefs_200903.dat																		
# wavelength	none																		
# thermal	none																		
# stray light	none																		
#																			
# L [mW m-2 nm-1 sr-1] = DN / inttime_ms * 1000 * cal_coef																			
#																			
# px	wl	cal_coef	u_cal_coef(k=2)	u_lamp(k=1)	u_aging(k=1)	u_power(k=1)	u_align_lamp(k=1)	u_panel(k=1)	u_interp_panel(k=1)	u_align_panel(k=1)	u_wl_source(k=1)	u_lab_stray(k=1)	u_panel_backrefl(k=1)	u_dist(k=1)	u_align(k=1)	u_temp(k=1)	u_lin(k=1)	u_stray(k=1)	u_typeA(k=1)
1	873.6	2.95793e-03	1.59	0.613	0.0485	0.0348	0.100	0.305	0.100	0.100	0.0363	0.100	0.100	0.0800	0.100	0.300	0.0350	0	0.0505
2	877.2	1.36411e-03	1.59	0.613	0.0485	0.0347	0.100	0.305	0.100	0.100	0.0276	0.100	0.100	0.0800	0.100	0.300	0.0350	0	0.0234
3	880.8	8.07187e-04	1.59	0.613	0.0485	0.0345	0.100	0.305	0.100	0.100	0.0188	0.100	0.100	0.0800	0.100	0.300	0.0350	0	0.0146
4	884.4	6.09731e-04	1.59	0.613	0.0485	0.0344	0.100	0.305	0.100	0.100	0.00964	0.100	0.100	0.0800	0.100	0.300	0.0350	0	0.0111
5	888.1	5.36593e-04	1.59	0.613	0.0485	0.0342	0.100	0.305	0.100	0.100	0.00000210	0.100	0.100	0.0800	0.100	0.300	0.0350	0	0.0106
6	891.7	5.05685e-04	1.59	0.613	0.0485	0.0341	0.100	0.305	0.100	0.100	0.00963	0.100	0.100	0.0800	0.100	0.300	0.0350	0	0.00922
7	895.3	4.84844e-04	1.59	0.613	0.0485	0.0340	0.100	0.305	0.100	0.100	0.0195	0.100	0.100	0.0800	0.100	0.300	0.0350	0	0.00891
8	898.9	4.6635e-04	1.62	0.613	0.0485	0.0338	0.100	0.305	0.100	0.100	0.150	0.100	0.100	0.0800	0.100	0.300	0.0350	0	0.00809
9	902.5	4.45237e-04	3.66	1.76	0.0485	0.0337	0.100	0.305	0.100	0.100	0.134	0.100	0.100	0.0800	0.100	0.300	0.0350	0	0.00806
10	906.1	4.26042e-04	3.65	1.76	0.0485	0.0336	0.100	0.305	0.100	0.100	0.00157	0.100	0.100	0.0800	0.100	0.300	0.0350	0	0.00793
11	909.7	4.02833e-04	3.65	1.76	0.0485	0.0334	0.100	0.305	0.100	0.100	0.00339	0.100	0.100	0.0800	0.100	0.300	0.0350	0	0.00729
12	913.3	3.74829e-04	3.65	1.76	0.0485	0.0333	0.100	0.305	0.100	0.100	0.00816	0.100	0.100	0.0800	0.100	0.300	0.0350	0	0.00719
13	916.9	3.42172e-04	3.65	1.76	0.0485	0.0332	0.100	0.305	0.100	0.100	0.0126	0.100	0.100	0.0800	0.100	0.300	0.0350	0	0.00632
14	920.5	3.09948e-04	3.65	1.76	0.0485	0.0330	0.100	0.305	0.100	0.100	0.0163	0.100	0.100	0.0800	0.100	0.300	0.0350	0	0.00611
15	924.1	2.84384e-04	3.65	1.76	0.0485	0.0329	0.100	0.305	0.100	0.100	0.0189	0.100	0.100	0.0800	0.100	0.300	0.0350	0	0.00507
16	927.7	2.67779e-04	3.65	1.76	0.0485	0.0328	0.100	0.305	0.100	0.100	0.0204	0.100	0.100	0.0800	0.100	0.300	0.0350	0	0.00535
17	931.3	2.56917e-04	3.65	1.76	0.0485	0.0326	0.100	0.305	0.100	0.100	0.0208	0.100	0.100	0.0800	0.100	0.300	0.0350	0	0.00530
18	934.9	2.49187e-04	3.65	1.76	0.0485	0.0325	0.100	0.305	0.100	0.100	0.0202	0.100	0.100	0.0800	0.100	0.300	0.0350	0	0.00448
19	938.5	2.43308e-04	3.65	1.76	0.0485	0.0324	0.100	0.305	0.100	0.100	0.0188	0.100	0.100	0.0800	0.100	0.300	0.0350	0	0.00445
20	942	2.38723e-04	3.65	1.76	0.0485	0.0323	0.100	0.305	0.100	0.100	0.0179	0.100	0.100	0.0800	0.100	0.300	0.0350	0	0.00503
21	945.6	2.34687e-04	3.65	1.76	0.0485	0.0321	0.100	0.305	0.100	0.100	0.0186	0.100	0.100	0.0800	0.100	0.300	0.0350	0	0.00449
22	949.2	2.30563e-04	3.65	1.76	0.0485	0.0320	0.100	0.305	0.100	0.100	0.0209	0.100	0.100	0.0800	0.100	0.300	0.0350	0	0.00454
23	952.7	2.2626e-04	3.65	1.76	0.0485	0.0319	0.100	0.305	0.100	0.100	0.0249	0.100	0.100	0.0800	0.100	0.300	0.0350	0	0.00448
24	956.3	2.22021e-04	3.65	1.76	0.0485	0.0318	0.100	0.305	0.100	0.100	0.0306	0.100	0.100	0.0800	0.100	0.300	0.0350	0	0.00463
25	959.9	2.18e-04	3.65	1.76	0.0485	0.0317	0.100	0.305	0.100	0.100	0.0380	0.100	0.100	0.0800	0.100	0.300	0.0350	0	0.00416
26	963.4	2.13298e-04	3.65	1.76	0.0485	0.0316	0.100	0.305	0.100	0.100	0.0460	0.100	0.100	0.0800	0.100	0.300	0.0350	0	0.00411
27	967	2.08614e-04	3.65	1.76	0.0485	0.0314	0.100	0.305	0.100	0.100	0.0536	0.100	0.100	0.0800	0.100	0.300	0.0350	0	0.00410
28	970.5	2.04007e-04	3.65	1.76	0.0485	0.0313	0.100	0.305	0.100	0.100	0.0601	0.100	0.100	0.0800	0.100	0.300	0.0350	0	0.00403
29	974.1	1.99848e-04	3.65	1.76	0.0485	0.0312	0.100	0.305	0.100	0.100	0.0658	0.100	0.100	0.0800	0.100	0.300	0.0350	0	0.00435
30	977.6	1.95474e-04	3.65	1.76	0.0485	0.0311	0.100	0.305	0.100	0.100	0.0704	0.100	0.100	0.0800	0.100	0.300	0.0350	0	0.00413
31	981.2	1.90892e-04	3.65	1.76	0.0485	0.0310	0.100	0.305	0.100	0.100	0.0742	0.100	0.100	0.0800	0.100	0.300	0.0350	0	0.00384
32	984.7	1.86695e-04	3.66	1.76	0.0485	0.0309	0.100	0.305	0.100	0.100	0.0772	0.100	0.100	0.0800	0.100	0.300	0.0350	0	0.00380
33	988.3	1.83203e-04	3.66	1.76	0.0485	0.0308	0.100	0.305	0.100	0.100	0.0800	0.100	0.100	0.0800	0.100	0.300	0.0350	0	0.00375
34	991.8	1.79997e-04	3.66	1.76	0.0485	0.0307	0.100	0.305	0.100	0.100	0.0827	0.100	0.100	0.0800	0.100	0.300	0.0350	0	0.00380
35	995.3	1.76832e-04	3.66	1.76	0.0485	0.0305	0.100	0.305	0.100	0.100	0.0854	0.100	0.100	0.0800	0.100	0.300	0.0350	0	0.00357
36	998.9	1.7368e-04	3.66	1.76	0.0485	0.0304	0.100	0.305	0.100	0.100	0.0881	0.100	0.100	0.0800	0.100	0.300	0.0350	0	0.00372
37	1002.4	1.70802e-04	3.56	1.70	0.0485	0.0303	0.100	0.305	0.100	0.100	0.0908	0.100	0.100	0.0800	0.100	0.300	0.0350	0	0.00364
38	1005.9	1.68444e-04	3.42	1.63	0.0485	0.0302	0.100	0.305	0.100	0.100	0.0935	0.100	0.100	0.0800	0.100	0.300	0.0350	0	0.00355
39	1009.4	1.6664e-04	3.28	1.56	0.0485	0.0301	0.100	0.305	0.100	0.100	0.0959	0.100	0.100	0.0800	0.100	0.300	0.0350	0	0.00373
40	1012.9	1.6488e-04	3.26	1.54	0.0485	0.0300	0.100	0.305	0.100	0.100	0.0982	0.100	0.100	0.0800	0.100	0.300	0.0350	0	0.00360
41	1016.4	1.62815e-04	3.26	1.54	0.0485	0.0299	0.100	0.305	0.100	0.100	0.100	0.100	0.100	0.0800	0.100	0.300	0.0350	0	0.00343
42	1020	1.61128e-04	3.26	1.54	0.0485	0.0298	0.100	0.305	0.100	0.100	0.102	0.100	0.100	0.0800	0.100	0.300	0.0350	0	0.00344
43	1023.5	1.59313e-04	3.26	1.54	0.0485	0.0297	0.100	0.305	0.100	0.100	0.103	0.100	0.100	0.0800	0.100	0.300	0.0350	0	0.00357
44	1027	1.58456e-04	3.26	1.54	0.0485	0.0296	0.100	0.305	0.100	0.100	0.105	0.100	0.100	0.0800	0.100	0.300	0.0350	0	0.00362
45	1030.5	1.57537e-04	3.26	1.54	0.0485	0.0295	0.100	0.305	0.100	0.100	0.106	0.100	0.100	0.0800	0.100	0.300	0.0350	0	0.00356
46	1034	1.56521e-04	3.26	1.54	0.0485	0.0294	0.100	0.305	0.100	0.100	0.108	0.100	0.100	0.0800	0.100	0.300	0.0350	0	0.00347
47	1037.5	1.55575e-04	3.26	1.54	0.0485	0.0293	0.100	0.305	0.100	0.100	0.110	0.100	0.100	0.0800	0.100	0.300	0.0350	0	0.00347
48	1040.9	1.54646e-04	3.26	1.54	0.0485	0.0292	0.100	0.305	0.100	0.100	0.112	0.100	0.100	0.0800	0.100	0.300	0.0350	0	0.00361
49	1044.4	1.53949e-04	3.26	1.54	0.0485	0.0291	0.100	0.305	0.100	0.100	0.115	0.100	0.100	0.0800	0.100	0.300	0.0350	0	0.00350
50	1047.9	1.53652e-04	3.26	1.54	0.0485	0.0290	0.100	0.305	0.100	0.100	0.119	0.100	0.100	0.0800	0.100	0.300	0.0350	0	0.00348
51	1051.4	1.53409e-04	3.26	1.54	0.0485	0.0289	0.100	0.305	0.100	0.100	0.123	0.100	0.100	0.0800	0.100	0.300	0.0350	0	0.00342
52	1054.9	1.52657e-04	3.26	1.54	0.0485	0.0288	0.100	0.305	0.100	0.100	0.126	0.100	0.100	0.0800	0.100	0.300	0.0350	0	0.00333
53	1058.3	1.51831e-04	3.26	1.54	0.0485	0.0287	0.100	0.305	0.100	0.100	0.129	0.100	0.100	0.0800	0.100	0.300	0.0350	0	0.00332
54	1061.8	1.50827e-04	3.26	1.54	0.0485	0.0286	0.100	0.305	0.100	0.100	0.132	0.100	0.100	0.0800	0.100	0.300	0.0350	0	0.00335
55	1065.3	1.49957e-04	3.26	1.54	0.0485	0.0285	0.100	0.305	0.100	0.100	0.134	0.100	0.100	0.0800	0.100	0.300	0.0350	0	0.00351
56	1068.7	1.49013e-04	3.26	1.54	0.0485	0.0284	0.100	0.305	0.100	0.100	0.136	0.100	0.100	0.0800	0.100	0.300	0.0350	0	0.00339
57	1072.2	1.47878e-04	3.26	1.54	0.0485	0.0284	0.100	0.305	0.100	0.100	0.137	0.100	0.100	0.0800	0.100	0.300	0.0350	0	0.00350
58	1075.7	1.46551e-04	3.26	1.54	0.0485	0.0283	0.100	0.305	0.100	0.100	0.138	0.100	0.100	0.0800	0.100	0.300	0.0350	0	0.00357
59	1079.1	1.44929e-04	3.26	1.54	0.0485	0.0282	0.100	0.305	0.100	0.100	0.139	0.100	0.100	0.0800	0.100	0.300	0.0350	0	0.00316
60	1082.6	1.43042e-04	3.26	1.54	0.0485	0.0281	0.100	0.305	0.100	0.100	0.140	0.100	0.100	0.0800	0.100	0.300	0.0350	0	0.00310
61	1086	1.41324e-04	3.26	1.54	0.0485	0.0280	0.100	0.305	0.100	0.100	0.141	0.100	0.100	0.0800	0.100	0.300	0.0350	0	0.00332
62	1089.5	1.3931e-04	3.26	1.54	0.0485	0.0279	0.100	0.305	0.100	0.100	0.142	0.100	0.100	0.0800	0.100	0.300	0.0350	0	0.00324
63	1092.9	1.37187e-04	3.21	1.52	0.0485	0.0278	0.100	0.305	0.100	0.100	0.143	0.100	0.100	0.0800	0.100	0.300	0.0350	0	0.00351
64	1096.3	1.34974e-04	3.16	1.49	0.0485	0.0277	0.100	0.305	0.100	0.100	0.144	0.100	0.100	0.0800	0.100	0.300	0.0350	0	0.00315
65	1099.8	1.328e-04	3.10	1.46	0.0485	0.0276	0.100	0.305	0.100	0.100	0.145	0.100	0.100	0.0800	0.100	0.300	0.0350	0	0.00339
66	1103.2	1.30847e-04	3.09	1.46	0.0485	0.0276	0.100	0.305	0.100	0.100	0.147	0.100	0.100	0.0800	0.100	0.300	0.0350	0	0.00288
67	1106.6	1.28831e-04	3.09	1.46	0.0485	0.0275	0.100	0.305	0.100	0.100	0.150	0.100	0.100	0.0800	0.100	0.300	0.0350	0	0.00324
68	1110	1.27086e-04	3.09	1.46	0.0485	0.0274	0.100	0.305	0.100	0.100	0.153	0.100	0.100	0.0800	0.100	0.300	0.0350	0	0.00303
69	1113.5	1.25553e-04	3.10	1.46	0.0485	0.0273	0.100	0.305	0.100	0.100	0.157	0.100	0.100	0.0800	0.100	0.300	0.0350	0	0.00299
70	1116.9	1.24369e-04	3.10	1.46	0.0485	0.0272	0.100	0.305	0.100	0.100	0.161	0.100	0.100	0.0800	0.100	0.300	0.0350	0	0.00278
71	1120.3	1.23122e-04	3.10	1.46	0.0485	0.0271	0.100	0.305	0.100	0.100	0.165	0.100	0.100	0.0800	0.100	0.300	0.0350	0	0.00292
72	1123.7	1.21969e-04	3.10	1.46	0.0485	0.0271	0.100	0.305	0.100	0.100	0.168	0.100	0.100	0.0800	0.100	0.300	0.0350	0	0.00295
73	1127.1	1.20725e-04	3.10	1.46	0.0485	0.0270	0.100	0.305	0.100	0.100	0.171	0.100	0.100	0.0800	0.100	0.300	0.0350	0	0.00299
74	1130.5	1.19916e-04	3.10	1.46	0.0485	0.0269	0.100	0.305	0.100	0.100	0.173	0.100	0.100	0.0800	0.100	0.300	0.0350	0	0.00284
75	1133.9	1.1946e-04	3.10	1.46	0.0485	0.0268	0.100	0.305	0.100	0.100	0.175	0.100	0.100	0.0800	0.100	0.300	0.0350	0	0.00319
76	1137.3	1.19415e-04	3.10	1.46	0.0485	0.0267	0.100	0.305	0.100	0.100	0.177	0.100	0.100	0.0800	0.100	0.300	0.0350	0	0.00292
77	1140.7	1.19769e-04	3.10	1.45	0.0485	0.0267	0.100	0.305	0.100	0.100	0.178	0.100	0.100	0.0800	0.100	0.300	0.0350	0	0.00290
78	1144.1	1.20182e-04	3.09	1.45	0.0485	0.0266	0.100	0.305	0.100	0.100	0.179	0.100	0.100	0.0800	0.100	0.300	0.0350	0	0.00332
79	1147.5	1.2078e-04	3.09	1.45	0.0485	0.0265	0.100	0.305	0.100	0.100	0.180	0.100	0.100	0.0800	0.100	0.300	0.0350	0	0.00302
80	1150.8	1.21097e-04	3.08	1.44	0.0485	0.0264	0.100	0.305	0.100	0.100	0.182	0.100	0.100	0.0800	0.100	0.300	0.0350	0	0.00327
81	1154.2	1.21325e-04	3.08	1.44	0.0485	0.0263	0.100	0.305	0.100	0.100	0.183	0.100	0.100	0.0800	0.100	0.300	0.0350	0	0.00325
82	1157.6	1.21536e-04	3.08	1.44	0.0485	0.0263	0.100	0.305	0.100	0.100	0.186	0.100	0.100	0.0800	0.100	0.300	0.0350	0	0.00313
83	1161	1.21689e-04	3.08	1.44	0.0485	0.0262	0.100	0.305	0.100	0.100	0.188	0.100	0.100	0.0800	0.100	0.300	0.0350	0	0.00293
84	1164.3	1.22019e-04	3.08	1.44	0.0485	0.0261	0.100	0.305	0.100	0.100	0.190	0.100	0.100	0.0800	0.100	0.300	0.0350	0	0.00300
85	1167.7	1.2213e-04	3.08	1.44	0.0485	0.0260	0.100	0.305	0.100	0.100	0.191	0.100	0.100	0.0800	0.100	0.300	0.0350	0	0.00300
86	1171	1.22142e-04	3.08	1.44	0.0485	0.0260	0.100	0.305	0.100	0.100	0.193	0.100	0.100	0.0800	0.100	0.300	0.0350	0	0.00301
87	1174.4	1.21823e-04	3.08	1.44	0.0485	0.0259	0.100	0.305	0.100	0.100	0.193	0.100	0.100	0.0800	0.100	0.300	0.0350	0	0.00304
88	1177.8	1.21071e-04	3.09	1.44	0.0485	0.0258	0.100	0.305	0.100	0.100	0.194	0.100	0.100	0.0800	0.100	0.300	0.0350	0	0.00316
89	1181.1	1.20151e-04	3.09	1.44	0.0485	0.0257	0.100	0.305	0.100	0.100	0.194	0.100	0.100	0.0800	0.100	0.300	0.0350	0	0.00283
90	1184.4	1.18988e-04	3.08	1.44	0.0485	0.0257	0.100	0.305	0.100	0.100	0.193	0.100	0.100	0.0800	0.100	0.300	0.0350	0	0.00317
91	1187.8	1.17703e-04	3.08	1.44	0.0485	0.0256	0.100	0.305	0.100	0.100	0.193	0.100	0.100	0.0800	0.100	0.300	0.0350	0	0.00302
92	1191.1	1.16394e-04	3.08	1.44	0.0485	0.0255	0.100	0.305	0.100	0.100	0.192	0.100	0.100	0.0800	0.100	0.300	0.0350	0	0.00314
93	1194.5	1.14845e-04	3.08	1.44	0.0485	0.0254	0.100	0.305	0.100	0.100	0.191	0.100	0.100	0.0800	0.100	0.300	0.0350	0	0.00293
94	1197.8	1.13528e-04	3.08	1.44	0.0485	0.0254	0.100	0.305	0.100	0.100	0.190	0.100	0.100	0.0800	0.100	0.300	0.0350	0	0.00304
95	1201.1	1.12343e-04	3.08	1.44	0.0485	0.0253	0.100	0.305	0.100	0.100	0.188	0.100	0.100	0.0800	0.100	0.300	0.0350	0	0.00285
96	1204.4	1.11328e-04	3.08	1.44	0.0485	0.0252	0.100	0.305	0.100	0.100	0.187	0.100	0.100	0.0800	0.100	0.300	0.0350	0	0.00314
97	1207.8	1.10577e-04	3.08	1.44	0.0485	0.0252	0.100	0.305	0.100	0.100	0.186	0.100	0.100	0.0800	0.100	0.300	0.0350	0	0.00290
98	1211.1	1.10049e-04	3.08	1.44	0.0485	0.0251	0.100	0.305	0.100	0.100	0.185	0.100	0.100	0.0800	0.100	0.300	0.0350	0	0.00308
99	1214.4	1.09812e-04	3.08	1.44	0.0485	0.0250	0.100	0.305	0.100	0.100	0.185	0.100	0.100	0.0800	0.100	0.300	0.0350	0	0.00292
100	1217.7	1.09752e-04	3.08	1.44	0.0485	0.0250	0.100	0.305	0.100	0.100	0.186	0.100	0.100	0.0800	0.100	0.300	0.0350	0	0.00291
101	1221	1.09638e-04	3.08	1.44	0.0485	0.0249	0.100	0.305	0.100	0.100	0.187	0.100	0.100	0.0800	0.100	0.300	0.0350	0	0.00292
102	1224.3	1.09265e-04	3.08	1.44	0.0485	0.0248	0.100	0.305	0.100	0.100	0.189	0.100	0.100	0.0800	0.100	0.300	0.0350	0	0.00302
103	1227.6	1.08734e-04	3.08	1.44	0.0485	0.0248	0.100	0.305	0.100	0.100	0.192	0.100	0.100	0.0800	0.100	0.300	0.0350	0	0.00288
104	1230.9	1.08258e-04	3.09	1.44	0.0485	0.0247	0.100	0.305	0.100	0.100	0.194	0.100	0.100	0.0800	0.100	0.300	0.0350	0	0.00300
105	1234.2	1.0782e-04	3.09	1.44	0.0485	0.0246	0.100	0.305	0.100	0.100	0.196	0.100	0.100	0.0800	0.100	0.300	0.0350	0	0.00290
106	1237.5	1.07506e-04	3.09	1.44	0.0485	0.0246	0.100	0.305	0.100	0.100	0.198	0.100	0.100	0.0800	0.100	0.300	0.0350	0	0.00304
107	1240.7	1.07242e-04	3.09	1.44	0.0485	0.0245	0.100	0.305	0.100	0.100	0.200	0.100	0.100	0.0800	0.100	0.300	0.0350	0	0.00289
108	1244	1.07278e-04	3.09	1.44	0.0485	0.0244	0.100	0.305	0.100	0.100	0.201	0.100	0.100	0.0800	0.100	0.300	0.0350	0	0.00298
109	1247.3	1.07266e-04	3.09	1.44	0.0485	0.0244	0.100	0.305	0.100	0.100	0.202	0.100	0.100	0.0800	0.100	0.300	0.0350	0	0.00305
110	1250.6	1.07447e-04	3.09	1.44	0.0485	0.0243	0.100	0.305	0.100	0.100	0.202	0.100	0.100	0.0800	0.100	0.300	0.0350	0	0.00295
111	1253.8	1.07407e-04	3.09	1.44	0.0485	0.0242	0.100	0.305	0.100	0.100	0.203	0.100	0.100	0.0800	0.100	0.300	0.0350	0	0.00287
112	1257.1	1.07208e-04	3.09	1.44	0.0485	0.0242	0.100	0.305	0.100	0.100	0.203	0.100	0.100	0.0800	0.100	0.300	0.0350	0	0.00304
113	1260.3	1.06889e-04	3.09	1.44	0.0485	0.0241	0.100	0.305	0.100	0.100	0.204	0.100	0.100	0.0800	0.100	0.300	0.0350	0	0.00332
114	1263.6	1.06255e-04	3.09	1.44	0.0485	0.0241	0.100	0.305	0.100	0.100	0.206	0.100	0.100	0.0800	0.100	0.300	0.0350	0	0.00295
115	1266.8	1.05566e-04	3.09	1.44	0.0485	0.0240	0.100	0.305	0.100	0.100	0.207	0.100	0.100	0.0800	0.100	0.300	0.0350	0	0.00312
116	1270.1	1.04649e-04	3.09	1.44	0.0485	0.0239	0.100	0.305	0.100	0.100	0.209	0.100	0.100	0.0800	0.100	0.300	0.0350	0	0.00313
117	1273.3	1.03848e-04	3.09	1.44	0.0485	0.0239	0.100	0.305	0.100	0.100	0.211	0.100	0.100	0.0800	0.100	0.300	0.0350	0	0.00300
118	1276.6	1.03052e-04	3.09	1.44	0.0485	0.0238	0.100	0.305	0.100	0.100	0.213	0.100	0.100	0.0800	0.100	0.300	0.0350	0	0.00293
119	1279.8	1.0231e-04	3.09	1.44	0.0485	0.0238	0.100	0.305	0.100	0.100	0.215	0.100	0.100	0.0800	0.100	0.300	0.0350	0	0.00318
120	1283	1.01568e-04	3.09	1.44	0.0485	0.0237	0.100	0.305	0.100	0.100	0.216	0.100	0.100	0.0800	0.100	0.300	0.0350	0	0.00287
121	1286.3	1.00941e-04	3.09	1.44	0.0485	0.0236	0.100	0.305	0.100	0.100	0.218	0.100	0.100	0.0800	0.100	0.300	0.0350	0	0.00279
122	1289.5	1.00304e-04	3.09	1.44	0.0485	0.0236	0.100	0.305	0.100	0.100	0.219	0.100	0.100	0.0800	0.100	0.300	0.0350	0	0.00263
123	1292.7	9.95894e-05	3.09	1.44	0.0485	0.0235	0.100	0.305	0.100	0.100	0.220	0.100	0.100	0.0800	0.100	0.300	0.0350	0	0.00317
124	1295.9	9.89402e-05	3.09	1.44	0.0485	0.0235	0.100	0.305	0.100	0.100	0.221	0.100	0.100	0.0800	0.100	0.300	0.0350	0	0.00279
125	1299.1	9.82946e-05	3.09	1.44	0.0485	0.0234	0.100	0.305	0.100	0.100	0.222	0.100	0.100	0.0800	0.100	0.300	0.0350	0	0.00301
126	1302.3	9.76907e-05	3.09	1.44	0.0485	0.0233	0.100	0.305	0.100	0.100	0.222	0.100	0.100	0.0800	0.100	0.300	0.0350	0	0.00293
127	1305.5	9.72154e-05	3.09	1.44	0.0485	0.0233	0.100	0.305	0.100	0.100	0.223	0.100	0.100	0.0800	0.100	0.300	0.0350	0	0.00289
128	1308.7	9.68e-05	3.09	1.44	0.0485	0.0232	0.100	0.305	0.100	0.100	0.223	0.100	0.100	0.0800	0.100	0.300	0.0350	0	0.00279
129	1311.9	9.65771e-05	3.09	1.44	0.0485	0.0232	0.100	0.305	0.100	0.100	0.223	0.100	0.100	0.0800	0.100	0.300	0.0350	0	0.00301
130	1315.1	9.62372e-05	3.09	1.44	0.0485	0.0231	0.100	0.305	0.100	0.100	0.222	0.100	0.100	0.0800	0.100	0.300	0.0350	0	0.00293
131	1318.3	9.59261e-05	3.09	1.44	0.0485	0.0231	0.100	0.305	0.100	0.100	0.223	0.100	0.100	0.0800	0.100	0.300	0.0350	0	0.00289
132	1321.5	9.56284e-05	3.09	1.44	0.0485	0.0230	0.100	0.305	0.100	0.100	0.224	0.100	0.100	0.0800	0.100	0.300	0.0350	0	0.00309
133	1324.6	9.51116e-05	3.09	1.44	0.0485	0.0230	0.100	0.305	0.100	0.100	0.226	0.100	0.100	0.0800	0.100	0.300	0.0350	0	0.00300
134	1327.8	9.45118e-05	3.09	1.44	0.0485	0.0229	0.100	0.305	0.100	0.100	0.229	0.100	0.100	0.0800	0.100	0.300	0.0350	0	0.00299
135	1331	9.37796e-05	3.10	1.44	0.0485	0.0228	0.100	0.305	0.100	0.100	0.234	0.100	0.100	0.0800	0.100	0.300	0.0350	0	0.00285
136	1334.2	9.31591e-05	3.10	1.44	0.0485	0.0228	0.100	0.305	0.100	0.100	0.239	0.100	0.100	0.0800	0.100	0.300	0.0350	0	0.00308
137	1337.3	9.27241e-05	3.10	1.44	0.0485	0.0227	0.100	0.305	0.100	0.100	0.246	0.100	0.100	0.0800	0.100	0.300	0.0350	0	0.00281
138	1340.5	9.2435e-05	3.10	1.44	0.0485	0.0227	0.100	0.305	0.100	0.100	0.253	0.100	0.100	0.0800	0.100	0.300	0.0350	0	0.00274
139	1343.6	9.25897e-05	3.10	1.44	0.0485	0.0226	0.100	0.305	0.100	0.100	0.258	0.100	0.100	0.0800	0.100	0.300	0.0350	0	0.00284
140	1346.8	9.30429e-05	3.11	1.44	0.0485	0.0226	0.100	0.305	0.100	0.100	0.263	0.100	0.100	0.0800	0.100	0.300	0.0350	0	0.00288
141	1349.9	9.41447e-05	3.11	1.44	0.0485	0.0225	0.100	0.305	0.100	0.100	0.266	0.100	0.100	0.0800	0.100	0.300	0.0350	0	0.00297
142	1353	9.54244e-05	3.11	1.44	0.0485	0.0225	0.100	0.305	0.100	0.100	0.268	0.100	0.100	0.0800	0.100	0.300	0.0350	0	0.00293
143	1356.2	9.67904e-05	3.11	1.44	0.0485	0.0224	0.100	0.305	0.100	0.100	0.268	0.100	0.100	0.0800	0.100	0.300	0.0350	0	0.00292
144	1359.3	9.78882e-05	3.11	1.44	0.0485	0.0224	0.100	0.305	0.100	0.100	0.267	0.100	0.100	0.0800	0.100	0.300	0.0350	0	0.00294
145	1362.4	9.83427e-05	3.11	1.44	0.0485	0.0223	0.100	0.305	0.100	0.100	0.265	0.100	0.100	0.0800	0.100	0.300	0.0350	0	0.00284
146	1365.6	9.82819e-05	3.11	1.44	0.0485	0.0223	0.100	0.305	0.100	0.100	0.263	0.100	0.100	0.0800	0.100	0.300	0.0350	0	0.00277
147	1368.7	9.78617e-05	3.10	1.44	0.0485	0.0222	0.100	0.305	0.100	0.100	0.261	0.100	0.100	0.0800	0.100	0.300	0.0350	0	0.00272
148	1371.8	9.77655e-05	3.10	1.44	0.0485	0.0222	0.100	0.305	0.100	0.100	0.258	0.100	0.100	0.0800	0.100	0.300	0.0350	0	0.00311
149	1374.9	9.82496e-05	3.10	1.44	0.0485	0.0221	0.100	0.305	0.100	0.100	0.256	0.100	0.100	0.0800	0.100	0.300	0.0350	0	0.00303
150	1378	9.99105e-05	3.10	1.44	0.0485	0.0221	0.100	0.305	0.100	0.100	0.253	0.100	0.100	0.0800	0.100	0.300	0.0350	0	0.00309
151	1381.1	1.0142e-04	3.10	1.44	0.0485	0.0220	0.100	0.305	0.100	0.100	0.251	0.100	0.100	0.0800	0.100	0.300	0.0350	0	0.00308
152	1384.2	1.02014e-04	3.10	1.44	0.0485	0.0220	0.100	0.305	0.100	0.100	0.249	0.100	0.100	0.0800	0.100	0.300	0.0350	0	0.00301
153	1387.3	1.0166e-04	3.10	1.44	0.0485	0.0219	0.100	0.305	0.100	0.100	0.246	0.100	0.100	0.0800	0.100	0.300	0.0350	0	0.00296
154	1390.4	1.01905e-04	3.10	1.45	0.0485	0.0219	0.100	0.305	0.100	0.100	0.244	0.100	0.100	0.0800	0.100	0.300	0.0350	0	0.00316
155	1393.5	1.02409e-04	3.12	1.46	0.0485	0.0218	0.100	0.305	0.100	0.100	0.243	0.100	0.100	0.0800	0.100	0.300	0.0350	0	0.00316
156	1396.5	1.02985e-04	3.13	1.46	0.0485	0.0218	0.100	0.305	0.100	0.100	0.241	0.100	0.100	0.0800	0.100	0.300	0.0350	0	0.00324
157	1399.6	1.0296e-04	3.15	1.47	0.0485	0.0217	0.100	0.305	0.100	0.100	0.240	0.100	0.100	0.0800	0.100	0.300	0.0350	0	0.00308
158	1402.7	1.03109e-04	3.16	1.48	0.0485	0.0217	0.100	0.305	0.100	0.100	0.240	0.100	0.100	0.0800	0.100	0.300	0.0350	0	0.00328
159	1405.8	1.02638e-04	3.16	1.48	0.0485	0.0216	0.100	0.305	0.100	0.100	0.239	0.100	0.100	0.0800	0.100	0.300	0.0350	0	0.00317
160	1408.8	1.02189e-04	3.16	1.48	0.0485	0.0216	0.100	0.305	0.100	0.100	0.239	0.100	0.100	0.0800	0.100	0.300	0.0350	0	0.00326
161	1411.9	1.01648e-04	3.16	1.48	0.0485	0.0215	0.100	0.305	0.100	0.100	0.238	0.100	0.100	0.0800	0.100	0.300	0.0350	0	0.00333
162	1414.9	1.01123e-04	3.16	1.48	0.0485	0.0215	0.100	0.305	0.100	0.100	0.237	0.100	0.100	0.0800	0.100	0.300	0.0350	0	0.00337
163	1418	1.00609e-04	3.16	1.48	0.0485	0.0214	0.100	0.305	0.100	0.100	0.237	0.100	0.100	0.0800	0.100	0.300	0.0350	0	0.00317
164	1421	1.00192e-04	3.16	1.48	0.0485	0.0214	0.100	0.305	0.100	0.100	0.236	0.100	0.100	0.0800	0.100	0.300	0.0350	0	0.00345
165	1424	9.99566e-05	3.16	1.48	0.0485	0.0213	0.100	0.305	0.100	0.100	0.235	0.100	0.100	0.0800	0.100	0.300	0.0350	0	0.00326
166	1427.1	9.97176e-05	3.16	1.48	0.0485	0.0213	0.100	0.305	0.100	0.100	0.235	0.100	0.100	0.0800	0.100	0.300	0.0350	0	0.00352
167	1430.1	9.94781e-05	3.16	1.48	0.0485	0.0213	0.100	0.305	0.100	0.100	0.234	0.100	0.100	0.0800	0.100	0.300	0.0350	0	0.00321
168	1433.1	9.93653e-05	3.16	1.48	0.0485	0.0212	0.100	0.305	0.100	0.100	0.234	0.100	0.100	0.0800	0.100	0.300	0.0350	0	0.00340
169	1436.2	9.91742e-05	3.16	1.48	0.0485	0.0212	0.100	0.305	0.100	0.100	0.233	0.100	0.100	0.0800	0.100	0.300	0.0350	0	0.00318
170	1439.2	9.89589e-05	3.16	1.48	0.0485	0.0211	0.100	0.305	0.100	0.100	0.234	0.100	0.100	0.0800	0.100	0.300	0.0350	0	0.00318
171	1442.2	9.88946e-05	3.15	1.47	0.0485	0.0211	0.100	0.305	0.100	0.100	0.234	0.100	0.100	0.0800	0.100	0.300	0.0350	0	0.00342
172	1445.2	9.888e-05	3.13	1.46	0.0485	0.0210	0.100	0.305	0.100	0.100	0.235	0.100	0.100	0.0800	0.100	0.300	0.0350	0	0.00321
173	1448.2	9.8686e-05	3.11	1.45	0.0485	0.0210	0.100	0.305	0.100	0.100	0.237	0.100	0.100	0.0800	0.100	0.300	0.0350	0	0.00315
174	1451.2	9.86663e-05	3.11	1.45	0.0485	0.0209	0.100	0.305	0.100	0.100	0.238	0.100	0.100	0.0800	0.100	0.300	0.0350	0	0.00332
175	1454.2	9.86231e-05	3.14	1.47	0.0485	0.0209	0.100	0.305	0.100	0.100	0.239	0.100	0.100	0.0800	0.100	0.300	0.0350	0	0.00349
176	1457.2	9.8752e-05	3.18	1.49	0.0485	0.0209	0.100	0.305	0.100	0.100	0.240	0.100	0.100	0.0800	0.100	0.300	0.0350	0	0.00332
177	1460.1	9.90848e-05	3.21	1.51	0.0485	0.0208	0.100	0.305	0.100	0.100	0.241	0.100	0.100	0.0800	0.100	0.300	0.0350	0	0.00345
178	1463.1	9.93877e-05	3.21	1.51	0.0485	0.0208	0.100	0.305	0.100	0.100	0.242	0.100	0.100	0.0800	0.100	0.300	0.0350	0	0.00353
179	1466.1	9.97112e-05	3.22	1.51	0.0485	0.0207	0.100	0.305	0.100	0.100	0.242	0.100	0.100	0.0800	0.100	0.300	0.0350	0	0.00339
180	1469.1	9.98994e-05	3.22	1.51	0.0485	0.0207	0.100	0.305	0.100	0.100	0.242	0.100	0.100	0.0800	0.100	0.300	0.0350	0	0.00322
181	1472	1.00217e-04	3.22	1.51	0.0485	0.0207	0.100	0.305	0.100	0.100	0.242	0.100	0.100	0.0800	0.100	0.300	0.0350	0	0.00365
182	1475	1.00459e-04	3.22	1.51	0.0485	0.0206	0.100	0.305	0.100	0.100	0.242	0.100	0.100	0.0800	0.100	0.300	0.0350	0	0.00351
183	1477.9	1.00592e-04	3.22	1.51	0.0485	0.0206	0.100	0.305	0.100	0.100	0.242	0.100	0.100	0.0800	0.100	0.300	0.0350	0	0.00372
184	1480.9	1.00843e-04	3.22	1.51	0.0485	0.0205	0.100	0.305	0.100	0.100	0.242	0.100	0.100	0.0800	0.100	0.300	0.0350	0	0.00345
185	1483.8	1.00931e-04	3.22	1.51	0.0485	0.0205	0.100	0.305	0.100	0.100	0.242	0.100	0.100	0.0800	0.100	0.300	0.0350	0	0.00369
186	1486.8	1.01183e-04	3.21	1.51	0.0485	0.0204	0.100	0.305	0.100	0.100	0.243	0.100	0.100	0.0800	0.100	0.300	0.0350	0	0.00332
187	1489.7	1.01396e-04	3.21	1.51	0.0485	0.0204	0.100	0.305	0.100	0.100	0.243	0.100	0.100	0.0800	0.100	0.300	0.0350	0	0.00360
188	1492.6	1.01664e-04	3.20	1.50	0.0485	0.0204	0.100	0.305	0.100	0.100	0.244	0.100	0.100	0.0800	0.100	0.300	0.0350	0	0.00356
189	1495.6	1.01882e-04	3.20	1.50	0.0485	0.0203	0.100	0.305	0.100	0.100	0.245	0.100	0.100	0.0800	0.100	0.300	0.0350	0	0.00359
190	1498.5	1.02234e-04	3.19	1.49	0.0485	0.0203	0.100	0.305	0.100	0.100	0.246	0.100	0.100	0.0800	0.100	0.300	0.0350	0	0.00343
191	1501.4	1.02564e-04	3.18	1.49	0.0485	0.0202	0.100	0.305	0.100	0.100	0.247	0.100	0.100	0.0800	0.100	0.300	0.0350	0	0.00354
192	1504.3	1.03018e-04	3.18	1.49	0.0485	0.0202	0.100	0.305	0.100	0.100	0.248	0.100	0.100	0.0800	0.100	0.300	0.0350	0	0.00366
193	1507.2	1.0348e-04	3.18	1.49	0.0485	0.0202	0.100	0.305	0.100	0.100	0.249	0.100	0.100	0.0800	0.100	0.300	0.0350	0	0.00350
194	1510.1	1.03835e-04	3.18	1.49	0.0485	0.0201	0.100	0.305	0.100	0.100	0.249	0.100	0.100	0.0800	0.100	0.300	0.0350	0	0.00318
195	1513	1.04287e-04	3.19	1.49	0.0485	0.0201	0.100	0.305	0.100	0.100	0.250	0.100	0.100	0.0800	0.100	0.300	0.0350	0	0.00375
196	1515.9	1.04662e-04	3.19	1.49	0.0485	0.0201	0.100	0.305	0.100	0.100	0.251	0.100	0.100	0.0800	0.100	0.300	0.0350	0	0.00338
197	1518.8	1.05155e-04	3.19	1.49	0.0485	0.0200	0.100	0.305	0.100	0.100	0.252	0.100	0.100	0.0800	0.100	0.300	0.0350	0	0.00401
198	1521.7	1.05545e-04	3.19	1.49	0.0485	0.0200	0.100	0.305	0.100	0.100	0.253	0.100	0.100	0.0800	0.100	0.300	0.0350	0	0.00360
199	1524.6	1.05836e-04	3.19	1.49	0.0485	0.0199	0.100	0.305	0.100	0.100	0.253	0.100	0.100	0.0800	0.100	0.300	0.0350	0	0.00383
200	1527.4	1.06322e-04	3.19	1.49	0.0485	0.0199	0.100	0.305	0.100	0.100	0.254	0.100	0.100	0.0800	0.100	0.300	0.0350	0	0.00394
201	1530.3	1.06661e-04	3.19	1.49	0.0485	0.0199	0.100	0.305	0.100	0.100	0.254	0.100	0.100	0.0800	0.100	0.300	0.0350	0	0.00394
202	1533.2	1.07096e-04	3.19	1.49	0.0485	0.0198	0.100	0.305	0.100	0.100	0.254	0.100	0.100	0.0800	0.100	0.300	0.0350	0	0.00390
203	1536	1.07549e-04	3.19	1.49	0.0485	0.0198	0.100	0.305	0.100	0.100	0.254	0.100	0.100	0.0800	0.100	0.300	0.0350	0	0.00387
204	1538.9	1.07864e-04	3.19	1.49	0.0485	0.0198	0.100	0.305	0.100	0.100	0.254	0.100	0.100	0.0800	0.100	0.300	0.0350	0	0.00360
205	1541.7	1.08488e-04	3.18	1.48	0.0485	0.0197	0.100	0.305	0.100	0.100	0.254	0.100	0.100	0.0800	0.100	0.300	0.0350	0	0.00373
206	1544.6	1.08973e-04	3.16	1.47	0.0485	0.0197	0.100	0.305	0.100	0.100	0.254	0.100	0.100	0.0800	0.100	0.300	0.0350	0	0.00408
207	1547.4	1.09411e-04	3.14	1.46	0.0485	0.0196	0.100	0.305	0.100	0.100	0.254	0.100	0.100	0.0800	0.100	0.300	0.0350	0	0.00397
208	1550.2	1.1002e-04	3.12	1.46	0.0485	0.0196	0.100	0.305	0.100	0.100	0.254	0.100	0.100	0.0800	0.100	0.300	0.0350	0	0.00425
209	1553.1	1.10524e-04	3.12	1.46	0.0485	0.0196	0.100	0.305	0.100	0.100	0.254	0.100	0.100	0.0800	0.100	0.300	0.0350	0	0.00418
210	1555.9	1.11043e-04	3.12	1.46	0.0485	0.0195	0.100	0.305	0.100	0.100	0.255	0.100	0.100	0.0800	0.100	0.300	0.0350	0	0.00411
211	1558.7	1.11568e-04	3.12	1.46	0.0485	0.0195	0.100	0.305	0.100	0.100	0.255	0.100	0.100	0.0800	0.100	0.300	0.0350	0	0.00407
212	1561.5	1.12163e-04	3.12	1.46	0.0485	0.0195	0.100	0.305	0.100	0.100	0.256	0.100	0.100	0.0800	0.100	0.300	0.0350	0	0.00372
213	1564.3	1.12738e-04	3.12	1.46	0.0485	0.0194	0.100	0.305	0.100	0.100	0.256	0.100	0.100	0.0800	0.100	0.300	0.0350	0	0.00427
214	1567.1	1.13296e-04	3.12	1.46	0.0485	0.0194	0.100	0.305	0.100	0.100	0.257	0.100	0.100	0.0800	0.100	0.300	0.0350	0	0.00406
215	1569.9	1.1383e-04	3.12	1.46	0.0485	0.0194	0.100	0.305	0.100	0.100	0.257	0.100	0.100	0.0800	0.100	0.300	0.0350	0	0.00409
216	1572.7	1.14499e-04	3.12	1.46	0.0485	0.0193	0.100	0.305	0.100	0.100	0.258	0.100	0.100	0.0800	0.100	0.300	0.0350	0	0.00402
217	1575.5	1.15166e-04	3.12	1.46	0.0485	0.0193	0.100	0.305	0.100	0.100	0.258	0.100	0.100	0.0800	0.100	0.300	0.0350	0	0.00422
218	1578.3	1.15869e-04	3.12	1.46	0.0485	0.0193	0.100	0.305	0.100	0.100	0.259	0.100	0.100	0.0800	0.100	0.300	0.0350	0	0.00431
219	1581	1.16624e-04	3.12	1.46	0.0485	0.0192	0.100	0.305	0.100	0.100	0.259	0.100	0.100	0.0800	0.100	0.300	0.0350	0	0.00460
220	1583.8	1.17462e-04	3.12	1.46	0.0485	0.0192	0.100	0.305	0.100	0.100	0.260	0.100	0.100	0.0800	0.100	0.300	0.0350	0	0.00432
221	1586.6	1.18284e-04	3.12	1.46	0.0485	0.0192	0.100	0.305	0.100	0.100	0.261	0.100	0.100	0.0800	0.100	0.300	0.0350	0	0.00416
222	1589.3	1.19117e-04	3.12	1.46	0.0485	0.0191	0.100	0.305	0.100	0.100	0.261	0.100	0.100	0.0800	0.100	0.300	0.0350	0	0.00419
223	1592.1	1.2011e-04	3.12	1.45	0.0485	0.0191	0.100	0.305	0.100	0.100	0.263	0.100	0.100	0.0800	0.100	0.300	0.0350	0	0.00410
224	1594.8	1.21005e-04	3.12	1.45	0.0485	0.0191	0.100	0.305	0.100	0.100	0.264	0.100	0.100	0.0800	0.100	0.300	0.0350	0	0.00425
225	1597.6	1.21915e-04	3.12	1.45	0.0485	0.0190	0.100	0.305	0.100	0.100	0.265	0.100	0.100	0.0800	0.100	0.300	0.0350	0	0.00430
226	1600.3	1.231e-04	3.12	1.45	0.0485	0.0190	0.100	0.305	0.100	0.100	0.267	0.100	0.100	0.0800	0.100	0.300	0.0350	0	0.00463
227	1603	1.23902e-04	3.15	1.47	0.0485	0.0190	0.100	0.305	0.100	0.100	0.269	0.100	0.100	0.0800	0.100	0.300	0.0350	0	0.00461
228	1605.8	1.24983e-04	3.18	1.48	0.0485	0.0189	0.100	0.305	0.100	0.100	0.271	0.100	0.100	0.0800	0.100	0.300	0.0350	0	0.00467
229	1608.5	1.25881e-04	3.21	1.50	0.0485	0.0189	0.100	0.305	0.100	0.100	0.273	0.100	0.100	0.0800	0.100	0.300	0.0350	0	0.00453
230	1611.2	1.27162e-04	3.22	1.50	0.0485	0.0189	0.100	0.305	0.100	0.100	0.275	0.100	0.100	0.0800	0.100	0.300	0.0350	0	0.00468
231	1613.9	1.28086e-04	3.22	1.50	0.0485	0.0188	0.100	0.305	0.100	0.100	0.277	0.100	0.100	0.0800	0.100	0.300	0.0350	0	0.00475
232	1616.6	1.29324e-04	3.22	1.50	0.0485	0.0188	0.100	0.305	0.100	0.100	0.278	0.100	0.100	0.0800	0.100	0.300	0.0350	0	0.00471
233	1619.3	1.30444e-04	3.22	1.50	0.0485	0.0188	0.100	0.305	0.100	0.100	0.280	0.100	0.100	0.0800	0.100	0.300	0.0350	0	0.00457
234	1622	1.31821e-04	3.22	1.50	0.0485	0.0187	0.100	0.305	0.100	0.100	0.281	0.100	0.100	0.0800	0.100	0.300	0.0350	0	0.00480
235	1624.7	1.33119e-04	3.22	1.50	0.0485	0.0187	0.100	0.305	0.100	0.100	0.283	0.100	0.100	0.0800	0.100	0.300	0.0350	0	0.00541
236	1627.4	1.34731e-04	3.22	1.50	0.0485	0.0187	0.100	0.305	0.100	0.100	0.284	0.100	0.100	0.0800	0.100	0.300	0.0350	0	0.00496
237	1630.1	1.36516e-04	3.22	1.50	0.0485	0.0186	0.100	0.305	0.100	0.100	0.285	0.100	0.100	0.0800	0.100	0.300	0.0350	0	0.00511
238	1632.7	1.38932e-04	3.23	1.50	0.0485	0.0186	0.100	0.305	0.100	0.100	0.286	0.100	0.100	0.0800	0.100	0.300	0.0350	0	0.00527
239	1635.4	1.41596e-04	3.23	1.50	0.0485	0.0186	0.100	0.305	0.100	0.100	0.287	0.100	0.100	0.0800	0.100	0.300	0.0350	0	0.00553
240	1638.1	1.44965e-04	3.23	1.50	0.0485	0.0186	0.100	0.305	0.100	0.100	0.288	0.100	0.100	0.0800	0.100	0.300	0.0350	0	0.00571
241	1640.7	1.49699e-04	3.23	1.50	0.0485	0.0185	0.100	0.305	0.100	0.100	0.288	0.100	0.100	0.0800	0.100	0.300	0.0350	0	0.00533
242	1643.4	1.56365e-04	3.23	1.50	0.0485	0.0185	0.100	0.305	0.100	0.100	0.289	0.100	0.100	0.0800	0.100	0.300	0.0350	0	0.00555
243	1646	1.65516e-04	3.23	1.50	0.0485	0.0185	0.100	0.305	0.100	0.100	0.289	0.100	0.100	0.0800	0.100	0.300	0.0350	0	0.00609
244	1648.6	1.78124e-04	3.23	1.50	0.0485	0.0184	0.100	0.305	0.100	0.100	0.290	0.100	0.100	0.0800	0.100	0.300	0.0350	0	0.00649
245	1651.3	1.95546e-04	3.23	1.50	0.0485	0.0184	0.100	0.305	0.100	0.100	0.290	0.100	0.100	0.0800	0.100	0.300	0.0350	0	0.00759
246	1653.9	2.19187e-04	3.23	1.50	0.0485	0.0184	0.100	0.305	0.100	0.100	0.290	0.100	0.100	0.0800	0.100	0.300	0.0350	0	0.00891
247	1656.5	2.49689e-04	3.23	1.50	0.0485	0.0184	0.100	0.305	0.100	0.100	0.291	0.100	0.100	0.0800	0.100	0.300	0.0350	0	0.0106
248	1659.1	2.88064e-04	3.23	1.50	0.0485	0.0183	0.100	0.305	0.100	0.100	0.291	0.100	0.100	0.0800	0.100	0.300	0.0350	0	0.0116
249	1661.7	3.35703e-04	3.23	1.50	0.0485	0.0183	0.100	0.305	0.100	0.100	0.292	0.100	0.100	0.0800	0.100	0.300	0.0350	0	0.0131
250	1664.4	3.91858e-04	3.23	1.50	0.0485	0.0183	0.100	0.305	0.100	0.100	0.292	0.100	0.100	0.0800	0.100	0.300	0.0350	0	0.0143
251	1667	4.58099e-04	3.23	1.50	0.0485	0.0182	0.100	0.305	0.100	0.100	0.292	0.100	0.100	0.0800	0.100	0.300	0.0350	0	0.0190
252	1669.5	5.32876e-04	3.23	1.50	0.0485	0.0182	0.100	0.305	0.100	0.100	0.293	0.100	0.100	0.0800	0.100	0.300	0.0350	0	0.0199
253	1672.1	6.19676e-04	3.23	1.50	0.0485	0.0182	0.100	0.305	0.100	0.100	0.293	0.100	0.100	0.0800	0.100	0.300	0.0350	0	0.0234
254	1674.7	7.17825e-04	3.23	1.50	0.0485	0.0182	0.100	0.305	0.100	0.100	0.293	0.100	0.100	0.0800	0.100	0.300	0.0350	0	0.0275
255	1677.3	8.2777e-04	3.23	1.50	0.0485	0.0181	0.100	0.305	0.100	0.100	0.293	0.100	0.100	0.0800	0.100	0.300	0.0350	0	0.0294
256	1679.9	9.56735e-04	3.23	1.50	0.0485	0.0181	0.100	0.305	0.100	0.100	0.292	0.100	0.100	0.0800	0.100	0.300	0.0350	0	0.0343
