# hypstar_220241_radcal_E_200904_swir.dat																			
# Calibrated by Joel Kuusk, Tartu Observatory, University of Tartu, 2020-09-04																			
#																			
# Applied corrections:																			
# nonlinearity	hypstar_220241_nonlin_corr_coefs_200903.dat																		
# wavelength	hypstar_220241_wl_coefs_200910.dat																		
# thermal	none																		
# stray light	none																		
#																			
# E [mW m-2 nm-1] = DN / inttime_ms * 1000 * cal_coef																			
# Pixel counting starts from 0																			
#																			
# px	wl	cal_coef	u_cal_coef(k=2)	u_lamp(k=1)	u_aging(k=1)	u_power(k=1)	u_align_lamp(k=1)	u_panel(k=1)	u_interp_panel(k=1)	u_align_panel(k=1)	u_wl_source(k=1)	u_lab_stray(k=1)	u_panel_backrefl(k=1)	u_dist(k=1)	u_align(k=1)	u_temp(k=1)	u_lin(k=1)	u_stray(k=1)	u_typeA(k=1)
0	873.69	1.76722e-01	1.64	0.613	0.0485	0.0348	0.100	0	0	0	0.00181	0.100	0	0.400	0.100	0.300	0.0350	0	0.0959
1	877.34	6.77123e-02	1.63	0.613	0.0485	0.0347	0.100	0	0	0	0.00143	0.100	0	0.400	0.100	0.300	0.0350	0	0.0346
2	880.99	3.72084e-02	1.63	0.613	0.0485	0.0345	0.100	0	0	0	0.00104	0.100	0	0.400	0.100	0.300	0.0350	0	0.0184
3	884.64	2.77787e-02	1.63	0.613	0.0485	0.0344	0.100	0	0	0	0.000643	0.100	0	0.400	0.100	0.300	0.0350	0	0.0136
4	888.28	2.47739e-02	1.63	0.613	0.0485	0.0342	0.100	0	0	0	0.000246	0.100	0	0.400	0.100	0.300	0.0350	0	0.0122
5	891.92	2.35609e-02	1.63	0.613	0.0485	0.0341	0.100	0	0	0	0.000155	0.100	0	0.400	0.100	0.300	0.0350	0	0.0119
6	895.55	2.26188e-02	1.63	0.613	0.0485	0.0339	0.100	0	0	0	0.000559	0.100	0	0.400	0.100	0.300	0.0350	0	0.0112
7	899.19	2.1757e-02	1.63	0.613	0.0485	0.0338	0.100	0	0	0	0.000967	0.100	0	0.400	0.100	0.300	0.0350	0	0.0127
8	902.81	2.07931e-02	3.67	1.76	0.0485	0.0337	0.100	0	0	0	0.000724	0.100	0	0.400	0.100	0.300	0.0350	0	0.0110
9	906.44	1.99224e-02	3.67	1.76	0.0485	0.0335	0.100	0	0	0	0.000520	0.100	0	0.400	0.100	0.300	0.0350	0	0.0114
10	910.06	1.88857e-02	3.67	1.76	0.0485	0.0334	0.100	0	0	0	0.000320	0.100	0	0.400	0.100	0.300	0.0350	0	0.00971
11	913.68	1.76149e-02	3.67	1.76	0.0485	0.0333	0.100	0	0	0	0.000122	0.100	0	0.400	0.100	0.300	0.0350	0	0.00901
12	917.30	1.60286e-02	3.67	1.76	0.0485	0.0331	0.100	0	0	0	0.0000715	0.100	0	0.400	0.100	0.300	0.0350	0	0.00870
13	920.91	1.4444e-02	3.67	1.76	0.0485	0.0330	0.100	0	0	0	0.000262	0.100	0	0.400	0.100	0.300	0.0350	0	0.00796
14	924.52	1.32178e-02	3.67	1.76	0.0485	0.0329	0.100	0	0	0	0.000450	0.100	0	0.400	0.100	0.300	0.0350	0	0.00731
15	928.12	1.24592e-02	3.67	1.76	0.0485	0.0328	0.100	0	0	0	0.000634	0.100	0	0.400	0.100	0.300	0.0350	0	0.00679
16	931.73	1.1969e-02	3.67	1.76	0.0485	0.0326	0.100	0	0	0	0.000816	0.100	0	0.400	0.100	0.300	0.0350	0	0.00653
17	935.32	1.16089e-02	3.67	1.76	0.0485	0.0325	0.100	0	0	0	0.000994	0.100	0	0.400	0.100	0.300	0.0350	0	0.00646
18	938.92	1.13367e-02	3.67	1.76	0.0485	0.0324	0.100	0	0	0	0.00117	0.100	0	0.400	0.100	0.300	0.0350	0	0.00621
19	942.51	1.11301e-02	3.67	1.76	0.0485	0.0323	0.100	0	0	0	0.00134	0.100	0	0.400	0.100	0.300	0.0350	0	0.00616
20	946.10	1.09474e-02	3.67	1.76	0.0485	0.0321	0.100	0	0	0	0.00151	0.100	0	0.400	0.100	0.300	0.0350	0	0.00723
21	949.68	1.07458e-02	3.67	1.76	0.0485	0.0320	0.100	0	0	0	0.00168	0.100	0	0.400	0.100	0.300	0.0350	0	0.00585
22	953.27	1.05371e-02	3.67	1.76	0.0485	0.0319	0.100	0	0	0	0.00184	0.100	0	0.400	0.100	0.300	0.0350	0	0.00602
23	956.84	1.03422e-02	3.67	1.76	0.0485	0.0318	0.100	0	0	0	0.00200	0.100	0	0.400	0.100	0.300	0.0350	0	0.00587
24	960.42	1.01574e-02	3.67	1.76	0.0485	0.0317	0.100	0	0	0	0.00216	0.100	0	0.400	0.100	0.300	0.0350	0	0.00554
25	963.99	9.93167e-03	3.67	1.76	0.0485	0.0315	0.100	0	0	0	0.00232	0.100	0	0.400	0.100	0.300	0.0350	0	0.00553
26	967.56	9.70645e-03	3.67	1.76	0.0485	0.0314	0.100	0	0	0	0.00247	0.100	0	0.400	0.100	0.300	0.0350	0	0.00560
27	971.12	9.4951e-03	3.67	1.76	0.0485	0.0313	0.100	0	0	0	0.00262	0.100	0	0.400	0.100	0.300	0.0350	0	0.00554
28	974.68	9.30903e-03	3.67	1.76	0.0485	0.0312	0.100	0	0	0	0.00277	0.100	0	0.400	0.100	0.300	0.0350	0	0.00537
29	978.24	9.10681e-03	3.67	1.76	0.0485	0.0311	0.100	0	0	0	0.00292	0.100	0	0.400	0.100	0.300	0.0350	0	0.00500
30	981.79	8.88781e-03	3.67	1.76	0.0485	0.0310	0.100	0	0	0	0.00306	0.100	0	0.400	0.100	0.300	0.0350	0	0.00518
31	985.34	8.6878e-03	3.67	1.76	0.0485	0.0309	0.100	0	0	0	0.00320	0.100	0	0.400	0.100	0.300	0.0350	0	0.00470
32	988.89	8.52811e-03	3.67	1.76	0.0485	0.0307	0.100	0	0	0	0.00334	0.100	0	0.400	0.100	0.300	0.0350	0	0.00545
33	992.43	8.38607e-03	3.67	1.76	0.0485	0.0306	0.100	0	0	0	0.00348	0.100	0	0.400	0.100	0.300	0.0350	0	0.00474
34	995.97	8.24174e-03	3.67	1.76	0.0485	0.0305	0.100	0	0	0	0.00361	0.100	0	0.400	0.100	0.300	0.0350	0	0.00503
35	999.51	8.08937e-03	3.67	1.76	0.0485	0.0304	0.100	0	0	0	0.00374	0.100	0	0.400	0.100	0.300	0.0350	0	0.00481
36	1003.04	7.94792e-03	3.55	1.69	0.0485	0.0303	0.100	0	0	0	0.00387	0.100	0	0.400	0.100	0.300	0.0350	0	0.00494
37	1006.57	7.84279e-03	3.41	1.62	0.0485	0.0302	0.100	0	0	0	0.00400	0.100	0	0.400	0.100	0.300	0.0350	0	0.00480
38	1010.09	7.76528e-03	3.27	1.54	0.0485	0.0301	0.100	0	0	0	0.00413	0.100	0	0.400	0.100	0.300	0.0350	0	0.00456
39	1013.62	7.68806e-03	3.27	1.54	0.0485	0.0300	0.100	0	0	0	0.00425	0.100	0	0.400	0.100	0.300	0.0350	0	0.00410
40	1017.14	7.58621e-03	3.27	1.54	0.0485	0.0299	0.100	0	0	0	0.00437	0.100	0	0.400	0.100	0.300	0.0350	0	0.00449
41	1020.65	7.5005e-03	3.27	1.54	0.0485	0.0298	0.100	0	0	0	0.00449	0.100	0	0.400	0.100	0.300	0.0350	0	0.00437
42	1024.16	7.41298e-03	3.27	1.54	0.0485	0.0297	0.100	0	0	0	0.00461	0.100	0	0.400	0.100	0.300	0.0350	0	0.00449
43	1027.67	7.37494e-03	3.27	1.54	0.0485	0.0296	0.100	0	0	0	0.00472	0.100	0	0.400	0.100	0.300	0.0350	0	0.00426
44	1031.17	7.33364e-03	3.27	1.54	0.0485	0.0295	0.100	0	0	0	0.00483	0.100	0	0.400	0.100	0.300	0.0350	0	0.00413
45	1034.67	7.28749e-03	3.27	1.54	0.0485	0.0294	0.100	0	0	0	0.00495	0.100	0	0.400	0.100	0.300	0.0350	0	0.00431
46	1038.17	7.23954e-03	3.27	1.54	0.0485	0.0293	0.100	0	0	0	0.00506	0.100	0	0.400	0.100	0.300	0.0350	0	0.00471
47	1041.67	7.188e-03	3.27	1.54	0.0485	0.0292	0.100	0	0	0	0.00516	0.100	0	0.400	0.100	0.300	0.0350	0	0.00421
48	1045.16	7.15273e-03	3.27	1.54	0.0485	0.0291	0.100	0	0	0	0.00527	0.100	0	0.400	0.100	0.300	0.0350	0	0.00439
49	1048.64	7.14038e-03	3.27	1.54	0.0485	0.0290	0.100	0	0	0	0.00537	0.100	0	0.400	0.100	0.300	0.0350	0	0.00409
50	1052.13	7.13156e-03	3.27	1.54	0.0485	0.0289	0.100	0	0	0	0.00548	0.100	0	0.400	0.100	0.300	0.0350	0	0.00465
51	1055.61	7.09623e-03	3.27	1.54	0.0485	0.0288	0.100	0	0	0	0.00558	0.100	0	0.400	0.100	0.300	0.0350	0	0.00387
52	1059.08	7.05344e-03	3.27	1.54	0.0485	0.0287	0.100	0	0	0	0.00568	0.100	0	0.400	0.100	0.300	0.0350	0	0.00441
53	1062.55	7.00373e-03	3.27	1.54	0.0485	0.0286	0.100	0	0	0	0.00577	0.100	0	0.400	0.100	0.300	0.0350	0	0.00408
54	1066.02	6.96083e-03	3.27	1.54	0.0485	0.0285	0.100	0	0	0	0.00587	0.100	0	0.400	0.100	0.300	0.0350	0	0.00434
55	1069.49	6.91809e-03	3.27	1.54	0.0485	0.0284	0.100	0	0	0	0.00596	0.100	0	0.400	0.100	0.300	0.0350	0	0.00488
56	1072.95	6.86633e-03	3.27	1.54	0.0485	0.0283	0.100	0	0	0	0.00606	0.100	0	0.400	0.100	0.300	0.0350	0	0.00433
57	1076.41	6.80337e-03	3.27	1.54	0.0485	0.0282	0.100	0	0	0	0.00615	0.100	0	0.400	0.100	0.300	0.0350	0	0.00442
58	1079.86	6.72221e-03	3.27	1.54	0.0485	0.0282	0.100	0	0	0	0.00624	0.100	0	0.400	0.100	0.300	0.0350	0	0.00411
59	1083.31	6.62737e-03	3.27	1.54	0.0485	0.0281	0.100	0	0	0	0.00633	0.100	0	0.400	0.100	0.300	0.0350	0	0.00421
60	1086.76	6.54695e-03	3.27	1.54	0.0485	0.0280	0.100	0	0	0	0.00641	0.100	0	0.400	0.100	0.300	0.0350	0	0.00410
61	1090.20	6.44877e-03	3.27	1.54	0.0485	0.0279	0.100	0	0	0	0.00650	0.100	0	0.400	0.100	0.300	0.0350	0	0.00398
62	1093.64	6.34692e-03	3.21	1.51	0.0485	0.0278	0.100	0	0	0	0.00658	0.100	0	0.400	0.100	0.300	0.0350	0	0.00416
63	1097.08	6.24271e-03	3.15	1.48	0.0485	0.0277	0.100	0	0	0	0.00666	0.100	0	0.400	0.100	0.300	0.0350	0	0.00326
64	1100.51	6.13896e-03	3.10	1.46	0.0485	0.0276	0.100	0	0	0	0.00675	0.100	0	0.400	0.100	0.300	0.0350	0	0.00320
65	1103.94	6.04611e-03	3.10	1.46	0.0485	0.0275	0.100	0	0	0	0.00683	0.100	0	0.400	0.100	0.300	0.0350	0	0.00377
66	1107.36	5.94414e-03	3.10	1.46	0.0485	0.0275	0.100	0	0	0	0.00690	0.100	0	0.400	0.100	0.300	0.0350	0	0.00362
67	1110.78	5.86135e-03	3.10	1.46	0.0485	0.0274	0.100	0	0	0	0.00698	0.100	0	0.400	0.100	0.300	0.0350	0	0.00358
68	1114.20	5.78961e-03	3.10	1.46	0.0485	0.0273	0.100	0	0	0	0.00706	0.100	0	0.400	0.100	0.300	0.0350	0	0.00393
69	1117.62	5.73458e-03	3.10	1.46	0.0485	0.0272	0.100	0	0	0	0.00713	0.100	0	0.400	0.100	0.300	0.0350	0	0.00361
70	1121.03	5.67602e-03	3.10	1.46	0.0485	0.0271	0.100	0	0	0	0.00721	0.100	0	0.400	0.100	0.300	0.0350	0	0.00364
71	1124.43	5.62067e-03	3.10	1.46	0.0485	0.0270	0.100	0	0	0	0.00728	0.100	0	0.400	0.100	0.300	0.0350	0	0.00383
72	1127.84	5.55721e-03	3.10	1.46	0.0485	0.0270	0.100	0	0	0	0.00735	0.100	0	0.400	0.100	0.300	0.0350	0	0.00399
73	1131.24	5.51632e-03	3.10	1.46	0.0485	0.0269	0.100	0	0	0	0.00742	0.100	0	0.400	0.100	0.300	0.0350	0	0.00399
74	1134.63	5.49386e-03	3.10	1.46	0.0485	0.0268	0.100	0	0	0	0.00749	0.100	0	0.400	0.100	0.300	0.0350	0	0.00356
75	1138.02	5.49398e-03	3.10	1.46	0.0485	0.0267	0.100	0	0	0	0.00756	0.100	0	0.400	0.100	0.300	0.0350	0	0.00377
76	1141.41	5.5127e-03	3.10	1.45	0.0485	0.0266	0.100	0	0	0	0.00762	0.100	0	0.400	0.100	0.300	0.0350	0	0.00347
77	1144.80	5.53248e-03	3.09	1.45	0.0485	0.0266	0.100	0	0	0	0.00769	0.100	0	0.400	0.100	0.300	0.0350	0	0.00343
78	1148.18	5.55834e-03	3.08	1.45	0.0485	0.0265	0.100	0	0	0	0.00775	0.100	0	0.400	0.100	0.300	0.0350	0	0.00346
79	1151.55	5.57001e-03	3.08	1.44	0.0485	0.0264	0.100	0	0	0	0.00782	0.100	0	0.400	0.100	0.300	0.0350	0	0.00378
80	1154.93	5.57654e-03	3.08	1.44	0.0485	0.0263	0.100	0	0	0	0.00788	0.100	0	0.400	0.100	0.300	0.0350	0	0.00354
81	1158.30	5.58448e-03	3.08	1.44	0.0485	0.0262	0.100	0	0	0	0.00794	0.100	0	0.400	0.100	0.300	0.0350	0	0.00367
82	1161.66	5.58864e-03	3.08	1.44	0.0485	0.0262	0.100	0	0	0	0.00800	0.100	0	0.400	0.100	0.300	0.0350	0	0.00344
83	1165.02	5.60319e-03	3.08	1.44	0.0485	0.0261	0.100	0	0	0	0.00806	0.100	0	0.400	0.100	0.300	0.0350	0	0.00366
84	1168.38	5.60723e-03	3.08	1.44	0.0485	0.0260	0.100	0	0	0	0.00812	0.100	0	0.400	0.100	0.300	0.0350	0	0.00357
85	1171.74	5.60552e-03	3.08	1.44	0.0485	0.0259	0.100	0	0	0	0.00818	0.100	0	0.400	0.100	0.300	0.0350	0	0.00404
86	1175.09	5.5875e-03	3.08	1.44	0.0485	0.0259	0.100	0	0	0	0.00823	0.100	0	0.400	0.100	0.300	0.0350	0	0.00363
87	1178.43	5.54834e-03	3.08	1.44	0.0485	0.0258	0.100	0	0	0	0.00829	0.100	0	0.400	0.100	0.300	0.0350	0	0.00357
88	1181.78	5.49942e-03	3.08	1.44	0.0485	0.0257	0.100	0	0	0	0.00834	0.100	0	0.400	0.100	0.300	0.0350	0	0.00345
89	1185.12	5.44192e-03	3.08	1.44	0.0485	0.0257	0.100	0	0	0	0.00840	0.100	0	0.400	0.100	0.300	0.0350	0	0.00380
90	1188.45	5.38157e-03	3.08	1.44	0.0485	0.0256	0.100	0	0	0	0.00845	0.100	0	0.400	0.100	0.300	0.0350	0	0.00354
91	1191.78	5.31735e-03	3.08	1.44	0.0485	0.0255	0.100	0	0	0	0.00850	0.100	0	0.400	0.100	0.300	0.0350	0	0.00366
92	1195.11	5.2461e-03	3.08	1.44	0.0485	0.0254	0.100	0	0	0	0.00855	0.100	0	0.400	0.100	0.300	0.0350	0	0.00360
93	1198.44	5.18507e-03	3.08	1.44	0.0485	0.0254	0.100	0	0	0	0.00860	0.100	0	0.400	0.100	0.300	0.0350	0	0.00365
94	1201.76	5.12792e-03	3.08	1.44	0.0485	0.0253	0.100	0	0	0	0.00865	0.100	0	0.400	0.100	0.300	0.0350	0	0.00349
95	1205.07	5.07668e-03	3.08	1.44	0.0485	0.0252	0.100	0	0	0	0.00870	0.100	0	0.400	0.100	0.300	0.0350	0	0.00370
96	1208.39	5.03985e-03	3.08	1.44	0.0485	0.0252	0.100	0	0	0	0.00875	0.100	0	0.400	0.100	0.300	0.0350	0	0.00349
97	1211.69	5.01429e-03	3.08	1.44	0.0485	0.0251	0.100	0	0	0	0.00880	0.100	0	0.400	0.100	0.300	0.0350	0	0.00350
98	1215.00	5.00139e-03	3.08	1.44	0.0485	0.0250	0.100	0	0	0	0.00885	0.100	0	0.400	0.100	0.300	0.0350	0	0.00351
99	1218.30	4.99475e-03	3.08	1.44	0.0485	0.0250	0.100	0	0	0	0.00889	0.100	0	0.400	0.100	0.300	0.0350	0	0.00322
100	1221.60	4.98999e-03	3.08	1.44	0.0485	0.0249	0.100	0	0	0	0.00894	0.100	0	0.400	0.100	0.300	0.0350	0	0.00370
101	1224.89	4.96929e-03	3.08	1.44	0.0485	0.0248	0.100	0	0	0	0.00898	0.100	0	0.400	0.100	0.300	0.0350	0	0.00344
102	1228.18	4.94249e-03	3.08	1.44	0.0485	0.0248	0.100	0	0	0	0.00903	0.100	0	0.400	0.100	0.300	0.0350	0	0.00373
103	1231.47	4.91874e-03	3.08	1.44	0.0485	0.0247	0.100	0	0	0	0.00907	0.100	0	0.400	0.100	0.300	0.0350	0	0.00375
104	1234.75	4.89556e-03	3.08	1.44	0.0485	0.0246	0.100	0	0	0	0.00912	0.100	0	0.400	0.100	0.300	0.0350	0	0.00351
105	1238.03	4.87929e-03	3.08	1.44	0.0485	0.0246	0.100	0	0	0	0.00916	0.100	0	0.400	0.100	0.300	0.0350	0	0.00327
106	1241.30	4.86634e-03	3.08	1.44	0.0485	0.0245	0.100	0	0	0	0.00920	0.100	0	0.400	0.100	0.300	0.0350	0	0.00386
107	1244.57	4.86754e-03	3.08	1.44	0.0485	0.0244	0.100	0	0	0	0.00924	0.100	0	0.400	0.100	0.300	0.0350	0	0.00330
108	1247.84	4.86825e-03	3.08	1.44	0.0485	0.0244	0.100	0	0	0	0.00928	0.100	0	0.400	0.100	0.300	0.0350	0	0.00365
109	1251.10	4.87721e-03	3.08	1.44	0.0485	0.0243	0.100	0	0	0	0.00932	0.100	0	0.400	0.100	0.300	0.0350	0	0.00347
110	1254.36	4.87438e-03	3.08	1.44	0.0485	0.0242	0.100	0	0	0	0.00936	0.100	0	0.400	0.100	0.300	0.0350	0	0.00345
111	1257.61	4.86221e-03	3.08	1.44	0.0485	0.0242	0.100	0	0	0	0.00940	0.100	0	0.400	0.100	0.300	0.0350	0	0.00349
112	1260.86	4.84401e-03	3.08	1.44	0.0485	0.0241	0.100	0	0	0	0.00944	0.100	0	0.400	0.100	0.300	0.0350	0	0.00361
113	1264.11	4.80967e-03	3.08	1.44	0.0485	0.0240	0.100	0	0	0	0.00948	0.100	0	0.400	0.100	0.300	0.0350	0	0.00385
114	1267.35	4.77265e-03	3.08	1.44	0.0485	0.0240	0.100	0	0	0	0.00951	0.100	0	0.400	0.100	0.300	0.0350	0	0.00327
115	1270.59	4.72499e-03	3.08	1.44	0.0485	0.0239	0.100	0	0	0	0.00955	0.100	0	0.400	0.100	0.300	0.0350	0	0.00356
116	1273.83	4.68464e-03	3.08	1.44	0.0485	0.0239	0.100	0	0	0	0.00959	0.100	0	0.400	0.100	0.300	0.0350	0	0.00348
117	1277.06	4.6475e-03	3.08	1.44	0.0485	0.0238	0.100	0	0	0	0.00962	0.100	0	0.400	0.100	0.300	0.0350	0	0.00352
118	1280.28	4.61213e-03	3.08	1.44	0.0485	0.0237	0.100	0	0	0	0.00966	0.100	0	0.400	0.100	0.300	0.0350	0	0.00346
119	1283.51	4.57747e-03	3.08	1.44	0.0485	0.0237	0.100	0	0	0	0.00969	0.100	0	0.400	0.100	0.300	0.0350	0	0.00332
120	1286.73	4.54667e-03	3.08	1.44	0.0485	0.0236	0.100	0	0	0	0.00973	0.100	0	0.400	0.100	0.300	0.0350	0	0.00355
121	1289.94	4.51597e-03	3.08	1.44	0.0485	0.0236	0.100	0	0	0	0.00976	0.100	0	0.400	0.100	0.300	0.0350	0	0.00340
122	1293.15	4.47954e-03	3.08	1.44	0.0485	0.0235	0.100	0	0	0	0.00980	0.100	0	0.400	0.100	0.300	0.0350	0	0.00330
123	1296.36	4.44755e-03	3.08	1.44	0.0485	0.0235	0.100	0	0	0	0.00983	0.100	0	0.400	0.100	0.300	0.0350	0	0.00365
124	1299.56	4.41515e-03	3.08	1.44	0.0485	0.0234	0.100	0	0	0	0.00986	0.100	0	0.400	0.100	0.300	0.0350	0	0.00356
125	1302.76	4.38476e-03	3.08	1.44	0.0485	0.0233	0.100	0	0	0	0.00990	0.100	0	0.400	0.100	0.300	0.0350	0	0.00368
126	1305.96	4.36189e-03	3.08	1.44	0.0485	0.0233	0.100	0	0	0	0.00993	0.100	0	0.400	0.100	0.300	0.0350	0	0.00367
127	1309.15	4.34054e-03	3.08	1.44	0.0485	0.0232	0.100	0	0	0	0.00996	0.100	0	0.400	0.100	0.300	0.0350	0	0.00352
128	1312.33	4.32841e-03	3.08	1.44	0.0485	0.0232	0.100	0	0	0	0.00999	0.100	0	0.400	0.100	0.300	0.0350	0	0.00333
129	1315.52	4.31159e-03	3.08	1.44	0.0485	0.0231	0.100	0	0	0	0.0100	0.100	0	0.400	0.100	0.300	0.0350	0	0.00333
130	1318.70	4.29449e-03	3.08	1.44	0.0485	0.0231	0.100	0	0	0	0.0101	0.100	0	0.400	0.100	0.300	0.0350	0	0.00345
131	1321.87	4.27967e-03	3.08	1.44	0.0485	0.0230	0.100	0	0	0	0.0101	0.100	0	0.400	0.100	0.300	0.0350	0	0.00348
132	1325.04	4.2556e-03	3.08	1.44	0.0485	0.0229	0.100	0	0	0	0.0101	0.100	0	0.400	0.100	0.300	0.0350	0	0.00333
133	1328.21	4.2271e-03	3.08	1.44	0.0485	0.0229	0.100	0	0	0	0.0101	0.100	0	0.400	0.100	0.300	0.0350	0	0.00329
134	1331.37	4.19044e-03	3.08	1.44	0.0485	0.0228	0.100	0	0	0	0.0102	0.100	0	0.400	0.100	0.300	0.0350	0	0.00320
135	1334.53	4.15852e-03	3.08	1.44	0.0485	0.0228	0.100	0	0	0	0.0102	0.100	0	0.400	0.100	0.300	0.0350	0	0.00309
136	1337.69	4.13865e-03	3.08	1.44	0.0485	0.0227	0.100	0	0	0	0.0102	0.100	0	0.400	0.100	0.300	0.0350	0	0.00320
137	1340.84	4.12169e-03	3.08	1.44	0.0485	0.0227	0.100	0	0	0	0.0103	0.100	0	0.400	0.100	0.300	0.0350	0	0.00377
138	1343.98	4.1256e-03	3.08	1.44	0.0485	0.0226	0.100	0	0	0	0.0103	0.100	0	0.400	0.100	0.300	0.0350	0	0.00349
139	1347.12	4.1428e-03	3.08	1.44	0.0485	0.0226	0.100	0	0	0	0.0103	0.100	0	0.400	0.100	0.300	0.0350	0	0.00331
140	1350.26	4.18783e-03	3.08	1.44	0.0485	0.0225	0.100	0	0	0	0.0103	0.100	0	0.400	0.100	0.300	0.0350	0	0.00367
141	1353.40	4.23902e-03	3.08	1.44	0.0485	0.0225	0.100	0	0	0	0.0104	0.100	0	0.400	0.100	0.300	0.0350	0	0.00344
142	1356.53	4.29458e-03	3.08	1.44	0.0485	0.0224	0.100	0	0	0	0.0104	0.100	0	0.400	0.100	0.300	0.0350	0	0.00345
143	1359.65	4.34283e-03	3.08	1.44	0.0485	0.0224	0.100	0	0	0	0.0104	0.100	0	0.400	0.100	0.300	0.0350	0	0.00329
144	1362.78	4.36533e-03	3.08	1.44	0.0485	0.0223	0.100	0	0	0	0.0104	0.100	0	0.400	0.100	0.300	0.0350	0	0.00343
145	1365.89	4.36929e-03	3.08	1.44	0.0485	0.0223	0.100	0	0	0	0.0105	0.100	0	0.400	0.100	0.300	0.0350	0	0.00307
146	1369.01	4.35759e-03	3.08	1.44	0.0485	0.0222	0.100	0	0	0	0.0105	0.100	0	0.400	0.100	0.300	0.0350	0	0.00315
147	1372.12	4.36923e-03	3.08	1.44	0.0485	0.0222	0.100	0	0	0	0.0105	0.100	0	0.400	0.100	0.300	0.0350	0	0.00350
148	1375.22	4.41886e-03	3.08	1.44	0.0485	0.0221	0.100	0	0	0	0.0105	0.100	0	0.400	0.100	0.300	0.0350	0	0.00350
149	1378.32	4.52702e-03	3.08	1.44	0.0485	0.0221	0.100	0	0	0	0.0106	0.100	0	0.400	0.100	0.300	0.0350	0	0.00329
150	1381.42	4.61404e-03	3.08	1.44	0.0485	0.0220	0.100	0	0	0	0.0106	0.100	0	0.400	0.100	0.300	0.0350	0	0.00349
151	1384.51	4.63952e-03	3.08	1.44	0.0485	0.0220	0.100	0	0	0	0.0106	0.100	0	0.400	0.100	0.300	0.0350	0	0.00369
152	1387.60	4.60132e-03	3.08	1.44	0.0485	0.0219	0.100	0	0	0	0.0106	0.100	0	0.400	0.100	0.300	0.0350	0	0.00339
153	1390.68	4.59156e-03	3.08	1.45	0.0485	0.0219	0.100	0	0	0	0.0107	0.100	0	0.400	0.100	0.300	0.0350	0	0.00398
154	1393.76	4.59314e-03	3.10	1.46	0.0485	0.0218	0.100	0	0	0	0.0107	0.100	0	0.400	0.100	0.300	0.0350	0	0.00396
155	1396.84	4.59466e-03	3.12	1.47	0.0485	0.0218	0.100	0	0	0	0.0107	0.100	0	0.400	0.100	0.300	0.0350	0	0.00367
156	1399.91	4.57178e-03	3.14	1.47	0.0485	0.0217	0.100	0	0	0	0.0107	0.100	0	0.400	0.100	0.300	0.0350	0	0.00412
157	1402.98	4.56343e-03	3.14	1.48	0.0485	0.0217	0.100	0	0	0	0.0108	0.100	0	0.400	0.100	0.300	0.0350	0	0.00363
158	1406.04	4.53128e-03	3.14	1.48	0.0485	0.0216	0.100	0	0	0	0.0108	0.100	0	0.400	0.100	0.300	0.0350	0	0.00373
159	1409.10	4.50523e-03	3.15	1.48	0.0485	0.0216	0.100	0	0	0	0.0108	0.100	0	0.400	0.100	0.300	0.0350	0	0.00393
160	1412.16	4.47863e-03	3.15	1.48	0.0485	0.0215	0.100	0	0	0	0.0108	0.100	0	0.400	0.100	0.300	0.0350	0	0.00415
161	1415.21	4.4529e-03	3.15	1.48	0.0485	0.0215	0.100	0	0	0	0.0108	0.100	0	0.400	0.100	0.300	0.0350	0	0.00390
162	1418.25	4.4282e-03	3.15	1.48	0.0485	0.0214	0.100	0	0	0	0.0109	0.100	0	0.400	0.100	0.300	0.0350	0	0.00354
163	1421.30	4.40816e-03	3.15	1.48	0.0485	0.0214	0.100	0	0	0	0.0109	0.100	0	0.400	0.100	0.300	0.0350	0	0.00346
164	1424.33	4.39485e-03	3.15	1.48	0.0485	0.0213	0.100	0	0	0	0.0109	0.100	0	0.400	0.100	0.300	0.0350	0	0.00362
165	1427.37	4.3817e-03	3.15	1.48	0.0485	0.0213	0.100	0	0	0	0.0109	0.100	0	0.400	0.100	0.300	0.0350	0	0.00383
166	1430.40	4.36636e-03	3.15	1.48	0.0485	0.0213	0.100	0	0	0	0.0110	0.100	0	0.400	0.100	0.300	0.0350	0	0.00369
167	1433.42	4.35971e-03	3.15	1.48	0.0485	0.0212	0.100	0	0	0	0.0110	0.100	0	0.400	0.100	0.300	0.0350	0	0.00362
168	1436.44	4.34827e-03	3.15	1.48	0.0485	0.0212	0.100	0	0	0	0.0110	0.100	0	0.400	0.100	0.300	0.0350	0	0.00359
169	1439.46	4.33483e-03	3.15	1.48	0.0485	0.0211	0.100	0	0	0	0.0110	0.100	0	0.400	0.100	0.300	0.0350	0	0.00348
170	1442.47	4.32877e-03	3.13	1.47	0.0485	0.0211	0.100	0	0	0	0.0110	0.100	0	0.400	0.100	0.300	0.0350	0	0.00368
171	1445.48	4.32481e-03	3.11	1.46	0.0485	0.0210	0.100	0	0	0	0.0111	0.100	0	0.400	0.100	0.300	0.0350	0	0.00358
172	1448.48	4.31252e-03	3.09	1.45	0.0485	0.0210	0.100	0	0	0	0.0111	0.100	0	0.400	0.100	0.300	0.0350	0	0.00374
173	1451.48	4.30868e-03	3.10	1.45	0.0485	0.0209	0.100	0	0	0	0.0111	0.100	0	0.400	0.100	0.300	0.0350	0	0.00350
174	1454.48	4.30506e-03	3.13	1.47	0.0485	0.0209	0.100	0	0	0	0.0111	0.100	0	0.400	0.100	0.300	0.0350	0	0.00369
175	1457.47	4.3079e-03	3.16	1.49	0.0485	0.0209	0.100	0	0	0	0.0111	0.100	0	0.400	0.100	0.300	0.0350	0	0.00389
176	1460.45	4.32084e-03	3.19	1.51	0.0485	0.0208	0.100	0	0	0	0.0111	0.100	0	0.400	0.100	0.300	0.0350	0	0.00410
177	1463.44	4.33086e-03	3.20	1.51	0.0485	0.0208	0.100	0	0	0	0.0112	0.100	0	0.400	0.100	0.300	0.0350	0	0.00387
178	1466.41	4.34042e-03	3.20	1.51	0.0485	0.0207	0.100	0	0	0	0.0112	0.100	0	0.400	0.100	0.300	0.0350	0	0.00420
179	1469.39	4.34443e-03	3.20	1.51	0.0485	0.0207	0.100	0	0	0	0.0112	0.100	0	0.400	0.100	0.300	0.0350	0	0.00381
180	1472.36	4.35702e-03	3.20	1.51	0.0485	0.0206	0.100	0	0	0	0.0112	0.100	0	0.400	0.100	0.300	0.0350	0	0.00386
181	1475.32	4.36498e-03	3.20	1.51	0.0485	0.0206	0.100	0	0	0	0.0112	0.100	0	0.400	0.100	0.300	0.0350	0	0.00409
182	1478.28	4.36618e-03	3.20	1.51	0.0485	0.0206	0.100	0	0	0	0.0113	0.100	0	0.400	0.100	0.300	0.0350	0	0.00402
183	1481.23	4.37709e-03	3.20	1.51	0.0485	0.0205	0.100	0	0	0	0.0113	0.100	0	0.400	0.100	0.300	0.0350	0	0.00384
184	1484.19	4.37686e-03	3.20	1.51	0.0485	0.0205	0.100	0	0	0	0.0113	0.100	0	0.400	0.100	0.300	0.0350	0	0.00405
185	1487.13	4.38439e-03	3.20	1.51	0.0485	0.0204	0.100	0	0	0	0.0113	0.100	0	0.400	0.100	0.300	0.0350	0	0.00365
186	1490.07	4.39268e-03	3.19	1.50	0.0485	0.0204	0.100	0	0	0	0.0113	0.100	0	0.400	0.100	0.300	0.0350	0	0.00369
187	1493.01	4.39864e-03	3.18	1.50	0.0485	0.0204	0.100	0	0	0	0.0113	0.100	0	0.400	0.100	0.300	0.0350	0	0.00394
188	1495.95	4.40473e-03	3.18	1.50	0.0485	0.0203	0.100	0	0	0	0.0114	0.100	0	0.400	0.100	0.300	0.0350	0	0.00407
189	1498.88	4.42002e-03	3.17	1.49	0.0485	0.0203	0.100	0	0	0	0.0114	0.100	0	0.400	0.100	0.300	0.0350	0	0.00417
190	1501.80	4.43046e-03	3.16	1.49	0.0485	0.0202	0.100	0	0	0	0.0114	0.100	0	0.400	0.100	0.300	0.0350	0	0.00420
191	1504.72	4.44729e-03	3.16	1.49	0.0485	0.0202	0.100	0	0	0	0.0114	0.100	0	0.400	0.100	0.300	0.0350	0	0.00428
192	1507.64	4.46514e-03	3.16	1.49	0.0485	0.0202	0.100	0	0	0	0.0114	0.100	0	0.400	0.100	0.300	0.0350	0	0.00422
193	1510.55	4.47456e-03	3.16	1.49	0.0485	0.0201	0.100	0	0	0	0.0114	0.100	0	0.400	0.100	0.300	0.0350	0	0.00430
194	1513.45	4.49028e-03	3.16	1.49	0.0485	0.0201	0.100	0	0	0	0.0114	0.100	0	0.400	0.100	0.300	0.0350	0	0.00454
195	1516.36	4.50387e-03	3.16	1.49	0.0485	0.0200	0.100	0	0	0	0.0115	0.100	0	0.400	0.100	0.300	0.0350	0	0.00463
196	1519.25	4.52364e-03	3.16	1.49	0.0485	0.0200	0.100	0	0	0	0.0115	0.100	0	0.400	0.100	0.300	0.0350	0	0.00410
197	1522.15	4.53781e-03	3.16	1.49	0.0485	0.0200	0.100	0	0	0	0.0115	0.100	0	0.400	0.100	0.300	0.0350	0	0.00456
198	1525.04	4.5443e-03	3.16	1.49	0.0485	0.0199	0.100	0	0	0	0.0115	0.100	0	0.400	0.100	0.300	0.0350	0	0.00425
199	1527.92	4.56376e-03	3.16	1.49	0.0485	0.0199	0.100	0	0	0	0.0115	0.100	0	0.400	0.100	0.300	0.0350	0	0.00437
200	1530.80	4.57737e-03	3.16	1.49	0.0485	0.0199	0.100	0	0	0	0.0115	0.100	0	0.400	0.100	0.300	0.0350	0	0.00497
201	1533.67	4.59259e-03	3.16	1.49	0.0485	0.0198	0.100	0	0	0	0.0115	0.100	0	0.400	0.100	0.300	0.0350	0	0.00439
202	1536.54	4.60939e-03	3.16	1.49	0.0485	0.0198	0.100	0	0	0	0.0116	0.100	0	0.400	0.100	0.300	0.0350	0	0.00474
203	1539.41	4.62135e-03	3.16	1.49	0.0485	0.0197	0.100	0	0	0	0.0116	0.100	0	0.400	0.100	0.300	0.0350	0	0.00430
204	1542.27	4.64354e-03	3.15	1.48	0.0485	0.0197	0.100	0	0	0	0.0116	0.100	0	0.400	0.100	0.300	0.0350	0	0.00467
205	1545.13	4.66056e-03	3.13	1.47	0.0485	0.0197	0.100	0	0	0	0.0116	0.100	0	0.400	0.100	0.300	0.0350	0	0.00438
206	1547.98	4.67783e-03	3.11	1.46	0.0485	0.0196	0.100	0	0	0	0.0116	0.100	0	0.400	0.100	0.300	0.0350	0	0.00473
207	1550.83	4.70205e-03	3.10	1.46	0.0485	0.0196	0.100	0	0	0	0.0116	0.100	0	0.400	0.100	0.300	0.0350	0	0.00473
208	1553.67	4.71884e-03	3.10	1.46	0.0485	0.0196	0.100	0	0	0	0.0116	0.100	0	0.400	0.100	0.300	0.0350	0	0.00440
209	1556.51	4.7386e-03	3.10	1.46	0.0485	0.0195	0.100	0	0	0	0.0116	0.100	0	0.400	0.100	0.300	0.0350	0	0.00463
210	1559.34	4.75458e-03	3.10	1.46	0.0485	0.0195	0.100	0	0	0	0.0117	0.100	0	0.400	0.100	0.300	0.0350	0	0.00480
211	1562.17	4.77664e-03	3.10	1.46	0.0485	0.0195	0.100	0	0	0	0.0117	0.100	0	0.400	0.100	0.300	0.0350	0	0.00514
212	1565.00	4.79741e-03	3.10	1.46	0.0485	0.0194	0.100	0	0	0	0.0117	0.100	0	0.400	0.100	0.300	0.0350	0	0.00487
213	1567.82	4.81898e-03	3.10	1.46	0.0485	0.0194	0.100	0	0	0	0.0117	0.100	0	0.400	0.100	0.300	0.0350	0	0.00503
214	1570.63	4.83862e-03	3.10	1.46	0.0485	0.0194	0.100	0	0	0	0.0117	0.100	0	0.400	0.100	0.300	0.0350	0	0.00472
215	1573.44	4.86255e-03	3.10	1.46	0.0485	0.0193	0.100	0	0	0	0.0117	0.100	0	0.400	0.100	0.300	0.0350	0	0.00439
216	1576.25	4.88698e-03	3.10	1.46	0.0485	0.0193	0.100	0	0	0	0.0117	0.100	0	0.400	0.100	0.300	0.0350	0	0.00507
217	1579.05	4.91525e-03	3.10	1.46	0.0485	0.0193	0.100	0	0	0	0.0117	0.100	0	0.400	0.100	0.300	0.0350	0	0.00509
218	1581.85	4.94369e-03	3.10	1.46	0.0485	0.0192	0.100	0	0	0	0.0117	0.100	0	0.400	0.100	0.300	0.0350	0	0.00498
219	1584.64	4.97502e-03	3.10	1.46	0.0485	0.0192	0.100	0	0	0	0.0118	0.100	0	0.400	0.100	0.300	0.0350	0	0.00514
220	1587.43	5.00995e-03	3.10	1.46	0.0485	0.0192	0.100	0	0	0	0.0118	0.100	0	0.400	0.100	0.300	0.0350	0	0.00509
221	1590.21	5.03887e-03	3.10	1.45	0.0485	0.0191	0.100	0	0	0	0.0118	0.100	0	0.400	0.100	0.300	0.0350	0	0.00460
222	1592.99	5.07928e-03	3.10	1.45	0.0485	0.0191	0.100	0	0	0	0.0118	0.100	0	0.400	0.100	0.300	0.0350	0	0.00501
223	1595.76	5.11103e-03	3.09	1.45	0.0485	0.0191	0.100	0	0	0	0.0118	0.100	0	0.400	0.100	0.300	0.0350	0	0.00544
224	1598.53	5.14593e-03	3.09	1.45	0.0485	0.0190	0.100	0	0	0	0.0118	0.100	0	0.400	0.100	0.300	0.0350	0	0.00538
225	1601.30	5.19484e-03	3.10	1.46	0.0485	0.0190	0.100	0	0	0	0.0118	0.100	0	0.400	0.100	0.300	0.0350	0	0.00560
226	1604.06	5.22552e-03	3.13	1.47	0.0485	0.0190	0.100	0	0	0	0.0118	0.100	0	0.400	0.100	0.300	0.0350	0	0.00546
227	1606.81	5.27e-03	3.16	1.49	0.0485	0.0189	0.100	0	0	0	0.0118	0.100	0	0.400	0.100	0.300	0.0350	0	0.00593
228	1609.56	5.30256e-03	3.19	1.50	0.0485	0.0189	0.100	0	0	0	0.0118	0.100	0	0.400	0.100	0.300	0.0350	0	0.00540
229	1612.30	5.35323e-03	3.19	1.50	0.0485	0.0189	0.100	0	0	0	0.0118	0.100	0	0.400	0.100	0.300	0.0350	0	0.00582
230	1615.04	5.38805e-03	3.19	1.50	0.0485	0.0188	0.100	0	0	0	0.0118	0.100	0	0.400	0.100	0.300	0.0350	0	0.00574
231	1617.78	5.43206e-03	3.19	1.50	0.0485	0.0188	0.100	0	0	0	0.0119	0.100	0	0.400	0.100	0.300	0.0350	0	0.00555
232	1620.51	5.47887e-03	3.19	1.50	0.0485	0.0188	0.100	0	0	0	0.0119	0.100	0	0.400	0.100	0.300	0.0350	0	0.00543
233	1623.24	5.53398e-03	3.19	1.50	0.0485	0.0187	0.100	0	0	0	0.0119	0.100	0	0.400	0.100	0.300	0.0350	0	0.00628
234	1625.96	5.59136e-03	3.19	1.50	0.0485	0.0187	0.100	0	0	0	0.0119	0.100	0	0.400	0.100	0.300	0.0350	0	0.00585
235	1628.67	5.65673e-03	3.19	1.50	0.0485	0.0187	0.100	0	0	0	0.0119	0.100	0	0.400	0.100	0.300	0.0350	0	0.00587
236	1631.39	5.72584e-03	3.19	1.50	0.0485	0.0186	0.100	0	0	0	0.0119	0.100	0	0.400	0.100	0.300	0.0350	0	0.00594
237	1634.09	5.82454e-03	3.19	1.50	0.0485	0.0186	0.100	0	0	0	0.0119	0.100	0	0.400	0.100	0.300	0.0350	0	0.00632
238	1636.79	5.93562e-03	3.19	1.50	0.0485	0.0186	0.100	0	0	0	0.0119	0.100	0	0.400	0.100	0.300	0.0350	0	0.00576
239	1639.49	6.06818e-03	3.19	1.50	0.0485	0.0185	0.100	0	0	0	0.0119	0.100	0	0.400	0.100	0.300	0.0350	0	0.00683
240	1642.18	6.26267e-03	3.19	1.50	0.0485	0.0185	0.100	0	0	0	0.0119	0.100	0	0.400	0.100	0.300	0.0350	0	0.00693
241	1644.87	6.53759e-03	3.19	1.50	0.0485	0.0185	0.100	0	0	0	0.0119	0.100	0	0.400	0.100	0.300	0.0350	0	0.00689
242	1647.55	6.91624e-03	3.19	1.50	0.0485	0.0185	0.100	0	0	0	0.0119	0.100	0	0.400	0.100	0.300	0.0350	0	0.00776
243	1650.23	7.4394e-03	3.19	1.50	0.0485	0.0184	0.100	0	0	0	0.0119	0.100	0	0.400	0.100	0.300	0.0350	0	0.00790
244	1652.90	8.16657e-03	3.19	1.50	0.0485	0.0184	0.100	0	0	0	0.0119	0.100	0	0.400	0.100	0.300	0.0350	0	0.00886
245	1655.57	9.15881e-03	3.19	1.50	0.0485	0.0184	0.100	0	0	0	0.0119	0.100	0	0.400	0.100	0.300	0.0350	0	0.0105
246	1658.23	1.0446e-02	3.19	1.50	0.0485	0.0183	0.100	0	0	0	0.0119	0.100	0	0.400	0.100	0.300	0.0350	0	0.0116
247	1660.89	1.20577e-02	3.19	1.50	0.0485	0.0183	0.100	0	0	0	0.0120	0.100	0	0.400	0.100	0.300	0.0350	0	0.0120
248	1663.55	1.40523e-02	3.19	1.50	0.0485	0.0183	0.100	0	0	0	0.0120	0.100	0	0.400	0.100	0.300	0.0350	0	0.0159
249	1666.19	1.63961e-02	3.19	1.50	0.0485	0.0182	0.100	0	0	0	0.0120	0.100	0	0.400	0.100	0.300	0.0350	0	0.0167
250	1668.84	1.91696e-02	3.19	1.50	0.0485	0.0182	0.100	0	0	0	0.0120	0.100	0	0.400	0.100	0.300	0.0350	0	0.0197
251	1671.48	2.23044e-02	3.19	1.50	0.0485	0.0182	0.100	0	0	0	0.0120	0.100	0	0.400	0.100	0.300	0.0350	0	0.0231
252	1674.11	2.59534e-02	3.19	1.50	0.0485	0.0182	0.100	0	0	0	0.0120	0.100	0	0.400	0.100	0.300	0.0350	0	0.0265
253	1676.74	3.00334e-02	3.19	1.50	0.0485	0.0181	0.100	0	0	0	0.0120	0.100	0	0.400	0.100	0.300	0.0350	0	0.0295
254	1679.36	3.4625e-02	3.19	1.50	0.0485	0.0181	0.100	0	0	0	0.0120	0.100	0	0.400	0.100	0.300	0.0350	0	0.0345
255	1681.98	4.0056e-02	3.19	1.50	0.0485	0.0181	0.100	0	0	0	0.0120	0.100	0	0.400	0.100	0.300	0.0350	0	0.0415
