# hypstar_220261_radcal_L_220426_swir.dat
# File was created 2022-05-04 16:41:24 UTC
#
# Calibrated by Joel Kuusk, Tartu Observatory, University of Tartu, 2022-04-26
#
# Applied corrections:
# nonlinearity	hypstar_220261_nonlin_corr_coefs_220105.dat
# wavelength	hypstar_220261_wl_coefs_220426.dat
# thermal	none
# stray light	none
#
# L [mW m-2 nm-1 sr-1] = DN / inttime_ms * 1000 * cal_coef
# Pixel counting starts from 0
#
# px	wl	cal_coef	u_cal_coef(k=2)	u_lamp(k=1)	u_aging(k=1)	u_power(k=1)	u_align_lamp(k=1)	u_panel(k=1)	u_interp_panel(k=1)	u_align_panel(k=1)	u_wl_source(k=1)	u_lab_stray(k=1)	u_panel_backrefl(k=1)	u_dist(k=1)	u_align(k=1)	u_temp(k=1)	u_lin(k=1)	u_stray(k=1)	u_typeA(k=1)
0	880.91	9.99464e-04	1.56	0.613	0.193	0.0345	0.100	0.150	0.100	0.100	0.000446	0.100	0.100	0.120	0.100	0.300	0.0800	0	0.0115
1	884.53	7.56054e-04	1.56	0.613	0.193	0.0344	0.100	0.150	0.100	0.100	0.000212	0.100	0.100	0.120	0.100	0.300	0.0800	0	0.00926
2	888.15	6.67477e-04	1.56	0.613	0.193	0.0342	0.100	0.150	0.100	0.100	0.0000252	0.100	0.100	0.120	0.100	0.300	0.0800	0	0.00808
3	891.77	6.29798e-04	1.56	0.613	0.193	0.0341	0.100	0.150	0.100	0.100	0.000349	0.100	0.100	0.120	0.100	0.300	0.0800	0	0.00778
4	895.38	6.0484e-04	1.56	0.613	0.193	0.0340	0.100	0.150	0.100	0.100	0.000590	0.100	0.100	0.120	0.100	0.300	0.0800	0	0.00760
5	898.99	5.82283e-04	1.56	0.613	0.193	0.0338	0.100	0.150	0.100	0.100	0.000833	0.100	0.100	0.120	0.100	0.300	0.0800	0	0.00792
6	902.59	5.57498e-04	3.64	1.76	0.193	0.0337	0.100	0.150	0.100	0.100	0.000176	0.100	0.100	0.120	0.100	0.300	0.0800	0	0.00727
7	906.20	5.34497e-04	3.64	1.76	0.193	0.0335	0.100	0.150	0.100	0.100	0.0000537	0.100	0.100	0.120	0.100	0.300	0.0800	0	0.00673
8	909.80	5.07373e-04	3.64	1.76	0.193	0.0334	0.100	0.150	0.100	0.100	0.0000662	0.100	0.100	0.120	0.100	0.300	0.0800	0	0.00683
9	913.40	4.74562e-04	3.64	1.76	0.193	0.0333	0.100	0.150	0.100	0.100	0.0000819	0.100	0.100	0.120	0.100	0.300	0.0800	0	0.00616
10	916.99	4.34877e-04	3.64	1.76	0.193	0.0332	0.100	0.150	0.100	0.100	0.000198	0.100	0.100	0.120	0.100	0.300	0.0800	0	0.00641
11	920.59	3.94721e-04	3.64	1.76	0.193	0.0330	0.100	0.150	0.100	0.100	0.000227	0.100	0.100	0.120	0.100	0.300	0.0800	0	0.00609
12	924.18	3.62762e-04	3.64	1.76	0.193	0.0329	0.100	0.150	0.100	0.100	0.000339	0.100	0.100	0.120	0.100	0.300	0.0800	0	0.00525
13	927.77	3.40953e-04	3.64	1.76	0.193	0.0328	0.100	0.150	0.100	0.100	0.000449	0.100	0.100	0.120	0.100	0.300	0.0800	0	0.00507
14	931.35	3.26782e-04	3.64	1.76	0.193	0.0326	0.100	0.150	0.100	0.100	0.000808	0.100	0.100	0.120	0.100	0.300	0.0800	0	0.00462
15	934.93	3.17178e-04	3.64	1.76	0.193	0.0325	0.100	0.150	0.100	0.100	0.000915	0.100	0.100	0.120	0.100	0.300	0.0800	0	0.00449
16	938.51	3.09914e-04	3.64	1.76	0.193	0.0324	0.100	0.150	0.100	0.100	0.00102	0.100	0.100	0.120	0.100	0.300	0.0800	0	0.00464
17	942.09	3.04021e-04	3.64	1.76	0.193	0.0323	0.100	0.150	0.100	0.100	0.000897	0.100	0.100	0.120	0.100	0.300	0.0800	0	0.00433
18	945.66	2.99031e-04	3.64	1.76	0.193	0.0321	0.100	0.150	0.100	0.100	0.000999	0.100	0.100	0.120	0.100	0.300	0.0800	0	0.00450
19	949.23	2.93705e-04	3.64	1.76	0.193	0.0320	0.100	0.150	0.100	0.100	0.00110	0.100	0.100	0.120	0.100	0.300	0.0800	0	0.00421
20	952.79	2.88669e-04	3.64	1.76	0.193	0.0319	0.100	0.150	0.100	0.100	0.00108	0.100	0.100	0.120	0.100	0.300	0.0800	0	0.00368
21	956.36	2.83691e-04	3.64	1.76	0.193	0.0318	0.100	0.150	0.100	0.100	0.00117	0.100	0.100	0.120	0.100	0.300	0.0800	0	0.00429
22	959.92	2.78222e-04	3.64	1.76	0.193	0.0317	0.100	0.150	0.100	0.100	0.00128	0.100	0.100	0.120	0.100	0.300	0.0800	0	0.00420
23	963.48	2.72544e-04	3.64	1.76	0.193	0.0316	0.100	0.150	0.100	0.100	0.00151	0.100	0.100	0.120	0.100	0.300	0.0800	0	0.00426
24	967.03	2.66772e-04	3.64	1.76	0.193	0.0314	0.100	0.150	0.100	0.100	0.00160	0.100	0.100	0.120	0.100	0.300	0.0800	0	0.00388
25	970.58	2.61538e-04	3.64	1.76	0.193	0.0313	0.100	0.150	0.100	0.100	0.00183	0.100	0.100	0.120	0.100	0.300	0.0800	0	0.00415
26	974.13	2.56169e-04	3.64	1.76	0.193	0.0312	0.100	0.150	0.100	0.100	0.00192	0.100	0.100	0.120	0.100	0.300	0.0800	0	0.00360
27	977.68	2.50778e-04	3.64	1.76	0.193	0.0311	0.100	0.150	0.100	0.100	0.00201	0.100	0.100	0.120	0.100	0.300	0.0800	0	0.00421
28	981.22	2.45306e-04	3.64	1.76	0.193	0.0310	0.100	0.150	0.100	0.100	0.00199	0.100	0.100	0.120	0.100	0.300	0.0800	0	0.00404
29	984.76	2.40184e-04	3.64	1.76	0.193	0.0309	0.100	0.150	0.100	0.100	0.00208	0.100	0.100	0.120	0.100	0.300	0.0800	0	0.00387
30	988.30	2.35931e-04	3.64	1.76	0.193	0.0308	0.100	0.150	0.100	0.100	0.00216	0.100	0.100	0.120	0.100	0.300	0.0800	0	0.00389
31	991.83	2.3214e-04	3.64	1.76	0.193	0.0307	0.100	0.150	0.100	0.100	0.00203	0.100	0.100	0.120	0.100	0.300	0.0800	0	0.00355
32	995.36	2.28515e-04	3.64	1.76	0.193	0.0305	0.100	0.150	0.100	0.100	0.00211	0.100	0.100	0.120	0.100	0.300	0.0800	0	0.00345
33	998.89	2.2488e-04	3.64	1.76	0.193	0.0304	0.100	0.150	0.100	0.100	0.00219	0.100	0.100	0.120	0.100	0.300	0.0800	0	0.00372
34	1002.41	2.21907e-04	3.54	1.70	0.193	0.0303	0.100	0.150	0.100	0.100	0.00244	0.100	0.100	0.120	0.100	0.300	0.0800	0	0.00362
35	1005.93	2.18992e-04	3.40	1.63	0.193	0.0302	0.100	0.150	0.100	0.100	0.00252	0.100	0.100	0.120	0.100	0.300	0.0800	0	0.00383
36	1009.45	2.1706e-04	3.26	1.56	0.193	0.0301	0.100	0.150	0.100	0.100	0.00259	0.100	0.100	0.120	0.100	0.300	0.0800	0	0.00362
37	1012.96	2.14953e-04	3.24	1.54	0.193	0.0300	0.100	0.150	0.100	0.100	0.00281	0.100	0.100	0.120	0.100	0.300	0.0800	0	0.00372
38	1016.48	2.12888e-04	3.24	1.54	0.193	0.0299	0.100	0.150	0.100	0.100	0.00288	0.100	0.100	0.120	0.100	0.300	0.0800	0	0.00349
39	1019.98	2.10434e-04	3.24	1.54	0.193	0.0298	0.100	0.150	0.100	0.100	0.00292	0.100	0.100	0.120	0.100	0.300	0.0800	0	0.00349
40	1023.49	2.08883e-04	3.24	1.54	0.193	0.0297	0.100	0.150	0.100	0.100	0.00293	0.100	0.100	0.120	0.100	0.300	0.0800	0	0.00395
41	1026.99	2.07579e-04	3.24	1.54	0.193	0.0296	0.100	0.150	0.100	0.100	0.00300	0.100	0.100	0.120	0.100	0.300	0.0800	0	0.00370
42	1030.49	2.06553e-04	3.24	1.54	0.193	0.0295	0.100	0.150	0.100	0.100	0.00285	0.100	0.100	0.120	0.100	0.300	0.0800	0	0.00407
43	1033.99	2.05264e-04	3.24	1.54	0.193	0.0294	0.100	0.150	0.100	0.100	0.00292	0.100	0.100	0.120	0.100	0.300	0.0800	0	0.00364
44	1037.48	2.03884e-04	3.24	1.54	0.193	0.0293	0.100	0.150	0.100	0.100	0.00298	0.100	0.100	0.120	0.100	0.300	0.0800	0	0.00350
45	1040.97	2.0288e-04	3.24	1.54	0.193	0.0292	0.100	0.150	0.100	0.100	0.00307	0.100	0.100	0.120	0.100	0.300	0.0800	0	0.00363
46	1044.45	2.01838e-04	3.24	1.54	0.193	0.0291	0.100	0.150	0.100	0.100	0.00313	0.100	0.100	0.120	0.100	0.300	0.0800	0	0.00366
47	1047.93	2.01402e-04	3.24	1.54	0.193	0.0290	0.100	0.150	0.100	0.100	0.00320	0.100	0.100	0.120	0.100	0.300	0.0800	0	0.00377
48	1051.41	2.00881e-04	3.24	1.54	0.193	0.0289	0.100	0.150	0.100	0.100	0.00326	0.100	0.100	0.120	0.100	0.300	0.0800	0	0.00428
49	1054.89	2.00057e-04	3.24	1.54	0.193	0.0288	0.100	0.150	0.100	0.100	0.00332	0.100	0.100	0.120	0.100	0.300	0.0800	0	0.00355
50	1058.36	1.99045e-04	3.24	1.54	0.193	0.0287	0.100	0.150	0.100	0.100	0.00338	0.100	0.100	0.120	0.100	0.300	0.0800	0	0.00390
51	1061.83	1.9782e-04	3.24	1.54	0.193	0.0286	0.100	0.150	0.100	0.100	0.00361	0.100	0.100	0.120	0.100	0.300	0.0800	0	0.00337
52	1065.30	1.96705e-04	3.24	1.54	0.193	0.0285	0.100	0.150	0.100	0.100	0.00367	0.100	0.100	0.120	0.100	0.300	0.0800	0	0.00328
53	1068.76	1.9557e-04	3.24	1.54	0.193	0.0284	0.100	0.150	0.100	0.100	0.00373	0.100	0.100	0.120	0.100	0.300	0.0800	0	0.00381
54	1072.22	1.94034e-04	3.24	1.54	0.193	0.0284	0.100	0.150	0.100	0.100	0.00388	0.100	0.100	0.120	0.100	0.300	0.0800	0	0.00364
55	1075.67	1.92391e-04	3.24	1.54	0.193	0.0283	0.100	0.150	0.100	0.100	0.00393	0.100	0.100	0.120	0.100	0.300	0.0800	0	0.00381
56	1079.13	1.90266e-04	3.24	1.54	0.193	0.0282	0.100	0.150	0.100	0.100	0.00399	0.100	0.100	0.120	0.100	0.300	0.0800	0	0.00344
57	1082.58	1.87919e-04	3.24	1.54	0.193	0.0281	0.100	0.150	0.100	0.100	0.00325	0.100	0.100	0.120	0.100	0.300	0.0800	0	0.00361
58	1086.02	1.85527e-04	3.24	1.54	0.193	0.0280	0.100	0.150	0.100	0.100	0.00330	0.100	0.100	0.120	0.100	0.300	0.0800	0	0.00320
59	1089.46	1.82933e-04	3.24	1.54	0.193	0.0279	0.100	0.150	0.100	0.100	0.00335	0.100	0.100	0.120	0.100	0.300	0.0800	0	0.00364
60	1092.90	1.80193e-04	3.19	1.52	0.193	0.0278	0.100	0.150	0.100	0.100	0.00332	0.100	0.100	0.120	0.100	0.300	0.0800	0	0.00329
61	1096.34	1.77554e-04	3.13	1.49	0.193	0.0277	0.100	0.150	0.100	0.100	0.00337	0.100	0.100	0.120	0.100	0.300	0.0800	0	0.00367
62	1099.77	1.75052e-04	3.07	1.46	0.193	0.0276	0.100	0.150	0.100	0.100	0.00342	0.100	0.100	0.120	0.100	0.300	0.0800	0	0.00353
63	1103.20	1.72557e-04	3.06	1.46	0.193	0.0276	0.100	0.150	0.100	0.100	0.00415	0.100	0.100	0.120	0.100	0.300	0.0800	0	0.00323
64	1106.62	1.69787e-04	3.06	1.46	0.193	0.0275	0.100	0.150	0.100	0.100	0.00420	0.100	0.100	0.120	0.100	0.300	0.0800	0	0.00353
65	1110.04	1.67634e-04	3.06	1.46	0.193	0.0274	0.100	0.150	0.100	0.100	0.00427	0.100	0.100	0.120	0.100	0.300	0.0800	0	0.00330
66	1113.46	1.65677e-04	3.06	1.46	0.193	0.0273	0.100	0.150	0.100	0.100	0.00433	0.100	0.100	0.120	0.100	0.300	0.0800	0	0.00306
67	1116.88	1.64098e-04	3.06	1.46	0.193	0.0272	0.100	0.150	0.100	0.100	0.00437	0.100	0.100	0.120	0.100	0.300	0.0800	0	0.00370
68	1120.29	1.6254e-04	3.06	1.46	0.193	0.0271	0.100	0.150	0.100	0.100	0.00451	0.100	0.100	0.120	0.100	0.300	0.0800	0	0.00367
69	1123.69	1.61051e-04	3.06	1.46	0.193	0.0271	0.100	0.150	0.100	0.100	0.00455	0.100	0.100	0.120	0.100	0.300	0.0800	0	0.00357
70	1127.10	1.59572e-04	3.06	1.46	0.193	0.0270	0.100	0.150	0.100	0.100	0.00459	0.100	0.100	0.120	0.100	0.300	0.0800	0	0.00298
71	1130.50	1.58583e-04	3.06	1.46	0.193	0.0269	0.100	0.150	0.100	0.100	0.00468	0.100	0.100	0.120	0.100	0.300	0.0800	0	0.00335
72	1133.90	1.58047e-04	3.06	1.46	0.193	0.0268	0.100	0.150	0.100	0.100	0.00472	0.100	0.100	0.120	0.100	0.300	0.0800	0	0.00360
73	1137.29	1.57968e-04	3.06	1.46	0.193	0.0267	0.100	0.150	0.100	0.100	0.00476	0.100	0.100	0.120	0.100	0.300	0.0800	0	0.00326
74	1140.68	1.58057e-04	3.06	1.45	0.193	0.0267	0.100	0.150	0.100	0.100	0.00483	0.100	0.100	0.120	0.100	0.300	0.0800	0	0.00316
75	1144.06	1.58492e-04	3.06	1.45	0.193	0.0266	0.100	0.150	0.100	0.100	0.00487	0.100	0.100	0.120	0.100	0.300	0.0800	0	0.00307
76	1147.45	1.58894e-04	3.05	1.45	0.193	0.0265	0.100	0.150	0.100	0.100	0.00490	0.100	0.100	0.120	0.100	0.300	0.0800	0	0.00311
77	1150.83	1.59176e-04	3.05	1.44	0.193	0.0264	0.100	0.150	0.100	0.100	0.00519	0.100	0.100	0.120	0.100	0.300	0.0800	0	0.00360
78	1154.20	1.59428e-04	3.05	1.44	0.193	0.0263	0.100	0.150	0.100	0.100	0.00523	0.100	0.100	0.120	0.100	0.300	0.0800	0	0.00339
79	1157.57	1.5966e-04	3.05	1.44	0.193	0.0263	0.100	0.150	0.100	0.100	0.00526	0.100	0.100	0.120	0.100	0.300	0.0800	0	0.00310
80	1160.94	1.59821e-04	3.05	1.44	0.193	0.0262	0.100	0.150	0.100	0.100	0.00500	0.100	0.100	0.120	0.100	0.300	0.0800	0	0.00324
81	1164.30	1.60126e-04	3.05	1.44	0.193	0.0261	0.100	0.150	0.100	0.100	0.00503	0.100	0.100	0.120	0.100	0.300	0.0800	0	0.00354
82	1167.66	1.60192e-04	3.05	1.44	0.193	0.0260	0.100	0.150	0.100	0.100	0.00507	0.100	0.100	0.120	0.100	0.300	0.0800	0	0.00338
83	1171.02	1.60282e-04	3.05	1.44	0.193	0.0260	0.100	0.150	0.100	0.100	0.00479	0.100	0.100	0.120	0.100	0.300	0.0800	0	0.00376
84	1174.37	1.60126e-04	3.05	1.44	0.193	0.0259	0.100	0.150	0.100	0.100	0.00482	0.100	0.100	0.120	0.100	0.300	0.0800	0	0.00304
85	1177.72	1.59564e-04	3.05	1.44	0.193	0.0258	0.100	0.150	0.100	0.100	0.00486	0.100	0.100	0.120	0.100	0.300	0.0800	0	0.00339
86	1181.07	1.58418e-04	3.05	1.44	0.193	0.0257	0.100	0.150	0.100	0.100	0.00481	0.100	0.100	0.120	0.100	0.300	0.0800	0	0.00326
87	1184.41	1.57253e-04	3.05	1.44	0.193	0.0257	0.100	0.150	0.100	0.100	0.00485	0.100	0.100	0.120	0.100	0.300	0.0800	0	0.00342
88	1187.75	1.55805e-04	3.05	1.44	0.193	0.0256	0.100	0.150	0.100	0.100	0.00488	0.100	0.100	0.120	0.100	0.300	0.0800	0	0.00357
89	1191.08	1.54338e-04	3.05	1.44	0.193	0.0255	0.100	0.150	0.100	0.100	0.00509	0.100	0.100	0.120	0.100	0.300	0.0800	0	0.00277
90	1194.41	1.5274e-04	3.05	1.44	0.193	0.0255	0.100	0.150	0.100	0.100	0.00512	0.100	0.100	0.120	0.100	0.300	0.0800	0	0.00335
91	1197.74	1.51249e-04	3.05	1.44	0.193	0.0254	0.100	0.150	0.100	0.100	0.00515	0.100	0.100	0.120	0.100	0.300	0.0800	0	0.00333
92	1201.06	1.49899e-04	3.05	1.44	0.193	0.0253	0.100	0.150	0.100	0.100	0.00520	0.100	0.100	0.120	0.100	0.300	0.0800	0	0.00307
93	1204.38	1.48543e-04	3.05	1.44	0.193	0.0252	0.100	0.150	0.100	0.100	0.00523	0.100	0.100	0.120	0.100	0.300	0.0800	0	0.00306
94	1207.70	1.47505e-04	3.05	1.44	0.193	0.0252	0.100	0.150	0.100	0.100	0.00526	0.100	0.100	0.120	0.100	0.300	0.0800	0	0.00348
95	1211.01	1.46897e-04	3.05	1.44	0.193	0.0251	0.100	0.150	0.100	0.100	0.00527	0.100	0.100	0.120	0.100	0.300	0.0800	0	0.00304
96	1214.32	1.46491e-04	3.05	1.44	0.193	0.0250	0.100	0.150	0.100	0.100	0.00530	0.100	0.100	0.120	0.100	0.300	0.0800	0	0.00330
97	1217.62	1.46245e-04	3.05	1.44	0.193	0.0250	0.100	0.150	0.100	0.100	0.00533	0.100	0.100	0.120	0.100	0.300	0.0800	0	0.00324
98	1220.92	1.45875e-04	3.05	1.44	0.193	0.0249	0.100	0.150	0.100	0.100	0.00536	0.100	0.100	0.120	0.100	0.300	0.0800	0	0.00343
99	1224.22	1.45281e-04	3.05	1.44	0.193	0.0248	0.100	0.150	0.100	0.100	0.00539	0.100	0.100	0.120	0.100	0.300	0.0800	0	0.00337
100	1227.51	1.44753e-04	3.05	1.44	0.193	0.0248	0.100	0.150	0.100	0.100	0.00541	0.100	0.100	0.120	0.100	0.300	0.0800	0	0.00327
101	1230.80	1.44093e-04	3.05	1.44	0.193	0.0247	0.100	0.150	0.100	0.100	0.00542	0.100	0.100	0.120	0.100	0.300	0.0800	0	0.00350
102	1234.08	1.4345e-04	3.05	1.44	0.193	0.0246	0.100	0.150	0.100	0.100	0.00545	0.100	0.100	0.120	0.100	0.300	0.0800	0	0.00328
103	1237.36	1.43103e-04	3.05	1.44	0.193	0.0246	0.100	0.150	0.100	0.100	0.00547	0.100	0.100	0.120	0.100	0.300	0.0800	0	0.00322
104	1240.64	1.42774e-04	3.05	1.44	0.193	0.0245	0.100	0.150	0.100	0.100	0.00551	0.100	0.100	0.120	0.100	0.300	0.0800	0	0.00333
105	1243.91	1.42539e-04	3.05	1.44	0.193	0.0244	0.100	0.150	0.100	0.100	0.00554	0.100	0.100	0.120	0.100	0.300	0.0800	0	0.00344
106	1247.18	1.42685e-04	3.05	1.44	0.193	0.0244	0.100	0.150	0.100	0.100	0.00556	0.100	0.100	0.120	0.100	0.300	0.0800	0	0.00337
107	1250.45	1.42971e-04	3.05	1.44	0.193	0.0243	0.100	0.150	0.100	0.100	0.00570	0.100	0.100	0.120	0.100	0.300	0.0800	0	0.00327
108	1253.71	1.43145e-04	3.05	1.44	0.193	0.0242	0.100	0.150	0.100	0.100	0.00573	0.100	0.100	0.120	0.100	0.300	0.0800	0	0.00325
109	1256.96	1.4306e-04	3.05	1.44	0.193	0.0242	0.100	0.150	0.100	0.100	0.00575	0.100	0.100	0.120	0.100	0.300	0.0800	0	0.00336
110	1260.22	1.42794e-04	3.05	1.44	0.193	0.0241	0.100	0.150	0.100	0.100	0.00599	0.100	0.100	0.120	0.100	0.300	0.0800	0	0.00329
111	1263.47	1.4234e-04	3.05	1.44	0.193	0.0241	0.100	0.150	0.100	0.100	0.00601	0.100	0.100	0.120	0.100	0.300	0.0800	0	0.00329
112	1266.71	1.41703e-04	3.05	1.44	0.193	0.0240	0.100	0.150	0.100	0.100	0.00604	0.100	0.100	0.120	0.100	0.300	0.0800	0	0.00336
113	1269.95	1.40996e-04	3.05	1.44	0.193	0.0239	0.100	0.150	0.100	0.100	0.00601	0.100	0.100	0.120	0.100	0.300	0.0800	0	0.00335
114	1273.19	1.40218e-04	3.05	1.44	0.193	0.0239	0.100	0.150	0.100	0.100	0.00586	0.100	0.100	0.120	0.100	0.300	0.0800	0	0.00327
115	1276.42	1.39295e-04	3.05	1.44	0.193	0.0238	0.100	0.150	0.100	0.100	0.00588	0.100	0.100	0.120	0.100	0.300	0.0800	0	0.00315
116	1279.65	1.38444e-04	3.05	1.44	0.193	0.0238	0.100	0.150	0.100	0.100	0.00590	0.100	0.100	0.120	0.100	0.300	0.0800	0	0.00359
117	1282.87	1.3767e-04	3.05	1.44	0.193	0.0237	0.100	0.150	0.100	0.100	0.00592	0.100	0.100	0.120	0.100	0.300	0.0800	0	0.00329
118	1286.09	1.36762e-04	3.05	1.44	0.193	0.0236	0.100	0.150	0.100	0.100	0.00594	0.100	0.100	0.120	0.100	0.300	0.0800	0	0.00313
119	1289.31	1.35963e-04	3.05	1.44	0.193	0.0236	0.100	0.150	0.100	0.100	0.00596	0.100	0.100	0.120	0.100	0.300	0.0800	0	0.00346
120	1292.52	1.35023e-04	3.05	1.44	0.193	0.0235	0.100	0.150	0.100	0.100	0.00621	0.100	0.100	0.120	0.100	0.300	0.0800	0	0.00359
121	1295.73	1.34101e-04	3.05	1.44	0.193	0.0235	0.100	0.150	0.100	0.100	0.00623	0.100	0.100	0.120	0.100	0.300	0.0800	0	0.00319
122	1298.93	1.33246e-04	3.05	1.44	0.193	0.0234	0.100	0.150	0.100	0.100	0.00625	0.100	0.100	0.120	0.100	0.300	0.0800	0	0.00326
123	1302.13	1.32634e-04	3.05	1.44	0.193	0.0233	0.100	0.150	0.100	0.100	0.00605	0.100	0.100	0.120	0.100	0.300	0.0800	0	0.00328
124	1305.33	1.31982e-04	3.05	1.44	0.193	0.0233	0.100	0.150	0.100	0.100	0.00607	0.100	0.100	0.120	0.100	0.300	0.0800	0	0.00337
125	1308.52	1.315e-04	3.05	1.44	0.193	0.0232	0.100	0.150	0.100	0.100	0.00609	0.100	0.100	0.120	0.100	0.300	0.0800	0	0.00327
126	1311.71	1.3105e-04	3.05	1.44	0.193	0.0232	0.100	0.150	0.100	0.100	0.00597	0.100	0.100	0.120	0.100	0.300	0.0800	0	0.00304
127	1314.89	1.30631e-04	3.05	1.44	0.193	0.0231	0.100	0.150	0.100	0.100	0.00599	0.100	0.100	0.120	0.100	0.300	0.0800	0	0.00347
128	1318.07	1.30376e-04	3.05	1.44	0.193	0.0231	0.100	0.150	0.100	0.100	0.00601	0.100	0.100	0.120	0.100	0.300	0.0800	0	0.00299
129	1321.25	1.30026e-04	3.05	1.44	0.193	0.0230	0.100	0.150	0.100	0.100	0.00602	0.100	0.100	0.120	0.100	0.300	0.0800	0	0.00324
130	1324.42	1.29637e-04	3.05	1.44	0.193	0.0230	0.100	0.150	0.100	0.100	0.00603	0.100	0.100	0.120	0.100	0.300	0.0800	0	0.00325
131	1327.58	1.29066e-04	3.05	1.44	0.193	0.0229	0.100	0.150	0.100	0.100	0.00605	0.100	0.100	0.120	0.100	0.300	0.0800	0	0.00315
132	1330.74	1.28378e-04	3.05	1.44	0.193	0.0228	0.100	0.150	0.100	0.100	0.00620	0.100	0.100	0.120	0.100	0.300	0.0800	0	0.00305
133	1333.90	1.27763e-04	3.05	1.44	0.193	0.0228	0.100	0.150	0.100	0.100	0.00621	0.100	0.100	0.120	0.100	0.300	0.0800	0	0.00331
134	1337.06	1.27066e-04	3.05	1.44	0.193	0.0227	0.100	0.150	0.100	0.100	0.00623	0.100	0.100	0.120	0.100	0.300	0.0800	0	0.00309
135	1340.21	1.26721e-04	3.05	1.44	0.193	0.0227	0.100	0.150	0.100	0.100	0.00660	0.100	0.100	0.120	0.100	0.300	0.0800	0	0.00322
136	1343.35	1.26413e-04	3.05	1.44	0.193	0.0226	0.100	0.150	0.100	0.100	0.00661	0.100	0.100	0.120	0.100	0.300	0.0800	0	0.00347
137	1346.49	1.26455e-04	3.05	1.44	0.193	0.0226	0.100	0.150	0.100	0.100	0.00663	0.100	0.100	0.120	0.100	0.300	0.0800	0	0.00350
138	1349.63	1.27129e-04	3.05	1.44	0.193	0.0225	0.100	0.150	0.100	0.100	0.00665	0.100	0.100	0.120	0.100	0.300	0.0800	0	0.00363
139	1352.76	1.27804e-04	3.05	1.44	0.193	0.0225	0.100	0.150	0.100	0.100	0.00679	0.100	0.100	0.120	0.100	0.300	0.0800	0	0.00305
140	1355.89	1.28758e-04	3.05	1.44	0.193	0.0224	0.100	0.150	0.100	0.100	0.00680	0.100	0.100	0.120	0.100	0.300	0.0800	0	0.00345
141	1359.01	1.29923e-04	3.05	1.44	0.193	0.0224	0.100	0.150	0.100	0.100	0.00682	0.100	0.100	0.120	0.100	0.300	0.0800	0	0.00337
142	1362.13	1.30534e-04	3.05	1.44	0.193	0.0223	0.100	0.150	0.100	0.100	0.00670	0.100	0.100	0.120	0.100	0.300	0.0800	0	0.00335
143	1365.24	1.30916e-04	3.05	1.44	0.193	0.0223	0.100	0.150	0.100	0.100	0.00671	0.100	0.100	0.120	0.100	0.300	0.0800	0	0.00318
144	1368.35	1.31109e-04	3.05	1.44	0.193	0.0222	0.100	0.150	0.100	0.100	0.00673	0.100	0.100	0.120	0.100	0.300	0.0800	0	0.00322
145	1371.46	1.31424e-04	3.05	1.44	0.193	0.0222	0.100	0.150	0.100	0.100	0.00653	0.100	0.100	0.120	0.100	0.300	0.0800	0	0.00355
146	1374.56	1.32283e-04	3.05	1.44	0.193	0.0221	0.100	0.150	0.100	0.100	0.00654	0.100	0.100	0.120	0.100	0.300	0.0800	0	0.00292
147	1377.66	1.33886e-04	3.05	1.44	0.193	0.0221	0.100	0.150	0.100	0.100	0.00656	0.100	0.100	0.120	0.100	0.300	0.0800	0	0.00350
148	1380.75	1.35845e-04	3.05	1.44	0.193	0.0220	0.100	0.150	0.100	0.100	0.00667	0.100	0.100	0.120	0.100	0.300	0.0800	0	0.00325
149	1383.84	1.37271e-04	3.05	1.44	0.193	0.0220	0.100	0.150	0.100	0.100	0.00669	0.100	0.100	0.120	0.100	0.300	0.0800	0	0.00327
150	1386.92	1.376e-04	3.05	1.44	0.193	0.0219	0.100	0.150	0.100	0.100	0.00670	0.100	0.100	0.120	0.100	0.300	0.0800	0	0.00337
151	1390.00	1.38272e-04	3.05	1.45	0.193	0.0219	0.100	0.150	0.100	0.100	0.00661	0.100	0.100	0.120	0.100	0.300	0.0800	0	0.00324
152	1393.08	1.39089e-04	3.06	1.45	0.193	0.0218	0.100	0.150	0.100	0.100	0.00653	0.100	0.100	0.120	0.100	0.300	0.0800	0	0.00352
153	1396.15	1.39948e-04	3.08	1.46	0.193	0.0218	0.100	0.150	0.100	0.100	0.00654	0.100	0.100	0.120	0.100	0.300	0.0800	0	0.00334
154	1399.21	1.40486e-04	3.10	1.47	0.193	0.0217	0.100	0.150	0.100	0.100	0.00656	0.100	0.100	0.120	0.100	0.300	0.0800	0	0.00356
155	1402.28	1.40933e-04	3.10	1.48	0.193	0.0217	0.100	0.150	0.100	0.100	0.00643	0.100	0.100	0.120	0.100	0.300	0.0800	0	0.00365
156	1405.33	1.41179e-04	3.11	1.48	0.193	0.0216	0.100	0.150	0.100	0.100	0.00644	0.100	0.100	0.120	0.100	0.300	0.0800	0	0.00353
157	1408.39	1.41174e-04	3.11	1.48	0.193	0.0216	0.100	0.150	0.100	0.100	0.00646	0.100	0.100	0.120	0.100	0.300	0.0800	0	0.00394
158	1411.43	1.40886e-04	3.11	1.48	0.193	0.0215	0.100	0.150	0.100	0.100	0.00649	0.100	0.100	0.120	0.100	0.300	0.0800	0	0.00415
159	1414.48	1.40639e-04	3.11	1.48	0.193	0.0215	0.100	0.150	0.100	0.100	0.00650	0.100	0.100	0.120	0.100	0.300	0.0800	0	0.00350
160	1417.52	1.40399e-04	3.11	1.48	0.193	0.0214	0.100	0.150	0.100	0.100	0.00651	0.100	0.100	0.120	0.100	0.300	0.0800	0	0.00357
161	1420.55	1.4018e-04	3.11	1.48	0.193	0.0214	0.100	0.150	0.100	0.100	0.00653	0.100	0.100	0.120	0.100	0.300	0.0800	0	0.00376
162	1423.58	1.39832e-04	3.11	1.48	0.193	0.0214	0.100	0.150	0.100	0.100	0.00654	0.100	0.100	0.120	0.100	0.300	0.0800	0	0.00342
163	1426.61	1.39912e-04	3.11	1.48	0.193	0.0213	0.100	0.150	0.100	0.100	0.00656	0.100	0.100	0.120	0.100	0.300	0.0800	0	0.00383
164	1429.63	1.39753e-04	3.11	1.48	0.193	0.0213	0.100	0.150	0.100	0.100	0.00657	0.100	0.100	0.120	0.100	0.300	0.0800	0	0.00356
165	1432.64	1.39587e-04	3.11	1.48	0.193	0.0212	0.100	0.150	0.100	0.100	0.00658	0.100	0.100	0.120	0.100	0.300	0.0800	0	0.00375
166	1435.65	1.39584e-04	3.11	1.48	0.193	0.0212	0.100	0.150	0.100	0.100	0.00659	0.100	0.100	0.120	0.100	0.300	0.0800	0	0.00362
167	1438.66	1.39382e-04	3.11	1.48	0.193	0.0211	0.100	0.150	0.100	0.100	0.00660	0.100	0.100	0.120	0.100	0.300	0.0800	0	0.00410
168	1441.66	1.3951e-04	3.10	1.47	0.193	0.0211	0.100	0.150	0.100	0.100	0.00662	0.100	0.100	0.120	0.100	0.300	0.0800	0	0.00365
169	1444.66	1.39482e-04	3.08	1.46	0.193	0.0210	0.100	0.150	0.100	0.100	0.00663	0.100	0.100	0.120	0.100	0.300	0.0800	0	0.00377
170	1447.65	1.3955e-04	3.06	1.45	0.193	0.0210	0.100	0.150	0.100	0.100	0.00664	0.100	0.100	0.120	0.100	0.300	0.0800	0	0.00324
171	1450.64	1.39622e-04	3.05	1.45	0.193	0.0210	0.100	0.150	0.100	0.100	0.00665	0.100	0.100	0.120	0.100	0.300	0.0800	0	0.00401
172	1453.62	1.39937e-04	3.09	1.47	0.193	0.0209	0.100	0.150	0.100	0.100	0.00666	0.100	0.100	0.120	0.100	0.300	0.0800	0	0.00376
173	1456.60	1.40297e-04	3.12	1.48	0.193	0.0209	0.100	0.150	0.100	0.100	0.00667	0.100	0.100	0.120	0.100	0.300	0.0800	0	0.00380
174	1459.58	1.40676e-04	3.15	1.50	0.193	0.0208	0.100	0.150	0.100	0.100	0.00668	0.100	0.100	0.120	0.100	0.300	0.0800	0	0.00352
175	1462.55	1.41316e-04	3.16	1.51	0.193	0.0208	0.100	0.150	0.100	0.100	0.00670	0.100	0.100	0.120	0.100	0.300	0.0800	0	0.00356
176	1465.51	1.41868e-04	3.16	1.51	0.193	0.0207	0.100	0.150	0.100	0.100	0.00671	0.100	0.100	0.120	0.100	0.300	0.0800	0	0.00397
177	1468.47	1.42499e-04	3.17	1.51	0.193	0.0207	0.100	0.150	0.100	0.100	0.00672	0.100	0.100	0.120	0.100	0.300	0.0800	0	0.00373
178	1471.43	1.43016e-04	3.17	1.51	0.193	0.0207	0.100	0.150	0.100	0.100	0.00673	0.100	0.100	0.120	0.100	0.300	0.0800	0	0.00392
179	1474.38	1.43741e-04	3.17	1.51	0.193	0.0206	0.100	0.150	0.100	0.100	0.00674	0.100	0.100	0.120	0.100	0.300	0.0800	0	0.00377
180	1477.32	1.44176e-04	3.17	1.51	0.193	0.0206	0.100	0.150	0.100	0.100	0.00675	0.100	0.100	0.120	0.100	0.300	0.0800	0	0.00390
181	1480.26	1.4478e-04	3.17	1.51	0.193	0.0205	0.100	0.150	0.100	0.100	0.00676	0.100	0.100	0.120	0.100	0.300	0.0800	0	0.00395
182	1483.20	1.4533e-04	3.17	1.51	0.193	0.0205	0.100	0.150	0.100	0.100	0.00677	0.100	0.100	0.120	0.100	0.300	0.0800	0	0.00410
183	1486.13	1.45665e-04	3.16	1.51	0.193	0.0205	0.100	0.150	0.100	0.100	0.00678	0.100	0.100	0.120	0.100	0.300	0.0800	0	0.00379
184	1489.06	1.46179e-04	3.16	1.51	0.193	0.0204	0.100	0.150	0.100	0.100	0.00679	0.100	0.100	0.120	0.100	0.300	0.0800	0	0.00366
185	1491.98	1.46878e-04	3.15	1.50	0.193	0.0204	0.100	0.150	0.100	0.100	0.00679	0.100	0.100	0.120	0.100	0.300	0.0800	0	0.00433
186	1494.89	1.47398e-04	3.15	1.50	0.193	0.0203	0.100	0.150	0.100	0.100	0.00680	0.100	0.100	0.120	0.100	0.300	0.0800	0	0.00392
187	1497.81	1.48299e-04	3.14	1.49	0.193	0.0203	0.100	0.150	0.100	0.100	0.00681	0.100	0.100	0.120	0.100	0.300	0.0800	0	0.00365
188	1500.71	1.48984e-04	3.13	1.49	0.193	0.0203	0.100	0.150	0.100	0.100	0.00680	0.100	0.100	0.120	0.100	0.300	0.0800	0	0.00376
189	1503.62	1.49783e-04	3.13	1.49	0.193	0.0202	0.100	0.150	0.100	0.100	0.00681	0.100	0.100	0.120	0.100	0.300	0.0800	0	0.00409
190	1506.51	1.50625e-04	3.13	1.49	0.193	0.0202	0.100	0.150	0.100	0.100	0.00682	0.100	0.100	0.120	0.100	0.300	0.0800	0	0.00379
191	1509.41	1.51489e-04	3.13	1.49	0.193	0.0201	0.100	0.150	0.100	0.100	0.00683	0.100	0.100	0.120	0.100	0.300	0.0800	0	0.00400
192	1512.29	1.52185e-04	3.13	1.49	0.193	0.0201	0.100	0.150	0.100	0.100	0.00699	0.100	0.100	0.120	0.100	0.300	0.0800	0	0.00383
193	1515.18	1.53073e-04	3.13	1.49	0.193	0.0201	0.100	0.150	0.100	0.100	0.00700	0.100	0.100	0.120	0.100	0.300	0.0800	0	0.00394
194	1518.05	1.5398e-04	3.13	1.49	0.193	0.0200	0.100	0.150	0.100	0.100	0.00701	0.100	0.100	0.120	0.100	0.300	0.0800	0	0.00373
195	1520.93	1.5485e-04	3.13	1.49	0.193	0.0200	0.100	0.150	0.100	0.100	0.00723	0.100	0.100	0.120	0.100	0.300	0.0800	0	0.00412
196	1523.79	1.55666e-04	3.13	1.49	0.193	0.0200	0.100	0.150	0.100	0.100	0.00723	0.100	0.100	0.120	0.100	0.300	0.0800	0	0.00424
197	1526.66	1.56462e-04	3.13	1.49	0.193	0.0199	0.100	0.150	0.100	0.100	0.00724	0.100	0.100	0.120	0.100	0.300	0.0800	0	0.00451
198	1529.52	1.5715e-04	3.13	1.49	0.193	0.0199	0.100	0.150	0.100	0.100	0.00725	0.100	0.100	0.120	0.100	0.300	0.0800	0	0.00403
199	1532.37	1.58184e-04	3.13	1.49	0.193	0.0198	0.100	0.150	0.100	0.100	0.00704	0.100	0.100	0.120	0.100	0.300	0.0800	0	0.00390
200	1535.22	1.5913e-04	3.13	1.49	0.193	0.0198	0.100	0.150	0.100	0.100	0.00704	0.100	0.100	0.120	0.100	0.300	0.0800	0	0.00408
201	1538.06	1.60068e-04	3.13	1.49	0.193	0.0198	0.100	0.150	0.100	0.100	0.00705	0.100	0.100	0.120	0.100	0.300	0.0800	0	0.00432
202	1540.90	1.61071e-04	3.13	1.49	0.193	0.0197	0.100	0.150	0.100	0.100	0.00691	0.100	0.100	0.120	0.100	0.300	0.0800	0	0.00429
203	1543.73	1.62265e-04	3.11	1.48	0.193	0.0197	0.100	0.150	0.100	0.100	0.00692	0.100	0.100	0.120	0.100	0.300	0.0800	0	0.00389
204	1546.56	1.63375e-04	3.09	1.47	0.193	0.0197	0.100	0.150	0.100	0.100	0.00692	0.100	0.100	0.120	0.100	0.300	0.0800	0	0.00404
205	1549.38	1.64434e-04	3.07	1.46	0.193	0.0196	0.100	0.150	0.100	0.100	0.00693	0.100	0.100	0.120	0.100	0.300	0.0800	0	0.00419
206	1552.20	1.65687e-04	3.06	1.46	0.193	0.0196	0.100	0.150	0.100	0.100	0.00711	0.100	0.100	0.120	0.100	0.300	0.0800	0	0.00419
207	1555.01	1.66698e-04	3.06	1.46	0.193	0.0195	0.100	0.150	0.100	0.100	0.00712	0.100	0.100	0.120	0.100	0.300	0.0800	0	0.00402
208	1557.82	1.67842e-04	3.06	1.46	0.193	0.0195	0.100	0.150	0.100	0.100	0.00712	0.100	0.100	0.120	0.100	0.300	0.0800	0	0.00431
209	1560.62	1.68943e-04	3.06	1.46	0.193	0.0195	0.100	0.150	0.100	0.100	0.00736	0.100	0.100	0.120	0.100	0.300	0.0800	0	0.00427
210	1563.42	1.69884e-04	3.06	1.46	0.193	0.0194	0.100	0.150	0.100	0.100	0.00737	0.100	0.100	0.120	0.100	0.300	0.0800	0	0.00457
211	1566.21	1.71094e-04	3.06	1.46	0.193	0.0194	0.100	0.150	0.100	0.100	0.00738	0.100	0.100	0.120	0.100	0.300	0.0800	0	0.00426
212	1569.00	1.72268e-04	3.06	1.46	0.193	0.0194	0.100	0.150	0.100	0.100	0.00738	0.100	0.100	0.120	0.100	0.300	0.0800	0	0.00442
213	1571.78	1.73603e-04	3.06	1.46	0.193	0.0193	0.100	0.150	0.100	0.100	0.00693	0.100	0.100	0.120	0.100	0.300	0.0800	0	0.00479
214	1574.56	1.74676e-04	3.06	1.46	0.193	0.0193	0.100	0.150	0.100	0.100	0.00693	0.100	0.100	0.120	0.100	0.300	0.0800	0	0.00507
215	1577.33	1.76134e-04	3.06	1.46	0.193	0.0193	0.100	0.150	0.100	0.100	0.00694	0.100	0.100	0.120	0.100	0.300	0.0800	0	0.00466
216	1580.10	1.77616e-04	3.06	1.46	0.193	0.0192	0.100	0.150	0.100	0.100	0.00688	0.100	0.100	0.120	0.100	0.300	0.0800	0	0.00536
217	1582.86	1.79065e-04	3.06	1.46	0.193	0.0192	0.100	0.150	0.100	0.100	0.00688	0.100	0.100	0.120	0.100	0.300	0.0800	0	0.00523
218	1585.62	1.80547e-04	3.06	1.46	0.193	0.0192	0.100	0.150	0.100	0.100	0.00689	0.100	0.100	0.120	0.100	0.300	0.0800	0	0.00439
219	1588.37	1.82373e-04	3.06	1.46	0.193	0.0191	0.100	0.150	0.100	0.100	0.00690	0.100	0.100	0.120	0.100	0.300	0.0800	0	0.00437
220	1591.12	1.84252e-04	3.06	1.45	0.193	0.0191	0.100	0.150	0.100	0.100	0.00736	0.100	0.100	0.120	0.100	0.300	0.0800	0	0.00488
221	1593.86	1.8602e-04	3.06	1.45	0.193	0.0191	0.100	0.150	0.100	0.100	0.00736	0.100	0.100	0.120	0.100	0.300	0.0800	0	0.00517
222	1596.59	1.87943e-04	3.06	1.45	0.193	0.0190	0.100	0.150	0.100	0.100	0.00737	0.100	0.100	0.120	0.100	0.300	0.0800	0	0.00550
223	1599.32	1.89727e-04	3.06	1.45	0.193	0.0190	0.100	0.150	0.100	0.100	0.00737	0.100	0.100	0.120	0.100	0.300	0.0800	0	0.00527
224	1602.05	1.91582e-04	3.08	1.46	0.193	0.0190	0.100	0.150	0.100	0.100	0.00751	0.100	0.100	0.120	0.100	0.300	0.0800	0	0.00495
225	1604.77	1.93449e-04	3.10	1.48	0.193	0.0189	0.100	0.150	0.100	0.100	0.00752	0.100	0.100	0.120	0.100	0.300	0.0800	0	0.00533
226	1607.48	1.95476e-04	3.13	1.49	0.193	0.0189	0.100	0.150	0.100	0.100	0.00752	0.100	0.100	0.120	0.100	0.300	0.0800	0	0.00468
227	1610.19	1.97403e-04	3.16	1.50	0.193	0.0189	0.100	0.150	0.100	0.100	0.00736	0.100	0.100	0.120	0.100	0.300	0.0800	0	0.00560
228	1612.90	1.99653e-04	3.16	1.50	0.193	0.0188	0.100	0.150	0.100	0.100	0.00737	0.100	0.100	0.120	0.100	0.300	0.0800	0	0.00492
229	1615.60	2.01635e-04	3.16	1.50	0.193	0.0188	0.100	0.150	0.100	0.100	0.00737	0.100	0.100	0.120	0.100	0.300	0.0800	0	0.00560
230	1618.29	2.03873e-04	3.16	1.50	0.193	0.0188	0.100	0.150	0.100	0.100	0.00738	0.100	0.100	0.120	0.100	0.300	0.0800	0	0.00522
231	1620.98	2.06264e-04	3.16	1.50	0.193	0.0188	0.100	0.150	0.100	0.100	0.00747	0.100	0.100	0.120	0.100	0.300	0.0800	0	0.00556
232	1623.66	2.08867e-04	3.16	1.50	0.193	0.0187	0.100	0.150	0.100	0.100	0.00747	0.100	0.100	0.120	0.100	0.300	0.0800	0	0.00527
233	1626.34	2.11534e-04	3.16	1.50	0.193	0.0187	0.100	0.150	0.100	0.100	0.00747	0.100	0.100	0.120	0.100	0.300	0.0800	0	0.00539
234	1629.01	2.14737e-04	3.16	1.50	0.193	0.0187	0.100	0.150	0.100	0.100	0.00748	0.100	0.100	0.120	0.100	0.300	0.0800	0	0.00553
235	1631.68	2.18316e-04	3.16	1.50	0.193	0.0186	0.100	0.150	0.100	0.100	0.00794	0.100	0.100	0.120	0.100	0.300	0.0800	0	0.00692
236	1634.34	2.22307e-04	3.16	1.50	0.193	0.0186	0.100	0.150	0.100	0.100	0.00795	0.100	0.100	0.120	0.100	0.300	0.0800	0	0.00615
237	1637.00	2.27301e-04	3.16	1.50	0.193	0.0186	0.100	0.150	0.100	0.100	0.00795	0.100	0.100	0.120	0.100	0.300	0.0800	0	0.00707
238	1639.65	2.34052e-04	3.16	1.50	0.193	0.0185	0.100	0.150	0.100	0.100	0.00795	0.100	0.100	0.120	0.100	0.300	0.0800	0	0.00593
239	1642.30	2.42663e-04	3.16	1.50	0.193	0.0185	0.100	0.150	0.100	0.100	0.00838	0.100	0.100	0.120	0.100	0.300	0.0800	0	0.00649
240	1644.94	2.54434e-04	3.16	1.50	0.193	0.0185	0.100	0.150	0.100	0.100	0.00838	0.100	0.100	0.120	0.100	0.300	0.0800	0	0.00649
241	1647.57	2.71204e-04	3.16	1.50	0.193	0.0185	0.100	0.150	0.100	0.100	0.00839	0.100	0.100	0.120	0.100	0.300	0.0800	0	0.00688
242	1650.20	2.94051e-04	3.18	1.50	0.193	0.0184	0.100	0.250	0.100	0.100	0.00781	0.100	0.100	0.120	0.100	0.300	0.0800	0	0.00766
243	1652.82	3.25131e-04	3.18	1.50	0.193	0.0184	0.100	0.250	0.100	0.100	0.00781	0.100	0.100	0.120	0.100	0.300	0.0800	0	0.0101
244	1655.44	3.66228e-04	3.18	1.50	0.193	0.0184	0.100	0.250	0.100	0.100	0.00781	0.100	0.100	0.120	0.100	0.300	0.0800	0	0.0110
245	1658.06	4.19713e-04	3.18	1.50	0.193	0.0183	0.100	0.250	0.100	0.100	0.00782	0.100	0.100	0.120	0.100	0.300	0.0800	0	0.0117
246	1660.66	4.84434e-04	3.18	1.50	0.193	0.0183	0.100	0.250	0.100	0.100	0.00831	0.100	0.100	0.120	0.100	0.300	0.0800	0	0.0126
247	1663.27	5.63336e-04	3.18	1.50	0.193	0.0183	0.100	0.250	0.100	0.100	0.00831	0.100	0.100	0.120	0.100	0.300	0.0800	0	0.0145
248	1665.86	6.57404e-04	3.19	1.50	0.193	0.0182	0.100	0.250	0.100	0.100	0.00831	0.100	0.100	0.120	0.100	0.300	0.0800	0	0.0171
249	1668.45	7.66778e-04	3.19	1.50	0.193	0.0182	0.100	0.250	0.100	0.100	0.00832	0.100	0.100	0.120	0.100	0.300	0.0800	0	0.0193
250	1671.04	8.91778e-04	3.19	1.50	0.193	0.0182	0.100	0.250	0.100	0.100	0.00942	0.100	0.100	0.120	0.100	0.300	0.0800	0	0.0212
251	1673.62	1.03329e-03	3.19	1.50	0.193	0.0182	0.100	0.250	0.100	0.100	0.00942	0.100	0.100	0.120	0.100	0.300	0.0800	0	0.0265
252	1676.20	1.1943e-03	3.19	1.50	0.193	0.0181	0.100	0.250	0.100	0.100	0.00943	0.100	0.100	0.120	0.100	0.300	0.0800	0	0.0298
253	1678.76	1.37309e-03	3.19	1.50	0.193	0.0181	0.100	0.250	0.100	0.100	0.00943	0.100	0.100	0.120	0.100	0.300	0.0800	0	0.0351
254	1681.33	1.57459e-03	3.19	1.50	0.193	0.0181	0.100	0.250	0.100	0.100	0.00760	0.100	0.100	0.120	0.100	0.300	0.0800	0	0.0379
255	1683.89	1.80619e-03	3.19	1.50	0.193	0.0181	0.100	0.250	0.100	0.100	0.00760	0.100	0.100	0.120	0.100	0.300	0.0800	0	0.0443
