# hypstar_220261_radcal_E_200904_swir.dat																			
# Calibrated by Joel Kuusk, Tartu Observatory, University of Tartu, 2020-09-04																			
#																			
# Applied corrections:																			
# nonlinearity	hypstar_220261_nonlin_corr_coefs_200903.dat																		
# wavelength	hypstar_220261_wl_coefs_200910.dat																		
# thermal	none																		
# stray light	none																		
#																			
# E [mW m-2 nm-1] = DN / inttime_ms * 1000 * cal_coef																			
# Pixel counting starts from 0																			
#																			
# px	wl	cal_coef	u_cal_coef(k=2)	u_lamp(k=1)	u_aging(k=1)	u_power(k=1)	u_align_lamp(k=1)	u_panel(k=1)	u_interp_panel(k=1)	u_align_panel(k=1)	u_wl_source(k=1)	u_lab_stray(k=1)	u_panel_backrefl(k=1)	u_dist(k=1)	u_align(k=1)	u_temp(k=1)	u_lin(k=1)	u_stray(k=1)	u_typeA(k=1)
0	873.70	1.44447e-01	1.63	0.613	0.0485	0.0348	0.100	0	0	0	0.00169	0.100	0	0.400	0.100	0.300	0.0450	0	0.0717
1	877.35	5.86354e-02	1.63	0.613	0.0485	0.0346	0.100	0	0	0	0.00133	0.100	0	0.400	0.100	0.300	0.0450	0	0.0277
2	881.00	3.36181e-02	1.63	0.613	0.0485	0.0345	0.100	0	0	0	0.000967	0.100	0	0.400	0.100	0.300	0.0450	0	0.0161
3	884.64	2.58658e-02	1.63	0.613	0.0485	0.0344	0.100	0	0	0	0.000600	0.100	0	0.400	0.100	0.300	0.0450	0	0.0134
4	888.28	2.33817e-02	1.63	0.613	0.0485	0.0342	0.100	0	0	0	0.000229	0.100	0	0.400	0.100	0.300	0.0450	0	0.0125
5	891.92	2.2259e-02	1.63	0.613	0.0485	0.0341	0.100	0	0	0	0.000145	0.100	0	0.400	0.100	0.300	0.0450	0	0.0106
6	895.55	2.14124e-02	1.63	0.613	0.0485	0.0339	0.100	0	0	0	0.000522	0.100	0	0.400	0.100	0.300	0.0450	0	0.0106
7	899.18	2.05968e-02	1.63	0.613	0.0485	0.0338	0.100	0	0	0	0.000902	0.100	0	0.400	0.100	0.300	0.0450	0	0.00954
8	902.81	1.97143e-02	3.67	1.76	0.0485	0.0337	0.100	0	0	0	0.000676	0.100	0	0.400	0.100	0.300	0.0450	0	0.0100
9	906.43	1.89082e-02	3.67	1.76	0.0485	0.0335	0.100	0	0	0	0.000486	0.100	0	0.400	0.100	0.300	0.0450	0	0.0101
10	910.05	1.7933e-02	3.67	1.76	0.0485	0.0334	0.100	0	0	0	0.000299	0.100	0	0.400	0.100	0.300	0.0450	0	0.00916
11	913.67	1.6726e-02	3.67	1.76	0.0485	0.0333	0.100	0	0	0	0.000115	0.100	0	0.400	0.100	0.300	0.0450	0	0.00849
12	917.28	1.52684e-02	3.67	1.76	0.0485	0.0331	0.100	0	0	0	0.0000659	0.100	0	0.400	0.100	0.300	0.0450	0	0.00712
13	920.89	1.37774e-02	3.67	1.76	0.0485	0.0330	0.100	0	0	0	0.000244	0.100	0	0.400	0.100	0.300	0.0450	0	0.00706
14	924.49	1.26275e-02	3.67	1.76	0.0485	0.0329	0.100	0	0	0	0.000419	0.100	0	0.400	0.100	0.300	0.0450	0	0.00664
15	928.10	1.19114e-02	3.67	1.76	0.0485	0.0328	0.100	0	0	0	0.000591	0.100	0	0.400	0.100	0.300	0.0450	0	0.00670
16	931.69	1.14501e-02	3.67	1.76	0.0485	0.0326	0.100	0	0	0	0.000760	0.100	0	0.400	0.100	0.300	0.0450	0	0.00540
17	935.29	1.1105e-02	3.67	1.76	0.0485	0.0325	0.100	0	0	0	0.000926	0.100	0	0.400	0.100	0.300	0.0450	0	0.00647
18	938.88	1.0861e-02	3.67	1.76	0.0485	0.0324	0.100	0	0	0	0.00109	0.100	0	0.400	0.100	0.300	0.0450	0	0.00506
19	942.46	1.06668e-02	3.67	1.76	0.0485	0.0323	0.100	0	0	0	0.00125	0.100	0	0.400	0.100	0.300	0.0450	0	0.00540
20	946.05	1.04896e-02	3.67	1.76	0.0485	0.0321	0.100	0	0	0	0.00141	0.100	0	0.400	0.100	0.300	0.0450	0	0.00553
21	949.63	1.0291e-02	3.67	1.76	0.0485	0.0320	0.100	0	0	0	0.00156	0.100	0	0.400	0.100	0.300	0.0450	0	0.00503
22	953.20	1.00914e-02	3.67	1.76	0.0485	0.0319	0.100	0	0	0	0.00172	0.100	0	0.400	0.100	0.300	0.0450	0	0.00593
23	956.78	9.91114e-03	3.67	1.76	0.0485	0.0318	0.100	0	0	0	0.00187	0.100	0	0.400	0.100	0.300	0.0450	0	0.00514
24	960.35	9.72259e-03	3.67	1.76	0.0485	0.0317	0.100	0	0	0	0.00202	0.100	0	0.400	0.100	0.300	0.0450	0	0.00506
25	963.91	9.51535e-03	3.67	1.76	0.0485	0.0315	0.100	0	0	0	0.00216	0.100	0	0.400	0.100	0.300	0.0450	0	0.00541
26	967.47	9.29893e-03	3.67	1.76	0.0485	0.0314	0.100	0	0	0	0.00230	0.100	0	0.400	0.100	0.300	0.0450	0	0.00532
27	971.03	9.10643e-03	3.67	1.76	0.0485	0.0313	0.100	0	0	0	0.00244	0.100	0	0.400	0.100	0.300	0.0450	0	0.00528
28	974.59	8.92141e-03	3.67	1.76	0.0485	0.0312	0.100	0	0	0	0.00258	0.100	0	0.400	0.100	0.300	0.0450	0	0.00502
29	978.14	8.72427e-03	3.67	1.76	0.0485	0.0311	0.100	0	0	0	0.00272	0.100	0	0.400	0.100	0.300	0.0450	0	0.00481
30	981.69	8.52379e-03	3.67	1.76	0.0485	0.0310	0.100	0	0	0	0.00285	0.100	0	0.400	0.100	0.300	0.0450	0	0.00431
31	985.23	8.3414e-03	3.67	1.76	0.0485	0.0309	0.100	0	0	0	0.00298	0.100	0	0.400	0.100	0.300	0.0450	0	0.00416
32	988.77	8.19468e-03	3.67	1.76	0.0485	0.0307	0.100	0	0	0	0.00311	0.100	0	0.400	0.100	0.300	0.0450	0	0.00462
33	992.31	8.06337e-03	3.67	1.76	0.0485	0.0306	0.100	0	0	0	0.00324	0.100	0	0.400	0.100	0.300	0.0450	0	0.00436
34	995.84	7.93895e-03	3.67	1.76	0.0485	0.0305	0.100	0	0	0	0.00337	0.100	0	0.400	0.100	0.300	0.0450	0	0.00443
35	999.37	7.79252e-03	3.67	1.76	0.0485	0.0304	0.100	0	0	0	0.00349	0.100	0	0.400	0.100	0.300	0.0450	0	0.00443
36	1002.90	7.68031e-03	3.55	1.69	0.0485	0.0303	0.100	0	0	0	0.00361	0.100	0	0.400	0.100	0.300	0.0450	0	0.00380
37	1006.42	7.5871e-03	3.41	1.62	0.0485	0.0302	0.100	0	0	0	0.00373	0.100	0	0.400	0.100	0.300	0.0450	0	0.00432
38	1009.94	7.52154e-03	3.27	1.55	0.0485	0.0301	0.100	0	0	0	0.00384	0.100	0	0.400	0.100	0.300	0.0450	0	0.00423
39	1013.46	7.44064e-03	3.27	1.54	0.0485	0.0300	0.100	0	0	0	0.00396	0.100	0	0.400	0.100	0.300	0.0450	0	0.00426
40	1016.97	7.36139e-03	3.27	1.54	0.0485	0.0299	0.100	0	0	0	0.00407	0.100	0	0.400	0.100	0.300	0.0450	0	0.00411
41	1020.48	7.2747e-03	3.27	1.54	0.0485	0.0298	0.100	0	0	0	0.00418	0.100	0	0.400	0.100	0.300	0.0450	0	0.00442
42	1023.98	7.21037e-03	3.27	1.54	0.0485	0.0297	0.100	0	0	0	0.00429	0.100	0	0.400	0.100	0.300	0.0450	0	0.00421
43	1027.48	7.16468e-03	3.27	1.54	0.0485	0.0296	0.100	0	0	0	0.00440	0.100	0	0.400	0.100	0.300	0.0450	0	0.00389
44	1030.98	7.12651e-03	3.27	1.54	0.0485	0.0295	0.100	0	0	0	0.00451	0.100	0	0.400	0.100	0.300	0.0450	0	0.00399
45	1034.47	7.08743e-03	3.27	1.54	0.0485	0.0294	0.100	0	0	0	0.00461	0.100	0	0.400	0.100	0.300	0.0450	0	0.00408
46	1037.97	7.02473e-03	3.27	1.54	0.0485	0.0293	0.100	0	0	0	0.00471	0.100	0	0.400	0.100	0.300	0.0450	0	0.00407
47	1041.45	6.97701e-03	3.27	1.54	0.0485	0.0292	0.100	0	0	0	0.00481	0.100	0	0.400	0.100	0.300	0.0450	0	0.00372
48	1044.94	6.94598e-03	3.27	1.54	0.0485	0.0291	0.100	0	0	0	0.00491	0.100	0	0.400	0.100	0.300	0.0450	0	0.00377
49	1048.42	6.93058e-03	3.27	1.54	0.0485	0.0290	0.100	0	0	0	0.00501	0.100	0	0.400	0.100	0.300	0.0450	0	0.00399
50	1051.89	6.91469e-03	3.27	1.54	0.0485	0.0289	0.100	0	0	0	0.00511	0.100	0	0.400	0.100	0.300	0.0450	0	0.00379
51	1055.36	6.88218e-03	3.27	1.54	0.0485	0.0288	0.100	0	0	0	0.00520	0.100	0	0.400	0.100	0.300	0.0450	0	0.00408
52	1058.83	6.8387e-03	3.27	1.54	0.0485	0.0287	0.100	0	0	0	0.00529	0.100	0	0.400	0.100	0.300	0.0450	0	0.00437
53	1062.30	6.79362e-03	3.27	1.54	0.0485	0.0286	0.100	0	0	0	0.00538	0.100	0	0.400	0.100	0.300	0.0450	0	0.00391
54	1065.76	6.7439e-03	3.27	1.54	0.0485	0.0285	0.100	0	0	0	0.00547	0.100	0	0.400	0.100	0.300	0.0450	0	0.00415
55	1069.22	6.70635e-03	3.27	1.54	0.0485	0.0284	0.100	0	0	0	0.00556	0.100	0	0.400	0.100	0.300	0.0450	0	0.00396
56	1072.67	6.66076e-03	3.27	1.54	0.0485	0.0283	0.100	0	0	0	0.00565	0.100	0	0.400	0.100	0.300	0.0450	0	0.00377
57	1076.12	6.59427e-03	3.27	1.54	0.0485	0.0282	0.100	0	0	0	0.00573	0.100	0	0.400	0.100	0.300	0.0450	0	0.00396
58	1079.57	6.51235e-03	3.27	1.54	0.0485	0.0282	0.100	0	0	0	0.00582	0.100	0	0.400	0.100	0.300	0.0450	0	0.00388
59	1083.02	6.42721e-03	3.27	1.54	0.0485	0.0281	0.100	0	0	0	0.00590	0.100	0	0.400	0.100	0.300	0.0450	0	0.00371
60	1086.46	6.34202e-03	3.27	1.54	0.0485	0.0280	0.100	0	0	0	0.00598	0.100	0	0.400	0.100	0.300	0.0450	0	0.00391
61	1089.89	6.23799e-03	3.27	1.54	0.0485	0.0279	0.100	0	0	0	0.00606	0.100	0	0.400	0.100	0.300	0.0450	0	0.00350
62	1093.33	6.13789e-03	3.21	1.52	0.0485	0.0278	0.100	0	0	0	0.00614	0.100	0	0.400	0.100	0.300	0.0450	0	0.00369
63	1096.75	6.05683e-03	3.15	1.48	0.0485	0.0277	0.100	0	0	0	0.00621	0.100	0	0.400	0.100	0.300	0.0450	0	0.00341
64	1100.18	5.95716e-03	3.10	1.46	0.0485	0.0276	0.100	0	0	0	0.00629	0.100	0	0.400	0.100	0.300	0.0450	0	0.00329
65	1103.60	5.86151e-03	3.10	1.46	0.0485	0.0275	0.100	0	0	0	0.00636	0.100	0	0.400	0.100	0.300	0.0450	0	0.00330
66	1107.02	5.76629e-03	3.10	1.46	0.0485	0.0275	0.100	0	0	0	0.00644	0.100	0	0.400	0.100	0.300	0.0450	0	0.00352
67	1110.44	5.68866e-03	3.10	1.46	0.0485	0.0274	0.100	0	0	0	0.00651	0.100	0	0.400	0.100	0.300	0.0450	0	0.00320
68	1113.85	5.62562e-03	3.10	1.46	0.0485	0.0273	0.100	0	0	0	0.00658	0.100	0	0.400	0.100	0.300	0.0450	0	0.00350
69	1117.25	5.57154e-03	3.10	1.46	0.0485	0.0272	0.100	0	0	0	0.00665	0.100	0	0.400	0.100	0.300	0.0450	0	0.00365
70	1120.66	5.52031e-03	3.10	1.46	0.0485	0.0271	0.100	0	0	0	0.00672	0.100	0	0.400	0.100	0.300	0.0450	0	0.00363
71	1124.06	5.46751e-03	3.10	1.46	0.0485	0.0270	0.100	0	0	0	0.00679	0.100	0	0.400	0.100	0.300	0.0450	0	0.00358
72	1127.45	5.41549e-03	3.10	1.46	0.0485	0.0270	0.100	0	0	0	0.00685	0.100	0	0.400	0.100	0.300	0.0450	0	0.00313
73	1130.85	5.37944e-03	3.10	1.46	0.0485	0.0269	0.100	0	0	0	0.00692	0.100	0	0.400	0.100	0.300	0.0450	0	0.00356
74	1134.24	5.3538e-03	3.10	1.46	0.0485	0.0268	0.100	0	0	0	0.00698	0.100	0	0.400	0.100	0.300	0.0450	0	0.00341
75	1137.62	5.3506e-03	3.10	1.46	0.0485	0.0267	0.100	0	0	0	0.00704	0.100	0	0.400	0.100	0.300	0.0450	0	0.00320
76	1141.00	5.3596e-03	3.10	1.45	0.0485	0.0266	0.100	0	0	0	0.00711	0.100	0	0.400	0.100	0.300	0.0450	0	0.00317
77	1144.38	5.37503e-03	3.09	1.45	0.0485	0.0266	0.100	0	0	0	0.00717	0.100	0	0.400	0.100	0.300	0.0450	0	0.00297
78	1147.76	5.39008e-03	3.09	1.45	0.0485	0.0265	0.100	0	0	0	0.00723	0.100	0	0.400	0.100	0.300	0.0450	0	0.00368
79	1151.13	5.39336e-03	3.08	1.44	0.0485	0.0264	0.100	0	0	0	0.00729	0.100	0	0.400	0.100	0.300	0.0450	0	0.00307
80	1154.49	5.39205e-03	3.08	1.44	0.0485	0.0263	0.100	0	0	0	0.00735	0.100	0	0.400	0.100	0.300	0.0450	0	0.00336
81	1157.86	5.39162e-03	3.08	1.44	0.0485	0.0263	0.100	0	0	0	0.00740	0.100	0	0.400	0.100	0.300	0.0450	0	0.00332
82	1161.22	5.39195e-03	3.08	1.44	0.0485	0.0262	0.100	0	0	0	0.00746	0.100	0	0.400	0.100	0.300	0.0450	0	0.00317
83	1164.57	5.39949e-03	3.08	1.44	0.0485	0.0261	0.100	0	0	0	0.00751	0.100	0	0.400	0.100	0.300	0.0450	0	0.00360
84	1167.93	5.40956e-03	3.08	1.44	0.0485	0.0260	0.100	0	0	0	0.00757	0.100	0	0.400	0.100	0.300	0.0450	0	0.00339
85	1171.28	5.40918e-03	3.08	1.44	0.0485	0.0260	0.100	0	0	0	0.00762	0.100	0	0.400	0.100	0.300	0.0450	0	0.00317
86	1174.62	5.3888e-03	3.08	1.44	0.0485	0.0259	0.100	0	0	0	0.00768	0.100	0	0.400	0.100	0.300	0.0450	0	0.00309
87	1177.96	5.36251e-03	3.08	1.44	0.0485	0.0258	0.100	0	0	0	0.00773	0.100	0	0.400	0.100	0.300	0.0450	0	0.00331
88	1181.30	5.31953e-03	3.08	1.44	0.0485	0.0257	0.100	0	0	0	0.00778	0.100	0	0.400	0.100	0.300	0.0450	0	0.00359
89	1184.63	5.2694e-03	3.08	1.44	0.0485	0.0257	0.100	0	0	0	0.00783	0.100	0	0.400	0.100	0.300	0.0450	0	0.00368
90	1187.96	5.21227e-03	3.08	1.44	0.0485	0.0256	0.100	0	0	0	0.00788	0.100	0	0.400	0.100	0.300	0.0450	0	0.00345
91	1191.29	5.15842e-03	3.08	1.44	0.0485	0.0255	0.100	0	0	0	0.00793	0.100	0	0.400	0.100	0.300	0.0450	0	0.00370
92	1194.61	5.10375e-03	3.08	1.44	0.0485	0.0254	0.100	0	0	0	0.00798	0.100	0	0.400	0.100	0.300	0.0450	0	0.00314
93	1197.93	5.04525e-03	3.08	1.44	0.0485	0.0254	0.100	0	0	0	0.00802	0.100	0	0.400	0.100	0.300	0.0450	0	0.00360
94	1201.25	4.99479e-03	3.08	1.44	0.0485	0.0253	0.100	0	0	0	0.00807	0.100	0	0.400	0.100	0.300	0.0450	0	0.00344
95	1204.56	4.95263e-03	3.08	1.44	0.0485	0.0252	0.100	0	0	0	0.00812	0.100	0	0.400	0.100	0.300	0.0450	0	0.00368
96	1207.86	4.91649e-03	3.08	1.44	0.0485	0.0252	0.100	0	0	0	0.00816	0.100	0	0.400	0.100	0.300	0.0450	0	0.00319
97	1211.17	4.89353e-03	3.08	1.44	0.0485	0.0251	0.100	0	0	0	0.00821	0.100	0	0.400	0.100	0.300	0.0450	0	0.00330
98	1214.47	4.87675e-03	3.08	1.44	0.0485	0.0250	0.100	0	0	0	0.00825	0.100	0	0.400	0.100	0.300	0.0450	0	0.00321
99	1217.76	4.86493e-03	3.08	1.44	0.0485	0.0250	0.100	0	0	0	0.00829	0.100	0	0.400	0.100	0.300	0.0450	0	0.00341
100	1221.06	4.85785e-03	3.08	1.44	0.0485	0.0249	0.100	0	0	0	0.00834	0.100	0	0.400	0.100	0.300	0.0450	0	0.00315
101	1224.34	4.84076e-03	3.08	1.44	0.0485	0.0248	0.100	0	0	0	0.00838	0.100	0	0.400	0.100	0.300	0.0450	0	0.00340
102	1227.63	4.8166e-03	3.08	1.44	0.0485	0.0248	0.100	0	0	0	0.00842	0.100	0	0.400	0.100	0.300	0.0450	0	0.00324
103	1230.91	4.79785e-03	3.08	1.44	0.0485	0.0247	0.100	0	0	0	0.00846	0.100	0	0.400	0.100	0.300	0.0450	0	0.00359
104	1234.19	4.77264e-03	3.08	1.44	0.0485	0.0246	0.100	0	0	0	0.00850	0.100	0	0.400	0.100	0.300	0.0450	0	0.00313
105	1237.46	4.74918e-03	3.08	1.44	0.0485	0.0246	0.100	0	0	0	0.00854	0.100	0	0.400	0.100	0.300	0.0450	0	0.00326
106	1240.73	4.73748e-03	3.08	1.44	0.0485	0.0245	0.100	0	0	0	0.00858	0.100	0	0.400	0.100	0.300	0.0450	0	0.00341
107	1244.00	4.73541e-03	3.08	1.44	0.0485	0.0244	0.100	0	0	0	0.00862	0.100	0	0.400	0.100	0.300	0.0450	0	0.00317
108	1247.26	4.73792e-03	3.08	1.44	0.0485	0.0244	0.100	0	0	0	0.00866	0.100	0	0.400	0.100	0.300	0.0450	0	0.00332
109	1250.52	4.74152e-03	3.08	1.44	0.0485	0.0243	0.100	0	0	0	0.00869	0.100	0	0.400	0.100	0.300	0.0450	0	0.00351
110	1253.77	4.74432e-03	3.08	1.44	0.0485	0.0242	0.100	0	0	0	0.00873	0.100	0	0.400	0.100	0.300	0.0450	0	0.00344
111	1257.02	4.74205e-03	3.08	1.44	0.0485	0.0242	0.100	0	0	0	0.00877	0.100	0	0.400	0.100	0.300	0.0450	0	0.00317
112	1260.27	4.72954e-03	3.08	1.44	0.0485	0.0241	0.100	0	0	0	0.00880	0.100	0	0.400	0.100	0.300	0.0450	0	0.00349
113	1263.51	4.71019e-03	3.08	1.44	0.0485	0.0241	0.100	0	0	0	0.00884	0.100	0	0.400	0.100	0.300	0.0450	0	0.00357
114	1266.75	4.68572e-03	3.08	1.44	0.0485	0.0240	0.100	0	0	0	0.00887	0.100	0	0.400	0.100	0.300	0.0450	0	0.00350
115	1269.98	4.65064e-03	3.08	1.44	0.0485	0.0239	0.100	0	0	0	0.00891	0.100	0	0.400	0.100	0.300	0.0450	0	0.00355
116	1273.21	4.61905e-03	3.08	1.44	0.0485	0.0239	0.100	0	0	0	0.00894	0.100	0	0.400	0.100	0.300	0.0450	0	0.00341
117	1276.44	4.58951e-03	3.08	1.44	0.0485	0.0238	0.100	0	0	0	0.00898	0.100	0	0.400	0.100	0.300	0.0450	0	0.00307
118	1279.66	4.55709e-03	3.08	1.44	0.0485	0.0238	0.100	0	0	0	0.00901	0.100	0	0.400	0.100	0.300	0.0450	0	0.00326
119	1282.88	4.52827e-03	3.08	1.44	0.0485	0.0237	0.100	0	0	0	0.00904	0.100	0	0.400	0.100	0.300	0.0450	0	0.00349
120	1286.10	4.4946e-03	3.08	1.44	0.0485	0.0236	0.100	0	0	0	0.00907	0.100	0	0.400	0.100	0.300	0.0450	0	0.00324
121	1289.31	4.46269e-03	3.08	1.44	0.0485	0.0236	0.100	0	0	0	0.00911	0.100	0	0.400	0.100	0.300	0.0450	0	0.00351
122	1292.51	4.42978e-03	3.08	1.44	0.0485	0.0235	0.100	0	0	0	0.00914	0.100	0	0.400	0.100	0.300	0.0450	0	0.00340
123	1295.72	4.40116e-03	3.08	1.44	0.0485	0.0235	0.100	0	0	0	0.00917	0.100	0	0.400	0.100	0.300	0.0450	0	0.00317
124	1298.92	4.36921e-03	3.08	1.44	0.0485	0.0234	0.100	0	0	0	0.00920	0.100	0	0.400	0.100	0.300	0.0450	0	0.00343
125	1302.11	4.34307e-03	3.08	1.44	0.0485	0.0233	0.100	0	0	0	0.00923	0.100	0	0.400	0.100	0.300	0.0450	0	0.00319
126	1305.30	4.31732e-03	3.08	1.44	0.0485	0.0233	0.100	0	0	0	0.00926	0.100	0	0.400	0.100	0.300	0.0450	0	0.00387
127	1308.49	4.29657e-03	3.08	1.44	0.0485	0.0232	0.100	0	0	0	0.00929	0.100	0	0.400	0.100	0.300	0.0450	0	0.00319
128	1311.67	4.28134e-03	3.08	1.44	0.0485	0.0232	0.100	0	0	0	0.00932	0.100	0	0.400	0.100	0.300	0.0450	0	0.00309
129	1314.85	4.26776e-03	3.08	1.44	0.0485	0.0231	0.100	0	0	0	0.00935	0.100	0	0.400	0.100	0.300	0.0450	0	0.00317
130	1318.03	4.2561e-03	3.08	1.44	0.0485	0.0231	0.100	0	0	0	0.00938	0.100	0	0.400	0.100	0.300	0.0450	0	0.00342
131	1321.20	4.24009e-03	3.08	1.44	0.0485	0.0230	0.100	0	0	0	0.00940	0.100	0	0.400	0.100	0.300	0.0450	0	0.00313
132	1324.36	4.22002e-03	3.08	1.44	0.0485	0.0230	0.100	0	0	0	0.00943	0.100	0	0.400	0.100	0.300	0.0450	0	0.00302
133	1327.53	4.19983e-03	3.08	1.44	0.0485	0.0229	0.100	0	0	0	0.00946	0.100	0	0.400	0.100	0.300	0.0450	0	0.00296
134	1330.69	4.17456e-03	3.08	1.44	0.0485	0.0228	0.100	0	0	0	0.00949	0.100	0	0.400	0.100	0.300	0.0450	0	0.00303
135	1333.84	4.15533e-03	3.08	1.44	0.0485	0.0228	0.100	0	0	0	0.00951	0.100	0	0.400	0.100	0.300	0.0450	0	0.00330
136	1336.99	4.12606e-03	3.08	1.44	0.0485	0.0227	0.100	0	0	0	0.00954	0.100	0	0.400	0.100	0.300	0.0450	0	0.00320
137	1340.14	4.10742e-03	3.08	1.44	0.0485	0.0227	0.100	0	0	0	0.00957	0.100	0	0.400	0.100	0.300	0.0450	0	0.00335
138	1343.28	4.1039e-03	3.08	1.44	0.0485	0.0226	0.100	0	0	0	0.00959	0.100	0	0.400	0.100	0.300	0.0450	0	0.00339
139	1346.42	4.10729e-03	3.08	1.44	0.0485	0.0226	0.100	0	0	0	0.00962	0.100	0	0.400	0.100	0.300	0.0450	0	0.00275
140	1349.55	4.1314e-03	3.08	1.44	0.0485	0.0225	0.100	0	0	0	0.00964	0.100	0	0.400	0.100	0.300	0.0450	0	0.00373
141	1352.68	4.17975e-03	3.08	1.44	0.0485	0.0225	0.100	0	0	0	0.00967	0.100	0	0.400	0.100	0.300	0.0450	0	0.00319
142	1355.81	4.22807e-03	3.08	1.44	0.0485	0.0224	0.100	0	0	0	0.00969	0.100	0	0.400	0.100	0.300	0.0450	0	0.00284
143	1358.93	4.28103e-03	3.08	1.44	0.0485	0.0224	0.100	0	0	0	0.00972	0.100	0	0.400	0.100	0.300	0.0450	0	0.00331
144	1362.05	4.31448e-03	3.08	1.44	0.0485	0.0223	0.100	0	0	0	0.00974	0.100	0	0.400	0.100	0.300	0.0450	0	0.00380
145	1365.16	4.32172e-03	3.08	1.44	0.0485	0.0223	0.100	0	0	0	0.00977	0.100	0	0.400	0.100	0.300	0.0450	0	0.00340
146	1368.27	4.31831e-03	3.08	1.44	0.0485	0.0222	0.100	0	0	0	0.00979	0.100	0	0.400	0.100	0.300	0.0450	0	0.00329
147	1371.38	4.32078e-03	3.08	1.44	0.0485	0.0222	0.100	0	0	0	0.00981	0.100	0	0.400	0.100	0.300	0.0450	0	0.00370
148	1374.48	4.36332e-03	3.08	1.44	0.0485	0.0221	0.100	0	0	0	0.00984	0.100	0	0.400	0.100	0.300	0.0450	0	0.00355
149	1377.58	4.45609e-03	3.08	1.44	0.0485	0.0221	0.100	0	0	0	0.00986	0.100	0	0.400	0.100	0.300	0.0450	0	0.00356
150	1380.67	4.55287e-03	3.08	1.44	0.0485	0.0220	0.100	0	0	0	0.00988	0.100	0	0.400	0.100	0.300	0.0450	0	0.00345
151	1383.76	4.59688e-03	3.08	1.44	0.0485	0.0220	0.100	0	0	0	0.00990	0.100	0	0.400	0.100	0.300	0.0450	0	0.00379
152	1386.84	4.57461e-03	3.08	1.44	0.0485	0.0219	0.100	0	0	0	0.00993	0.100	0	0.400	0.100	0.300	0.0450	0	0.00346
153	1389.92	4.56886e-03	3.08	1.44	0.0485	0.0219	0.100	0	0	0	0.00995	0.100	0	0.400	0.100	0.300	0.0450	0	0.00344
154	1393.00	4.57021e-03	3.10	1.45	0.0485	0.0218	0.100	0	0	0	0.00997	0.100	0	0.400	0.100	0.300	0.0450	0	0.00402
155	1396.07	4.58553e-03	3.12	1.46	0.0485	0.0218	0.100	0	0	0	0.00999	0.100	0	0.400	0.100	0.300	0.0450	0	0.00350
156	1399.14	4.57441e-03	3.13	1.47	0.0485	0.0217	0.100	0	0	0	0.0100	0.100	0	0.400	0.100	0.300	0.0450	0	0.00347
157	1402.20	4.56171e-03	3.14	1.48	0.0485	0.0217	0.100	0	0	0	0.0100	0.100	0	0.400	0.100	0.300	0.0450	0	0.00389
158	1405.26	4.54575e-03	3.14	1.48	0.0485	0.0216	0.100	0	0	0	0.0101	0.100	0	0.400	0.100	0.300	0.0450	0	0.00399
159	1408.31	4.52296e-03	3.15	1.48	0.0485	0.0216	0.100	0	0	0	0.0101	0.100	0	0.400	0.100	0.300	0.0450	0	0.00340
160	1411.36	4.50136e-03	3.15	1.48	0.0485	0.0215	0.100	0	0	0	0.0101	0.100	0	0.400	0.100	0.300	0.0450	0	0.00391
161	1414.41	4.47582e-03	3.15	1.48	0.0485	0.0215	0.100	0	0	0	0.0101	0.100	0	0.400	0.100	0.300	0.0450	0	0.00374
162	1417.45	4.44975e-03	3.15	1.48	0.0485	0.0214	0.100	0	0	0	0.0101	0.100	0	0.400	0.100	0.300	0.0450	0	0.00369
163	1420.48	4.43985e-03	3.15	1.48	0.0485	0.0214	0.100	0	0	0	0.0102	0.100	0	0.400	0.100	0.300	0.0450	0	0.00395
164	1423.52	4.42244e-03	3.15	1.48	0.0485	0.0214	0.100	0	0	0	0.0102	0.100	0	0.400	0.100	0.300	0.0450	0	0.00364
165	1426.55	4.41056e-03	3.15	1.48	0.0485	0.0213	0.100	0	0	0	0.0102	0.100	0	0.400	0.100	0.300	0.0450	0	0.00375
166	1429.57	4.40516e-03	3.15	1.48	0.0485	0.0213	0.100	0	0	0	0.0102	0.100	0	0.400	0.100	0.300	0.0450	0	0.00423
167	1432.59	4.39572e-03	3.15	1.48	0.0485	0.0212	0.100	0	0	0	0.0102	0.100	0	0.400	0.100	0.300	0.0450	0	0.00348
168	1435.60	4.39134e-03	3.15	1.48	0.0485	0.0212	0.100	0	0	0	0.0103	0.100	0	0.400	0.100	0.300	0.0450	0	0.00360
169	1438.61	4.38295e-03	3.15	1.48	0.0485	0.0211	0.100	0	0	0	0.0103	0.100	0	0.400	0.100	0.300	0.0450	0	0.00353
170	1441.62	4.38222e-03	3.14	1.47	0.0485	0.0211	0.100	0	0	0	0.0103	0.100	0	0.400	0.100	0.300	0.0450	0	0.00409
171	1444.62	4.37096e-03	3.12	1.46	0.0485	0.0210	0.100	0	0	0	0.0103	0.100	0	0.400	0.100	0.300	0.0450	0	0.00375
172	1447.62	4.36901e-03	3.10	1.45	0.0485	0.0210	0.100	0	0	0	0.0103	0.100	0	0.400	0.100	0.300	0.0450	0	0.00349
173	1450.61	4.36895e-03	3.09	1.45	0.0485	0.0210	0.100	0	0	0	0.0103	0.100	0	0.400	0.100	0.300	0.0450	0	0.00405
174	1453.60	4.36588e-03	3.12	1.47	0.0485	0.0209	0.100	0	0	0	0.0104	0.100	0	0.400	0.100	0.300	0.0450	0	0.00362
175	1456.58	4.37598e-03	3.16	1.48	0.0485	0.0209	0.100	0	0	0	0.0104	0.100	0	0.400	0.100	0.300	0.0450	0	0.00361
176	1459.56	4.38503e-03	3.19	1.50	0.0485	0.0208	0.100	0	0	0	0.0104	0.100	0	0.400	0.100	0.300	0.0450	0	0.00325
177	1462.53	4.40154e-03	3.20	1.51	0.0485	0.0208	0.100	0	0	0	0.0104	0.100	0	0.400	0.100	0.300	0.0450	0	0.00400
178	1465.50	4.41562e-03	3.20	1.51	0.0485	0.0207	0.100	0	0	0	0.0104	0.100	0	0.400	0.100	0.300	0.0450	0	0.00401
179	1468.47	4.4314e-03	3.20	1.51	0.0485	0.0207	0.100	0	0	0	0.0104	0.100	0	0.400	0.100	0.300	0.0450	0	0.00398
180	1471.43	4.44328e-03	3.20	1.51	0.0485	0.0207	0.100	0	0	0	0.0105	0.100	0	0.400	0.100	0.300	0.0450	0	0.00440
181	1474.39	4.46085e-03	3.20	1.51	0.0485	0.0206	0.100	0	0	0	0.0105	0.100	0	0.400	0.100	0.300	0.0450	0	0.00419
182	1477.34	4.46963e-03	3.20	1.51	0.0485	0.0206	0.100	0	0	0	0.0105	0.100	0	0.400	0.100	0.300	0.0450	0	0.00413
183	1480.28	4.48168e-03	3.20	1.51	0.0485	0.0205	0.100	0	0	0	0.0105	0.100	0	0.400	0.100	0.300	0.0450	0	0.00426
184	1483.23	4.49041e-03	3.20	1.51	0.0485	0.0205	0.100	0	0	0	0.0105	0.100	0	0.400	0.100	0.300	0.0450	0	0.00411
185	1486.16	4.5005e-03	3.20	1.51	0.0485	0.0205	0.100	0	0	0	0.0105	0.100	0	0.400	0.100	0.300	0.0450	0	0.00415
186	1489.10	4.51347e-03	3.19	1.51	0.0485	0.0204	0.100	0	0	0	0.0106	0.100	0	0.400	0.100	0.300	0.0450	0	0.00411
187	1492.02	4.52684e-03	3.19	1.50	0.0485	0.0204	0.100	0	0	0	0.0106	0.100	0	0.400	0.100	0.300	0.0450	0	0.00383
188	1494.95	4.54005e-03	3.18	1.50	0.0485	0.0203	0.100	0	0	0	0.0106	0.100	0	0.400	0.100	0.300	0.0450	0	0.00384
189	1497.87	4.56066e-03	3.17	1.49	0.0485	0.0203	0.100	0	0	0	0.0106	0.100	0	0.400	0.100	0.300	0.0450	0	0.00387
190	1500.78	4.57399e-03	3.17	1.49	0.0485	0.0203	0.100	0	0	0	0.0106	0.100	0	0.400	0.100	0.300	0.0450	0	0.00375
191	1503.69	4.59628e-03	3.17	1.49	0.0485	0.0202	0.100	0	0	0	0.0106	0.100	0	0.400	0.100	0.300	0.0450	0	0.00405
192	1506.59	4.6171e-03	3.17	1.49	0.0485	0.0202	0.100	0	0	0	0.0106	0.100	0	0.400	0.100	0.300	0.0450	0	0.00362
193	1509.49	4.63513e-03	3.17	1.49	0.0485	0.0201	0.100	0	0	0	0.0107	0.100	0	0.400	0.100	0.300	0.0450	0	0.00441
194	1512.39	4.65801e-03	3.17	1.49	0.0485	0.0201	0.100	0	0	0	0.0107	0.100	0	0.400	0.100	0.300	0.0450	0	0.00407
195	1515.28	4.68632e-03	3.17	1.49	0.0485	0.0201	0.100	0	0	0	0.0107	0.100	0	0.400	0.100	0.300	0.0450	0	0.00430
196	1518.16	4.70315e-03	3.17	1.49	0.0485	0.0200	0.100	0	0	0	0.0107	0.100	0	0.400	0.100	0.300	0.0450	0	0.00426
197	1521.05	4.7234e-03	3.17	1.49	0.0485	0.0200	0.100	0	0	0	0.0107	0.100	0	0.400	0.100	0.300	0.0450	0	0.00448
198	1523.92	4.74375e-03	3.17	1.49	0.0485	0.0199	0.100	0	0	0	0.0107	0.100	0	0.400	0.100	0.300	0.0450	0	0.00419
199	1526.79	4.76524e-03	3.17	1.49	0.0485	0.0199	0.100	0	0	0	0.0107	0.100	0	0.400	0.100	0.300	0.0450	0	0.00494
200	1529.66	4.78737e-03	3.17	1.49	0.0485	0.0199	0.100	0	0	0	0.0108	0.100	0	0.400	0.100	0.300	0.0450	0	0.00426
201	1532.52	4.81276e-03	3.17	1.49	0.0485	0.0198	0.100	0	0	0	0.0108	0.100	0	0.400	0.100	0.300	0.0450	0	0.00482
202	1535.38	4.83104e-03	3.17	1.49	0.0485	0.0198	0.100	0	0	0	0.0108	0.100	0	0.400	0.100	0.300	0.0450	0	0.00493
203	1538.23	4.85808e-03	3.17	1.49	0.0485	0.0198	0.100	0	0	0	0.0108	0.100	0	0.400	0.100	0.300	0.0450	0	0.00432
204	1541.07	4.8871e-03	3.16	1.49	0.0485	0.0197	0.100	0	0	0	0.0108	0.100	0	0.400	0.100	0.300	0.0450	0	0.00464
205	1543.91	4.90904e-03	3.14	1.48	0.0485	0.0197	0.100	0	0	0	0.0108	0.100	0	0.400	0.100	0.300	0.0450	0	0.00428
206	1546.75	4.94015e-03	3.12	1.47	0.0485	0.0197	0.100	0	0	0	0.0108	0.100	0	0.400	0.100	0.300	0.0450	0	0.00428
207	1549.58	4.97296e-03	3.10	1.46	0.0485	0.0196	0.100	0	0	0	0.0108	0.100	0	0.400	0.100	0.300	0.0450	0	0.00424
208	1552.41	4.99943e-03	3.10	1.46	0.0485	0.0196	0.100	0	0	0	0.0109	0.100	0	0.400	0.100	0.300	0.0450	0	0.00421
209	1555.23	5.02227e-03	3.10	1.46	0.0485	0.0195	0.100	0	0	0	0.0109	0.100	0	0.400	0.100	0.300	0.0450	0	0.00463
210	1558.05	5.05071e-03	3.10	1.46	0.0485	0.0195	0.100	0	0	0	0.0109	0.100	0	0.400	0.100	0.300	0.0450	0	0.00504
211	1560.86	5.08293e-03	3.10	1.46	0.0485	0.0195	0.100	0	0	0	0.0109	0.100	0	0.400	0.100	0.300	0.0450	0	0.00437
212	1563.67	5.11068e-03	3.10	1.46	0.0485	0.0194	0.100	0	0	0	0.0109	0.100	0	0.400	0.100	0.300	0.0450	0	0.00459
213	1566.47	5.1443e-03	3.10	1.46	0.0485	0.0194	0.100	0	0	0	0.0109	0.100	0	0.400	0.100	0.300	0.0450	0	0.00539
214	1569.26	5.16891e-03	3.10	1.46	0.0485	0.0194	0.100	0	0	0	0.0109	0.100	0	0.400	0.100	0.300	0.0450	0	0.00516
215	1572.05	5.19977e-03	3.10	1.46	0.0485	0.0193	0.100	0	0	0	0.0109	0.100	0	0.400	0.100	0.300	0.0450	0	0.00469
216	1574.84	5.23672e-03	3.10	1.46	0.0485	0.0193	0.100	0	0	0	0.0109	0.100	0	0.400	0.100	0.300	0.0450	0	0.00409
217	1577.62	5.27374e-03	3.10	1.46	0.0485	0.0193	0.100	0	0	0	0.0109	0.100	0	0.400	0.100	0.300	0.0450	0	0.00505
218	1580.40	5.30541e-03	3.10	1.46	0.0485	0.0192	0.100	0	0	0	0.0110	0.100	0	0.400	0.100	0.300	0.0450	0	0.00494
219	1583.17	5.34915e-03	3.10	1.46	0.0485	0.0192	0.100	0	0	0	0.0110	0.100	0	0.400	0.100	0.300	0.0450	0	0.00533
220	1585.93	5.39838e-03	3.10	1.46	0.0485	0.0192	0.100	0	0	0	0.0110	0.100	0	0.400	0.100	0.300	0.0450	0	0.00514
221	1588.69	5.44088e-03	3.10	1.46	0.0485	0.0191	0.100	0	0	0	0.0110	0.100	0	0.400	0.100	0.300	0.0450	0	0.00542
222	1591.45	5.486e-03	3.10	1.45	0.0485	0.0191	0.100	0	0	0	0.0110	0.100	0	0.400	0.100	0.300	0.0450	0	0.00492
223	1594.20	5.5335e-03	3.10	1.45	0.0485	0.0191	0.100	0	0	0	0.0110	0.100	0	0.400	0.100	0.300	0.0450	0	0.00531
224	1596.94	5.58374e-03	3.09	1.45	0.0485	0.0190	0.100	0	0	0	0.0110	0.100	0	0.400	0.100	0.300	0.0450	0	0.00599
225	1599.68	5.63118e-03	3.09	1.45	0.0485	0.0190	0.100	0	0	0	0.0110	0.100	0	0.400	0.100	0.300	0.0450	0	0.00531
226	1602.41	5.68804e-03	3.12	1.46	0.0485	0.0190	0.100	0	0	0	0.0110	0.100	0	0.400	0.100	0.300	0.0450	0	0.00578
227	1605.14	5.74259e-03	3.14	1.48	0.0485	0.0189	0.100	0	0	0	0.0110	0.100	0	0.400	0.100	0.300	0.0450	0	0.00569
228	1607.87	5.79778e-03	3.17	1.49	0.0485	0.0189	0.100	0	0	0	0.0110	0.100	0	0.400	0.100	0.300	0.0450	0	0.00549
229	1610.58	5.84003e-03	3.19	1.50	0.0485	0.0189	0.100	0	0	0	0.0110	0.100	0	0.400	0.100	0.300	0.0450	0	0.00563
230	1613.30	5.89629e-03	3.19	1.50	0.0485	0.0188	0.100	0	0	0	0.0111	0.100	0	0.400	0.100	0.300	0.0450	0	0.00621
231	1616.00	5.95684e-03	3.19	1.50	0.0485	0.0188	0.100	0	0	0	0.0111	0.100	0	0.400	0.100	0.300	0.0450	0	0.00615
232	1618.71	6.01701e-03	3.19	1.50	0.0485	0.0188	0.100	0	0	0	0.0111	0.100	0	0.400	0.100	0.300	0.0450	0	0.00640
233	1621.40	6.07969e-03	3.19	1.50	0.0485	0.0187	0.100	0	0	0	0.0111	0.100	0	0.400	0.100	0.300	0.0450	0	0.00663
234	1624.09	6.15685e-03	3.19	1.50	0.0485	0.0187	0.100	0	0	0	0.0111	0.100	0	0.400	0.100	0.300	0.0450	0	0.00650
235	1626.78	6.23847e-03	3.19	1.50	0.0485	0.0187	0.100	0	0	0	0.0111	0.100	0	0.400	0.100	0.300	0.0450	0	0.00599
236	1629.46	6.32208e-03	3.19	1.50	0.0485	0.0187	0.100	0	0	0	0.0111	0.100	0	0.400	0.100	0.300	0.0450	0	0.00605
237	1632.13	6.42007e-03	3.19	1.50	0.0485	0.0186	0.100	0	0	0	0.0111	0.100	0	0.400	0.100	0.300	0.0450	0	0.00712
238	1634.80	6.55214e-03	3.19	1.50	0.0485	0.0186	0.100	0	0	0	0.0111	0.100	0	0.400	0.100	0.300	0.0450	0	0.00655
239	1637.47	6.69562e-03	3.19	1.50	0.0485	0.0186	0.100	0	0	0	0.0111	0.100	0	0.400	0.100	0.300	0.0450	0	0.00757
240	1640.12	6.88323e-03	3.19	1.50	0.0485	0.0185	0.100	0	0	0	0.0111	0.100	0	0.400	0.100	0.300	0.0450	0	0.00773
241	1642.78	7.14901e-03	3.19	1.50	0.0485	0.0185	0.100	0	0	0	0.0111	0.100	0	0.400	0.100	0.300	0.0450	0	0.00758
242	1645.42	7.5151e-03	3.19	1.50	0.0485	0.0185	0.100	0	0	0	0.0111	0.100	0	0.400	0.100	0.300	0.0450	0	0.00749
243	1648.06	8.01677e-03	3.19	1.50	0.0485	0.0184	0.100	0	0	0	0.0111	0.100	0	0.400	0.100	0.300	0.0450	0	0.00702
244	1650.70	8.71708e-03	3.19	1.50	0.0485	0.0184	0.100	0	0	0	0.0111	0.100	0	0.400	0.100	0.300	0.0450	0	0.00802
245	1653.33	9.69655e-03	3.19	1.50	0.0485	0.0184	0.100	0	0	0	0.0111	0.100	0	0.400	0.100	0.300	0.0450	0	0.00935
246	1655.95	1.09443e-02	3.19	1.50	0.0485	0.0184	0.100	0	0	0	0.0111	0.100	0	0.400	0.100	0.300	0.0450	0	0.0112
247	1658.57	1.2547e-02	3.19	1.50	0.0485	0.0183	0.100	0	0	0	0.0112	0.100	0	0.400	0.100	0.300	0.0450	0	0.0119
248	1661.19	1.45511e-02	3.19	1.50	0.0485	0.0183	0.100	0	0	0	0.0112	0.100	0	0.400	0.100	0.300	0.0450	0	0.0146
249	1663.79	1.70035e-02	3.19	1.50	0.0485	0.0183	0.100	0	0	0	0.0112	0.100	0	0.400	0.100	0.300	0.0450	0	0.0165
250	1666.39	1.98933e-02	3.19	1.50	0.0485	0.0182	0.100	0	0	0	0.0112	0.100	0	0.400	0.100	0.300	0.0450	0	0.0194
251	1668.99	2.32428e-02	3.19	1.50	0.0485	0.0182	0.100	0	0	0	0.0112	0.100	0	0.400	0.100	0.300	0.0450	0	0.0233
252	1671.58	2.71005e-02	3.19	1.50	0.0485	0.0182	0.100	0	0	0	0.0112	0.100	0	0.400	0.100	0.300	0.0450	0	0.0265
253	1674.16	3.14619e-02	3.19	1.50	0.0485	0.0182	0.100	0	0	0	0.0112	0.100	0	0.400	0.100	0.300	0.0450	0	0.0334
254	1676.74	3.63189e-02	3.19	1.50	0.0485	0.0181	0.100	0	0	0	0.0112	0.100	0	0.400	0.100	0.300	0.0450	0	0.0363
255	1679.31	4.19444e-02	3.19	1.50	0.0485	0.0181	0.100	0	0	0	0.0112	0.100	0	0.400	0.100	0.300	0.0450	0	0.0456
