# hypstar_220261_radcal_E_220104_swir.dat
# File was created 2022-01-06 16:08:49 UTC
#
# Calibrated by Joel Kuusk, Tartu Observatory, University of Tartu, 2022-01-04
#
# Applied corrections:
# nonlinearity	hypstar_220261_nonlin_corr_coefs_220105.dat
# wavelength	hypstar_220261_wl_coefs_220105.dat
# thermal	none
# stray light	none
#
# E [mW m-2 nm-1] = DN / inttime_ms * 1000 * cal_coef
# Pixel counting starts from 0
#
# px	wl	cal_coef	u_cal_coef(k=2)	u_lamp(k=1)	u_aging(k=1)	u_power(k=1)	u_align_lamp(k=1)	u_panel(k=1)	u_interp_panel(k=1)	u_align_panel(k=1)	u_wl_source(k=1)	u_lab_stray(k=1)	u_panel_backrefl(k=1)	u_dist(k=1)	u_align(k=1)	u_temp(k=1)	u_lin(k=1)	u_stray(k=1)	u_typeA(k=1)
0	875.48	8.88255e-02	1.69	0.613	0.130	0.0347	0.100	0	0	0	0.000433	0.100	0	0.440	0.100	0.300	0.0800	0	0.0430
1	879.12	4.2447e-02	1.69	0.613	0.130	0.0346	0.100	0	0	0	0.000330	0.100	0	0.440	0.100	0.300	0.0800	0	0.0202
2	882.76	2.84683e-02	1.69	0.613	0.130	0.0344	0.100	0	0	0	0.000226	0.100	0	0.440	0.100	0.300	0.0800	0	0.0129
3	886.40	2.41344e-02	1.69	0.613	0.130	0.0343	0.100	0	0	0	0.000120	0.100	0	0.440	0.100	0.300	0.0800	0	0.0110
4	890.03	2.25715e-02	1.69	0.613	0.130	0.0342	0.100	0	0	0	0.0000141	0.100	0	0.440	0.100	0.300	0.0800	0	0.0117
5	893.66	2.16533e-02	1.69	0.613	0.130	0.0340	0.100	0	0	0	0.0000930	0.100	0	0.440	0.100	0.300	0.0800	0	0.0109
6	897.29	2.08281e-02	1.69	0.613	0.130	0.0339	0.100	0	0	0	0.000201	0.100	0	0.440	0.100	0.300	0.0800	0	0.0117
7	900.91	1.99439e-02	3.70	1.76	0.130	0.0337	0.100	0	0	0	0.000222	0.100	0	0.440	0.100	0.300	0.0800	0	0.0104
8	904.53	1.91621e-02	3.70	1.76	0.130	0.0336	0.100	0	0	0	0.000167	0.100	0	0.440	0.100	0.300	0.0800	0	0.00935
9	908.15	1.82971e-02	3.70	1.76	0.130	0.0335	0.100	0	0	0	0.000113	0.100	0	0.440	0.100	0.300	0.0800	0	0.00962
10	911.76	1.72425e-02	3.70	1.76	0.130	0.0333	0.100	0	0	0	0.0000604	0.100	0	0.440	0.100	0.300	0.0800	0	0.00924
11	915.37	1.59051e-02	3.70	1.76	0.130	0.0332	0.100	0	0	0	0.00000835	0.100	0	0.440	0.100	0.300	0.0800	0	0.00863
12	918.98	1.43903e-02	3.70	1.76	0.130	0.0331	0.100	0	0	0	0.0000429	0.100	0	0.440	0.100	0.300	0.0800	0	0.00711
13	922.58	1.30543e-02	3.70	1.76	0.130	0.0330	0.100	0	0	0	0.0000933	0.100	0	0.440	0.100	0.300	0.0800	0	0.00647
14	926.18	1.21295e-02	3.70	1.76	0.130	0.0328	0.100	0	0	0	0.000143	0.100	0	0.440	0.100	0.300	0.0800	0	0.00674
15	929.78	1.15648e-02	3.70	1.76	0.130	0.0327	0.100	0	0	0	0.000192	0.100	0	0.440	0.100	0.300	0.0800	0	0.00619
16	933.37	1.11694e-02	3.70	1.76	0.130	0.0326	0.100	0	0	0	0.000239	0.100	0	0.440	0.100	0.300	0.0800	0	0.00613
17	936.96	1.087e-02	3.70	1.76	0.130	0.0324	0.100	0	0	0	0.000287	0.100	0	0.440	0.100	0.300	0.0800	0	0.00666
18	940.55	1.06632e-02	3.70	1.76	0.130	0.0323	0.100	0	0	0	0.000333	0.100	0	0.440	0.100	0.300	0.0800	0	0.00577
19	944.13	1.04815e-02	3.70	1.76	0.130	0.0322	0.100	0	0	0	0.000378	0.100	0	0.440	0.100	0.300	0.0800	0	0.00589
20	947.71	1.02971e-02	3.70	1.76	0.130	0.0321	0.100	0	0	0	0.000423	0.100	0	0.440	0.100	0.300	0.0800	0	0.00603
21	951.29	1.0103e-02	3.70	1.76	0.130	0.0320	0.100	0	0	0	0.000467	0.100	0	0.440	0.100	0.300	0.0800	0	0.00531
22	954.86	9.91412e-03	3.70	1.76	0.130	0.0318	0.100	0	0	0	0.000511	0.100	0	0.440	0.100	0.300	0.0800	0	0.00535
23	958.43	9.7348e-03	3.70	1.76	0.130	0.0317	0.100	0	0	0	0.000553	0.100	0	0.440	0.100	0.300	0.0800	0	0.00516
24	962.00	9.53525e-03	3.70	1.76	0.130	0.0316	0.100	0	0	0	0.000595	0.100	0	0.440	0.100	0.300	0.0800	0	0.00520
25	965.56	9.32642e-03	3.70	1.76	0.130	0.0315	0.100	0	0	0	0.000636	0.100	0	0.440	0.100	0.300	0.0800	0	0.00508
26	969.12	9.12241e-03	3.70	1.76	0.130	0.0314	0.100	0	0	0	0.000677	0.100	0	0.440	0.100	0.300	0.0800	0	0.00532
27	972.68	8.93978e-03	3.70	1.76	0.130	0.0313	0.100	0	0	0	0.000717	0.100	0	0.440	0.100	0.300	0.0800	0	0.00475
28	976.23	8.75397e-03	3.70	1.76	0.130	0.0311	0.100	0	0	0	0.000756	0.100	0	0.440	0.100	0.300	0.0800	0	0.00471
29	979.78	8.55043e-03	3.70	1.76	0.130	0.0310	0.100	0	0	0	0.000794	0.100	0	0.440	0.100	0.300	0.0800	0	0.00516
30	983.33	8.35935e-03	3.70	1.76	0.130	0.0309	0.100	0	0	0	0.000832	0.100	0	0.440	0.100	0.300	0.0800	0	0.00500
31	986.87	8.19638e-03	3.70	1.76	0.130	0.0308	0.100	0	0	0	0.000870	0.100	0	0.440	0.100	0.300	0.0800	0	0.00468
32	990.41	8.06223e-03	3.70	1.76	0.130	0.0307	0.100	0	0	0	0.000906	0.100	0	0.440	0.100	0.300	0.0800	0	0.00448
33	993.95	7.93147e-03	3.70	1.76	0.130	0.0306	0.100	0	0	0	0.000942	0.100	0	0.440	0.100	0.300	0.0800	0	0.00424
34	997.48	7.80325e-03	3.70	1.76	0.130	0.0305	0.100	0	0	0	0.000978	0.100	0	0.440	0.100	0.300	0.0800	0	0.00496
35	1001.01	7.66421e-03	3.66	1.73	0.130	0.0304	0.100	0	0	0	0.00101	0.100	0	0.440	0.100	0.300	0.0800	0	0.00457
36	1004.54	7.56874e-03	3.52	1.66	0.130	0.0303	0.100	0	0	0	0.00105	0.100	0	0.440	0.100	0.300	0.0800	0	0.00443
37	1008.06	7.48944e-03	3.38	1.59	0.130	0.0302	0.100	0	0	0	0.00108	0.100	0	0.440	0.100	0.300	0.0800	0	0.00490
38	1011.58	7.42382e-03	3.30	1.54	0.130	0.0301	0.100	0	0	0	0.00111	0.100	0	0.440	0.100	0.300	0.0800	0	0.00421
39	1015.09	7.33669e-03	3.30	1.54	0.130	0.0299	0.100	0	0	0	0.00115	0.100	0	0.440	0.100	0.300	0.0800	0	0.00469
40	1018.60	7.25586e-03	3.30	1.54	0.130	0.0298	0.100	0	0	0	0.00118	0.100	0	0.440	0.100	0.300	0.0800	0	0.00444
41	1022.11	7.17819e-03	3.30	1.54	0.130	0.0297	0.100	0	0	0	0.00121	0.100	0	0.440	0.100	0.300	0.0800	0	0.00459
42	1025.62	7.12632e-03	3.30	1.54	0.130	0.0296	0.100	0	0	0	0.00124	0.100	0	0.440	0.100	0.300	0.0800	0	0.00442
43	1029.12	7.08591e-03	3.30	1.54	0.130	0.0295	0.100	0	0	0	0.00127	0.100	0	0.440	0.100	0.300	0.0800	0	0.00422
44	1032.62	7.04467e-03	3.30	1.54	0.130	0.0294	0.100	0	0	0	0.00130	0.100	0	0.440	0.100	0.300	0.0800	0	0.00465
45	1036.11	7.00054e-03	3.30	1.54	0.130	0.0293	0.100	0	0	0	0.00133	0.100	0	0.440	0.100	0.300	0.0800	0	0.00455
46	1039.60	6.93918e-03	3.30	1.54	0.130	0.0292	0.100	0	0	0	0.00136	0.100	0	0.440	0.100	0.300	0.0800	0	0.00416
47	1043.09	6.90249e-03	3.30	1.54	0.130	0.0291	0.100	0	0	0	0.00139	0.100	0	0.440	0.100	0.300	0.0800	0	0.00424
48	1046.58	6.88177e-03	3.30	1.54	0.130	0.0290	0.100	0	0	0	0.00142	0.100	0	0.440	0.100	0.300	0.0800	0	0.00395
49	1050.06	6.86646e-03	3.30	1.54	0.130	0.0290	0.100	0	0	0	0.00144	0.100	0	0.440	0.100	0.300	0.0800	0	0.00408
50	1053.53	6.84321e-03	3.30	1.54	0.130	0.0289	0.100	0	0	0	0.00147	0.100	0	0.440	0.100	0.300	0.0800	0	0.00421
51	1057.01	6.80097e-03	3.30	1.54	0.130	0.0288	0.100	0	0	0	0.00150	0.100	0	0.440	0.100	0.300	0.0800	0	0.00405
52	1060.48	6.75599e-03	3.30	1.54	0.130	0.0287	0.100	0	0	0	0.00152	0.100	0	0.440	0.100	0.300	0.0800	0	0.00451
53	1063.95	6.7135e-03	3.30	1.54	0.130	0.0286	0.100	0	0	0	0.00155	0.100	0	0.440	0.100	0.300	0.0800	0	0.00449
54	1067.41	6.66731e-03	3.30	1.54	0.130	0.0285	0.100	0	0	0	0.00158	0.100	0	0.440	0.100	0.300	0.0800	0	0.00430
55	1070.87	6.62797e-03	3.30	1.54	0.130	0.0284	0.100	0	0	0	0.00160	0.100	0	0.440	0.100	0.300	0.0800	0	0.00412
56	1074.32	6.5741e-03	3.30	1.54	0.130	0.0283	0.100	0	0	0	0.00163	0.100	0	0.440	0.100	0.300	0.0800	0	0.00416
57	1077.78	6.49868e-03	3.30	1.54	0.130	0.0282	0.100	0	0	0	0.00165	0.100	0	0.440	0.100	0.300	0.0800	0	0.00416
58	1081.23	6.41275e-03	3.30	1.54	0.130	0.0281	0.100	0	0	0	0.00167	0.100	0	0.440	0.100	0.300	0.0800	0	0.00460
59	1084.67	6.33082e-03	3.30	1.54	0.130	0.0280	0.100	0	0	0	0.00170	0.100	0	0.440	0.100	0.300	0.0800	0	0.00450
60	1088.11	6.24424e-03	3.30	1.54	0.130	0.0279	0.100	0	0	0	0.00172	0.100	0	0.440	0.100	0.300	0.0800	0	0.00411
61	1091.55	6.13671e-03	3.28	1.53	0.130	0.0279	0.100	0	0	0	0.00174	0.100	0	0.440	0.100	0.300	0.0800	0	0.00435
62	1094.99	6.04323e-03	3.22	1.50	0.130	0.0278	0.100	0	0	0	0.00176	0.100	0	0.440	0.100	0.300	0.0800	0	0.00372
63	1098.42	5.9611e-03	3.16	1.47	0.130	0.0277	0.100	0	0	0	0.00179	0.100	0	0.440	0.100	0.300	0.0800	0	0.00395
64	1101.85	5.86043e-03	3.13	1.46	0.130	0.0276	0.100	0	0	0	0.00181	0.100	0	0.440	0.100	0.300	0.0800	0	0.00402
65	1105.27	5.76785e-03	3.13	1.46	0.130	0.0275	0.100	0	0	0	0.00183	0.100	0	0.440	0.100	0.300	0.0800	0	0.00375
66	1108.69	5.67829e-03	3.13	1.46	0.130	0.0274	0.100	0	0	0	0.00185	0.100	0	0.440	0.100	0.300	0.0800	0	0.00380
67	1112.11	5.60836e-03	3.13	1.46	0.130	0.0273	0.100	0	0	0	0.00187	0.100	0	0.440	0.100	0.300	0.0800	0	0.00364
68	1115.52	5.54835e-03	3.13	1.46	0.130	0.0273	0.100	0	0	0	0.00189	0.100	0	0.440	0.100	0.300	0.0800	0	0.00388
69	1118.93	5.4953e-03	3.13	1.46	0.130	0.0272	0.100	0	0	0	0.00191	0.100	0	0.440	0.100	0.300	0.0800	0	0.00404
70	1122.34	5.43968e-03	3.13	1.46	0.130	0.0271	0.100	0	0	0	0.00193	0.100	0	0.440	0.100	0.300	0.0800	0	0.00395
71	1125.74	5.38893e-03	3.13	1.46	0.130	0.0270	0.100	0	0	0	0.00195	0.100	0	0.440	0.100	0.300	0.0800	0	0.00383
72	1129.14	5.34486e-03	3.13	1.46	0.130	0.0269	0.100	0	0	0	0.00197	0.100	0	0.440	0.100	0.300	0.0800	0	0.00370
73	1132.53	5.31652e-03	3.13	1.46	0.130	0.0268	0.100	0	0	0	0.00199	0.100	0	0.440	0.100	0.300	0.0800	0	0.00371
74	1135.92	5.29977e-03	3.13	1.46	0.130	0.0268	0.100	0	0	0	0.00200	0.100	0	0.440	0.100	0.300	0.0800	0	0.00402
75	1139.31	5.30468e-03	3.13	1.46	0.130	0.0267	0.100	0	0	0	0.00202	0.100	0	0.440	0.100	0.300	0.0800	0	0.00369
76	1142.70	5.31854e-03	3.13	1.45	0.130	0.0266	0.100	0	0	0	0.00204	0.100	0	0.440	0.100	0.300	0.0800	0	0.00401
77	1146.08	5.33195e-03	3.12	1.45	0.130	0.0265	0.100	0	0	0	0.00206	0.100	0	0.440	0.100	0.300	0.0800	0	0.00377
78	1149.45	5.34373e-03	3.12	1.45	0.130	0.0264	0.100	0	0	0	0.00207	0.100	0	0.440	0.100	0.300	0.0800	0	0.00390
79	1152.83	5.34869e-03	3.11	1.44	0.130	0.0264	0.100	0	0	0	0.00209	0.100	0	0.440	0.100	0.300	0.0800	0	0.00367
80	1156.20	5.34819e-03	3.11	1.44	0.130	0.0263	0.100	0	0	0	0.00211	0.100	0	0.440	0.100	0.300	0.0800	0	0.00384
81	1159.56	5.3504e-03	3.11	1.44	0.130	0.0262	0.100	0	0	0	0.00212	0.100	0	0.440	0.100	0.300	0.0800	0	0.00368
82	1162.92	5.35236e-03	3.11	1.44	0.130	0.0261	0.100	0	0	0	0.00214	0.100	0	0.440	0.100	0.300	0.0800	0	0.00425
83	1166.28	5.36172e-03	3.11	1.44	0.130	0.0261	0.100	0	0	0	0.00215	0.100	0	0.440	0.100	0.300	0.0800	0	0.00410
84	1169.64	5.36624e-03	3.11	1.44	0.130	0.0260	0.100	0	0	0	0.00217	0.100	0	0.440	0.100	0.300	0.0800	0	0.00374
85	1172.99	5.36261e-03	3.11	1.44	0.130	0.0259	0.100	0	0	0	0.00219	0.100	0	0.440	0.100	0.300	0.0800	0	0.00413
86	1176.34	5.33532e-03	3.11	1.44	0.130	0.0258	0.100	0	0	0	0.00220	0.100	0	0.440	0.100	0.300	0.0800	0	0.00386
87	1179.68	5.30237e-03	3.11	1.44	0.130	0.0258	0.100	0	0	0	0.00222	0.100	0	0.440	0.100	0.300	0.0800	0	0.00411
88	1183.02	5.25596e-03	3.11	1.44	0.130	0.0257	0.100	0	0	0	0.00223	0.100	0	0.440	0.100	0.300	0.0800	0	0.00405
89	1186.36	5.20583e-03	3.11	1.44	0.130	0.0256	0.100	0	0	0	0.00224	0.100	0	0.440	0.100	0.300	0.0800	0	0.00402
90	1189.69	5.148e-03	3.11	1.44	0.130	0.0256	0.100	0	0	0	0.00226	0.100	0	0.440	0.100	0.300	0.0800	0	0.00396
91	1193.02	5.09318e-03	3.11	1.44	0.130	0.0255	0.100	0	0	0	0.00227	0.100	0	0.440	0.100	0.300	0.0800	0	0.00426
92	1196.34	5.03975e-03	3.11	1.44	0.130	0.0254	0.100	0	0	0	0.00229	0.100	0	0.440	0.100	0.300	0.0800	0	0.00411
93	1199.66	4.98309e-03	3.11	1.44	0.130	0.0253	0.100	0	0	0	0.00230	0.100	0	0.440	0.100	0.300	0.0800	0	0.00426
94	1202.98	4.93549e-03	3.11	1.44	0.130	0.0253	0.100	0	0	0	0.00231	0.100	0	0.440	0.100	0.300	0.0800	0	0.00401
95	1206.29	4.89617e-03	3.11	1.44	0.130	0.0252	0.100	0	0	0	0.00233	0.100	0	0.440	0.100	0.300	0.0800	0	0.00393
96	1209.60	4.86664e-03	3.11	1.44	0.130	0.0251	0.100	0	0	0	0.00234	0.100	0	0.440	0.100	0.300	0.0800	0	0.00386
97	1212.91	4.84665e-03	3.11	1.44	0.130	0.0251	0.100	0	0	0	0.00235	0.100	0	0.440	0.100	0.300	0.0800	0	0.00346
98	1216.21	4.83355e-03	3.11	1.44	0.130	0.0250	0.100	0	0	0	0.00236	0.100	0	0.440	0.100	0.300	0.0800	0	0.00399
99	1219.51	4.82279e-03	3.11	1.44	0.130	0.0249	0.100	0	0	0	0.00238	0.100	0	0.440	0.100	0.300	0.0800	0	0.00413
100	1222.80	4.81282e-03	3.11	1.44	0.130	0.0249	0.100	0	0	0	0.00239	0.100	0	0.440	0.100	0.300	0.0800	0	0.00399
101	1226.09	4.79201e-03	3.11	1.44	0.130	0.0248	0.100	0	0	0	0.00240	0.100	0	0.440	0.100	0.300	0.0800	0	0.00419
102	1229.38	4.76618e-03	3.11	1.44	0.130	0.0247	0.100	0	0	0	0.00241	0.100	0	0.440	0.100	0.300	0.0800	0	0.00414
103	1232.66	4.74747e-03	3.11	1.44	0.130	0.0247	0.100	0	0	0	0.00242	0.100	0	0.440	0.100	0.300	0.0800	0	0.00409
104	1235.94	4.72535e-03	3.11	1.44	0.130	0.0246	0.100	0	0	0	0.00244	0.100	0	0.440	0.100	0.300	0.0800	0	0.00372
105	1239.21	4.70388e-03	3.11	1.44	0.130	0.0245	0.100	0	0	0	0.00245	0.100	0	0.440	0.100	0.300	0.0800	0	0.00396
106	1242.48	4.69715e-03	3.11	1.44	0.130	0.0245	0.100	0	0	0	0.00246	0.100	0	0.440	0.100	0.300	0.0800	0	0.00396
107	1245.75	4.69954e-03	3.11	1.44	0.130	0.0244	0.100	0	0	0	0.00247	0.100	0	0.440	0.100	0.300	0.0800	0	0.00389
108	1249.01	4.7061e-03	3.11	1.44	0.130	0.0243	0.100	0	0	0	0.00248	0.100	0	0.440	0.100	0.300	0.0800	0	0.00414
109	1252.27	4.70846e-03	3.11	1.44	0.130	0.0243	0.100	0	0	0	0.00249	0.100	0	0.440	0.100	0.300	0.0800	0	0.00395
110	1255.53	4.70608e-03	3.11	1.44	0.130	0.0242	0.100	0	0	0	0.00250	0.100	0	0.440	0.100	0.300	0.0800	0	0.00437
111	1258.78	4.70204e-03	3.11	1.44	0.130	0.0242	0.100	0	0	0	0.00251	0.100	0	0.440	0.100	0.300	0.0800	0	0.00411
112	1262.03	4.6834e-03	3.11	1.44	0.130	0.0241	0.100	0	0	0	0.00252	0.100	0	0.440	0.100	0.300	0.0800	0	0.00407
113	1265.27	4.66162e-03	3.11	1.44	0.130	0.0240	0.100	0	0	0	0.00253	0.100	0	0.440	0.100	0.300	0.0800	0	0.00380
114	1268.51	4.63272e-03	3.11	1.44	0.130	0.0240	0.100	0	0	0	0.00254	0.100	0	0.440	0.100	0.300	0.0800	0	0.00382
115	1271.74	4.59767e-03	3.11	1.44	0.130	0.0239	0.100	0	0	0	0.00255	0.100	0	0.440	0.100	0.300	0.0800	0	0.00400
116	1274.97	4.56611e-03	3.11	1.44	0.130	0.0238	0.100	0	0	0	0.00256	0.100	0	0.440	0.100	0.300	0.0800	0	0.00415
117	1278.20	4.5392e-03	3.11	1.44	0.130	0.0238	0.100	0	0	0	0.00257	0.100	0	0.440	0.100	0.300	0.0800	0	0.00411
118	1281.43	4.50802e-03	3.11	1.44	0.130	0.0237	0.100	0	0	0	0.00258	0.100	0	0.440	0.100	0.300	0.0800	0	0.00342
119	1284.64	4.47802e-03	3.11	1.44	0.130	0.0237	0.100	0	0	0	0.00259	0.100	0	0.440	0.100	0.300	0.0800	0	0.00448
120	1287.86	4.44646e-03	3.11	1.44	0.130	0.0236	0.100	0	0	0	0.00260	0.100	0	0.440	0.100	0.300	0.0800	0	0.00410
121	1291.07	4.41251e-03	3.11	1.44	0.130	0.0235	0.100	0	0	0	0.00261	0.100	0	0.440	0.100	0.300	0.0800	0	0.00429
122	1294.28	4.38083e-03	3.11	1.44	0.130	0.0235	0.100	0	0	0	0.00262	0.100	0	0.440	0.100	0.300	0.0800	0	0.00363
123	1297.48	4.35283e-03	3.11	1.44	0.130	0.0234	0.100	0	0	0	0.00262	0.100	0	0.440	0.100	0.300	0.0800	0	0.00375
124	1300.68	4.3247e-03	3.11	1.44	0.130	0.0234	0.100	0	0	0	0.00263	0.100	0	0.440	0.100	0.300	0.0800	0	0.00411
125	1303.88	4.29818e-03	3.11	1.44	0.130	0.0233	0.100	0	0	0	0.00264	0.100	0	0.440	0.100	0.300	0.0800	0	0.00391
126	1307.07	4.27729e-03	3.11	1.44	0.130	0.0233	0.100	0	0	0	0.00265	0.100	0	0.440	0.100	0.300	0.0800	0	0.00397
127	1310.25	4.25763e-03	3.11	1.44	0.130	0.0232	0.100	0	0	0	0.00266	0.100	0	0.440	0.100	0.300	0.0800	0	0.00394
128	1313.44	4.24675e-03	3.11	1.44	0.130	0.0231	0.100	0	0	0	0.00267	0.100	0	0.440	0.100	0.300	0.0800	0	0.00378
129	1316.61	4.23271e-03	3.11	1.44	0.130	0.0231	0.100	0	0	0	0.00268	0.100	0	0.440	0.100	0.300	0.0800	0	0.00376
130	1319.79	4.22308e-03	3.11	1.44	0.130	0.0230	0.100	0	0	0	0.00268	0.100	0	0.440	0.100	0.300	0.0800	0	0.00396
131	1322.96	4.20382e-03	3.11	1.44	0.130	0.0230	0.100	0	0	0	0.00269	0.100	0	0.440	0.100	0.300	0.0800	0	0.00393
132	1326.12	4.18512e-03	3.11	1.44	0.130	0.0229	0.100	0	0	0	0.00270	0.100	0	0.440	0.100	0.300	0.0800	0	0.00376
133	1329.29	4.16074e-03	3.11	1.44	0.130	0.0229	0.100	0	0	0	0.00271	0.100	0	0.440	0.100	0.300	0.0800	0	0.00398
134	1332.44	4.13595e-03	3.11	1.44	0.130	0.0228	0.100	0	0	0	0.00271	0.100	0	0.440	0.100	0.300	0.0800	0	0.00397
135	1335.60	4.11416e-03	3.11	1.44	0.130	0.0228	0.100	0	0	0	0.00272	0.100	0	0.440	0.100	0.300	0.0800	0	0.00389
136	1338.75	4.08941e-03	3.11	1.44	0.130	0.0227	0.100	0	0	0	0.00273	0.100	0	0.440	0.100	0.300	0.0800	0	0.00403
137	1341.89	4.07199e-03	3.11	1.44	0.130	0.0227	0.100	0	0	0	0.00274	0.100	0	0.440	0.100	0.300	0.0800	0	0.00379
138	1345.03	4.07188e-03	3.11	1.44	0.130	0.0226	0.100	0	0	0	0.00274	0.100	0	0.440	0.100	0.300	0.0800	0	0.00423
139	1348.17	4.07322e-03	3.11	1.44	0.130	0.0225	0.100	0	0	0	0.00275	0.100	0	0.440	0.100	0.300	0.0800	0	0.00383
140	1351.30	4.09273e-03	3.11	1.44	0.130	0.0225	0.100	0	0	0	0.00276	0.100	0	0.440	0.100	0.300	0.0800	0	0.00384
141	1354.43	4.12517e-03	3.11	1.44	0.130	0.0224	0.100	0	0	0	0.00277	0.100	0	0.440	0.100	0.300	0.0800	0	0.00362
142	1357.55	4.15393e-03	3.11	1.44	0.130	0.0224	0.100	0	0	0	0.00277	0.100	0	0.440	0.100	0.300	0.0800	0	0.00414
143	1360.67	4.18075e-03	3.11	1.44	0.130	0.0223	0.100	0	0	0	0.00278	0.100	0	0.440	0.100	0.300	0.0800	0	0.00394
144	1363.79	4.19778e-03	3.11	1.44	0.130	0.0223	0.100	0	0	0	0.00279	0.100	0	0.440	0.100	0.300	0.0800	0	0.00383
145	1366.90	4.20864e-03	3.11	1.44	0.130	0.0222	0.100	0	0	0	0.00279	0.100	0	0.440	0.100	0.300	0.0800	0	0.00374
146	1370.01	4.21973e-03	3.11	1.44	0.130	0.0222	0.100	0	0	0	0.00280	0.100	0	0.440	0.100	0.300	0.0800	0	0.00374
147	1373.11	4.25302e-03	3.11	1.44	0.130	0.0221	0.100	0	0	0	0.00281	0.100	0	0.440	0.100	0.300	0.0800	0	0.00355
148	1376.21	4.31721e-03	3.11	1.44	0.130	0.0221	0.100	0	0	0	0.00281	0.100	0	0.440	0.100	0.300	0.0800	0	0.00470
149	1379.30	4.40794e-03	3.11	1.44	0.130	0.0220	0.100	0	0	0	0.00282	0.100	0	0.440	0.100	0.300	0.0800	0	0.00400
150	1382.39	4.46588e-03	3.11	1.44	0.130	0.0220	0.100	0	0	0	0.00283	0.100	0	0.440	0.100	0.300	0.0800	0	0.00381
151	1385.48	4.48443e-03	3.11	1.44	0.130	0.0219	0.100	0	0	0	0.00283	0.100	0	0.440	0.100	0.300	0.0800	0	0.00401
152	1388.56	4.48294e-03	3.11	1.44	0.130	0.0219	0.100	0	0	0	0.00284	0.100	0	0.440	0.100	0.300	0.0800	0	0.00378
153	1391.63	4.48831e-03	3.12	1.45	0.130	0.0218	0.100	0	0	0	0.00285	0.100	0	0.440	0.100	0.300	0.0800	0	0.00426
154	1394.71	4.49305e-03	3.14	1.46	0.130	0.0218	0.100	0	0	0	0.00285	0.100	0	0.440	0.100	0.300	0.0800	0	0.00349
155	1397.77	4.49767e-03	3.16	1.47	0.130	0.0217	0.100	0	0	0	0.00286	0.100	0	0.440	0.100	0.300	0.0800	0	0.00426
156	1400.84	4.49126e-03	3.17	1.48	0.130	0.0217	0.100	0	0	0	0.00286	0.100	0	0.440	0.100	0.300	0.0800	0	0.00401
157	1403.90	4.48768e-03	3.17	1.48	0.130	0.0217	0.100	0	0	0	0.00287	0.100	0	0.440	0.100	0.300	0.0800	0	0.00421
158	1406.95	4.47294e-03	3.18	1.48	0.130	0.0216	0.100	0	0	0	0.00288	0.100	0	0.440	0.100	0.300	0.0800	0	0.00412
159	1410.00	4.46056e-03	3.18	1.48	0.130	0.0216	0.100	0	0	0	0.00288	0.100	0	0.440	0.100	0.300	0.0800	0	0.00416
160	1413.05	4.44044e-03	3.18	1.48	0.130	0.0215	0.100	0	0	0	0.00289	0.100	0	0.440	0.100	0.300	0.0800	0	0.00408
161	1416.09	4.4298e-03	3.18	1.48	0.130	0.0215	0.100	0	0	0	0.00289	0.100	0	0.440	0.100	0.300	0.0800	0	0.00448
162	1419.12	4.40715e-03	3.18	1.48	0.130	0.0214	0.100	0	0	0	0.00290	0.100	0	0.440	0.100	0.300	0.0800	0	0.00410
163	1422.15	4.40242e-03	3.18	1.48	0.130	0.0214	0.100	0	0	0	0.00291	0.100	0	0.440	0.100	0.300	0.0800	0	0.00445
164	1425.18	4.39359e-03	3.18	1.48	0.130	0.0213	0.100	0	0	0	0.00291	0.100	0	0.440	0.100	0.300	0.0800	0	0.00403
165	1428.20	4.38203e-03	3.18	1.48	0.130	0.0213	0.100	0	0	0	0.00292	0.100	0	0.440	0.100	0.300	0.0800	0	0.00460
166	1431.22	4.37925e-03	3.18	1.48	0.130	0.0212	0.100	0	0	0	0.00292	0.100	0	0.440	0.100	0.300	0.0800	0	0.00414
167	1434.24	4.36854e-03	3.18	1.48	0.130	0.0212	0.100	0	0	0	0.00293	0.100	0	0.440	0.100	0.300	0.0800	0	0.00437
168	1437.25	4.36638e-03	3.18	1.48	0.130	0.0212	0.100	0	0	0	0.00293	0.100	0	0.440	0.100	0.300	0.0800	0	0.00434
169	1440.25	4.36292e-03	3.18	1.48	0.130	0.0211	0.100	0	0	0	0.00294	0.100	0	0.440	0.100	0.300	0.0800	0	0.00423
170	1443.25	4.35697e-03	3.16	1.47	0.130	0.0211	0.100	0	0	0	0.00294	0.100	0	0.440	0.100	0.300	0.0800	0	0.00459
171	1446.25	4.35131e-03	3.14	1.46	0.130	0.0210	0.100	0	0	0	0.00295	0.100	0	0.440	0.100	0.300	0.0800	0	0.00409
172	1449.24	4.35169e-03	3.12	1.45	0.130	0.0210	0.100	0	0	0	0.00295	0.100	0	0.440	0.100	0.300	0.0800	0	0.00423
173	1452.22	4.35482e-03	3.14	1.46	0.130	0.0209	0.100	0	0	0	0.00296	0.100	0	0.440	0.100	0.300	0.0800	0	0.00492
174	1455.20	4.35706e-03	3.17	1.48	0.130	0.0209	0.100	0	0	0	0.00296	0.100	0	0.440	0.100	0.300	0.0800	0	0.00421
175	1458.18	4.36783e-03	3.21	1.49	0.130	0.0208	0.100	0	0	0	0.00297	0.100	0	0.440	0.100	0.300	0.0800	0	0.00445
176	1461.15	4.38118e-03	3.23	1.51	0.130	0.0208	0.100	0	0	0	0.00297	0.100	0	0.440	0.100	0.300	0.0800	0	0.00407
177	1464.12	4.39748e-03	3.23	1.51	0.130	0.0208	0.100	0	0	0	0.00298	0.100	0	0.440	0.100	0.300	0.0800	0	0.00457
178	1467.08	4.40871e-03	3.23	1.51	0.130	0.0207	0.100	0	0	0	0.00298	0.100	0	0.440	0.100	0.300	0.0800	0	0.00419
179	1470.04	4.42842e-03	3.24	1.51	0.130	0.0207	0.100	0	0	0	0.00299	0.100	0	0.440	0.100	0.300	0.0800	0	0.00425
180	1473.00	4.43912e-03	3.24	1.51	0.130	0.0206	0.100	0	0	0	0.00299	0.100	0	0.440	0.100	0.300	0.0800	0	0.00468
181	1475.94	4.45296e-03	3.24	1.51	0.130	0.0206	0.100	0	0	0	0.00300	0.100	0	0.440	0.100	0.300	0.0800	0	0.00436
182	1478.89	4.46947e-03	3.24	1.51	0.130	0.0206	0.100	0	0	0	0.00300	0.100	0	0.440	0.100	0.300	0.0800	0	0.00460
183	1481.83	4.47377e-03	3.23	1.51	0.130	0.0205	0.100	0	0	0	0.00301	0.100	0	0.440	0.100	0.300	0.0800	0	0.00462
184	1484.76	4.48425e-03	3.23	1.51	0.130	0.0205	0.100	0	0	0	0.00301	0.100	0	0.440	0.100	0.300	0.0800	0	0.00455
185	1487.69	4.50048e-03	3.23	1.51	0.130	0.0204	0.100	0	0	0	0.00301	0.100	0	0.440	0.100	0.300	0.0800	0	0.00428
186	1490.62	4.50808e-03	3.22	1.50	0.130	0.0204	0.100	0	0	0	0.00302	0.100	0	0.440	0.100	0.300	0.0800	0	0.00472
187	1493.54	4.52976e-03	3.22	1.50	0.130	0.0204	0.100	0	0	0	0.00302	0.100	0	0.440	0.100	0.300	0.0800	0	0.00478
188	1496.45	4.54781e-03	3.21	1.50	0.130	0.0203	0.100	0	0	0	0.00303	0.100	0	0.440	0.100	0.300	0.0800	0	0.00473
189	1499.36	4.56206e-03	3.20	1.49	0.130	0.0203	0.100	0	0	0	0.00303	0.100	0	0.440	0.100	0.300	0.0800	0	0.00476
190	1502.27	4.5819e-03	3.20	1.49	0.130	0.0202	0.100	0	0	0	0.00304	0.100	0	0.440	0.100	0.300	0.0800	0	0.00488
191	1505.17	4.60406e-03	3.20	1.49	0.130	0.0202	0.100	0	0	0	0.00304	0.100	0	0.440	0.100	0.300	0.0800	0	0.00489
192	1508.06	4.62023e-03	3.20	1.49	0.130	0.0202	0.100	0	0	0	0.00304	0.100	0	0.440	0.100	0.300	0.0800	0	0.00518
193	1510.95	4.64641e-03	3.20	1.49	0.130	0.0201	0.100	0	0	0	0.00305	0.100	0	0.440	0.100	0.300	0.0800	0	0.00541
194	1513.84	4.67032e-03	3.20	1.49	0.130	0.0201	0.100	0	0	0	0.00305	0.100	0	0.440	0.100	0.300	0.0800	0	0.00500
195	1516.72	4.69195e-03	3.20	1.49	0.130	0.0200	0.100	0	0	0	0.00306	0.100	0	0.440	0.100	0.300	0.0800	0	0.00508
196	1519.60	4.71562e-03	3.20	1.49	0.130	0.0200	0.100	0	0	0	0.00306	0.100	0	0.440	0.100	0.300	0.0800	0	0.00466
197	1522.47	4.73634e-03	3.20	1.49	0.130	0.0200	0.100	0	0	0	0.00306	0.100	0	0.440	0.100	0.300	0.0800	0	0.00489
198	1525.34	4.75188e-03	3.20	1.49	0.130	0.0199	0.100	0	0	0	0.00307	0.100	0	0.440	0.100	0.300	0.0800	0	0.00548
199	1528.20	4.77929e-03	3.20	1.49	0.130	0.0199	0.100	0	0	0	0.00307	0.100	0	0.440	0.100	0.300	0.0800	0	0.00501
200	1531.05	4.80055e-03	3.20	1.49	0.130	0.0199	0.100	0	0	0	0.00307	0.100	0	0.440	0.100	0.300	0.0800	0	0.00547
201	1533.90	4.82192e-03	3.20	1.49	0.130	0.0198	0.100	0	0	0	0.00308	0.100	0	0.440	0.100	0.300	0.0800	0	0.00493
202	1536.75	4.84646e-03	3.20	1.49	0.130	0.0198	0.100	0	0	0	0.00308	0.100	0	0.440	0.100	0.300	0.0800	0	0.00543
203	1539.59	4.87286e-03	3.20	1.49	0.130	0.0197	0.100	0	0	0	0.00309	0.100	0	0.440	0.100	0.300	0.0800	0	0.00499
204	1542.43	4.89937e-03	3.18	1.48	0.130	0.0197	0.100	0	0	0	0.00309	0.100	0	0.440	0.100	0.300	0.0800	0	0.00514
205	1545.26	4.92858e-03	3.16	1.47	0.130	0.0197	0.100	0	0	0	0.00309	0.100	0	0.440	0.100	0.300	0.0800	0	0.00493
206	1548.08	4.96037e-03	3.15	1.46	0.130	0.0196	0.100	0	0	0	0.00310	0.100	0	0.440	0.100	0.300	0.0800	0	0.00550
207	1550.90	4.98841e-03	3.13	1.46	0.130	0.0196	0.100	0	0	0	0.00310	0.100	0	0.440	0.100	0.300	0.0800	0	0.00491
208	1553.72	5.01785e-03	3.13	1.46	0.130	0.0196	0.100	0	0	0	0.00310	0.100	0	0.440	0.100	0.300	0.0800	0	0.00538
209	1556.53	5.04676e-03	3.13	1.46	0.130	0.0195	0.100	0	0	0	0.00310	0.100	0	0.440	0.100	0.300	0.0800	0	0.00529
210	1559.34	5.07125e-03	3.13	1.46	0.130	0.0195	0.100	0	0	0	0.00311	0.100	0	0.440	0.100	0.300	0.0800	0	0.00566
211	1562.14	5.10441e-03	3.13	1.46	0.130	0.0195	0.100	0	0	0	0.00311	0.100	0	0.440	0.100	0.300	0.0800	0	0.00537
212	1564.93	5.13459e-03	3.13	1.46	0.130	0.0194	0.100	0	0	0	0.00311	0.100	0	0.440	0.100	0.300	0.0800	0	0.00567
213	1567.72	5.16827e-03	3.13	1.46	0.130	0.0194	0.100	0	0	0	0.00312	0.100	0	0.440	0.100	0.300	0.0800	0	0.00577
214	1570.51	5.19454e-03	3.13	1.46	0.130	0.0194	0.100	0	0	0	0.00312	0.100	0	0.440	0.100	0.300	0.0800	0	0.00539
215	1573.29	5.23091e-03	3.13	1.46	0.130	0.0193	0.100	0	0	0	0.00312	0.100	0	0.440	0.100	0.300	0.0800	0	0.00550
216	1576.06	5.26295e-03	3.13	1.46	0.130	0.0193	0.100	0	0	0	0.00313	0.100	0	0.440	0.100	0.300	0.0800	0	0.00541
217	1578.83	5.29823e-03	3.13	1.46	0.130	0.0193	0.100	0	0	0	0.00313	0.100	0	0.440	0.100	0.300	0.0800	0	0.00555
218	1581.59	5.33825e-03	3.13	1.46	0.130	0.0192	0.100	0	0	0	0.00313	0.100	0	0.440	0.100	0.300	0.0800	0	0.00553
219	1584.35	5.38333e-03	3.13	1.46	0.130	0.0192	0.100	0	0	0	0.00313	0.100	0	0.440	0.100	0.300	0.0800	0	0.00561
220	1587.10	5.42811e-03	3.13	1.46	0.130	0.0192	0.100	0	0	0	0.00314	0.100	0	0.440	0.100	0.300	0.0800	0	0.00582
221	1589.85	5.48086e-03	3.13	1.46	0.130	0.0191	0.100	0	0	0	0.00314	0.100	0	0.440	0.100	0.300	0.0800	0	0.00563
222	1592.59	5.52993e-03	3.13	1.45	0.130	0.0191	0.100	0	0	0	0.00314	0.100	0	0.440	0.100	0.300	0.0800	0	0.00580
223	1595.33	5.5703e-03	3.13	1.45	0.130	0.0191	0.100	0	0	0	0.00314	0.100	0	0.440	0.100	0.300	0.0800	0	0.00600
224	1598.06	5.62398e-03	3.13	1.45	0.130	0.0190	0.100	0	0	0	0.00315	0.100	0	0.440	0.100	0.300	0.0800	0	0.00665
225	1600.79	5.67708e-03	3.13	1.45	0.130	0.0190	0.100	0	0	0	0.00315	0.100	0	0.440	0.100	0.300	0.0800	0	0.00609
226	1603.51	5.73031e-03	3.16	1.47	0.130	0.0190	0.100	0	0	0	0.00315	0.100	0	0.440	0.100	0.300	0.0800	0	0.00691
227	1606.23	5.78117e-03	3.19	1.48	0.130	0.0189	0.100	0	0	0	0.00315	0.100	0	0.440	0.100	0.300	0.0800	0	0.00703
228	1608.94	5.84513e-03	3.22	1.50	0.130	0.0189	0.100	0	0	0	0.00316	0.100	0	0.440	0.100	0.300	0.0800	0	0.00627
229	1611.64	5.89429e-03	3.23	1.50	0.130	0.0189	0.100	0	0	0	0.00316	0.100	0	0.440	0.100	0.300	0.0800	0	0.00653
230	1614.34	5.94616e-03	3.23	1.50	0.130	0.0188	0.100	0	0	0	0.00316	0.100	0	0.440	0.100	0.300	0.0800	0	0.00665
231	1617.03	6.00849e-03	3.23	1.50	0.130	0.0188	0.100	0	0	0	0.00316	0.100	0	0.440	0.100	0.300	0.0800	0	0.00601
232	1619.72	6.07789e-03	3.23	1.50	0.130	0.0188	0.100	0	0	0	0.00316	0.100	0	0.440	0.100	0.300	0.0800	0	0.00633
233	1622.41	6.13944e-03	3.23	1.50	0.130	0.0187	0.100	0	0	0	0.00317	0.100	0	0.440	0.100	0.300	0.0800	0	0.00596
234	1625.08	6.21905e-03	3.23	1.50	0.130	0.0187	0.100	0	0	0	0.00317	0.100	0	0.440	0.100	0.300	0.0800	0	0.00720
235	1627.75	6.30848e-03	3.23	1.50	0.130	0.0187	0.100	0	0	0	0.00317	0.100	0	0.440	0.100	0.300	0.0800	0	0.00649
236	1630.42	6.4039e-03	3.23	1.50	0.130	0.0186	0.100	0	0	0	0.00317	0.100	0	0.440	0.100	0.300	0.0800	0	0.00684
237	1633.08	6.51051e-03	3.23	1.50	0.130	0.0186	0.100	0	0	0	0.00317	0.100	0	0.440	0.100	0.300	0.0800	0	0.00680
238	1635.74	6.65325e-03	3.23	1.50	0.130	0.0186	0.100	0	0	0	0.00317	0.100	0	0.440	0.100	0.300	0.0800	0	0.00677
239	1638.39	6.82376e-03	3.23	1.50	0.130	0.0186	0.100	0	0	0	0.00318	0.100	0	0.440	0.100	0.300	0.0800	0	0.00745
240	1641.03	7.04026e-03	3.23	1.50	0.130	0.0185	0.100	0	0	0	0.00318	0.100	0	0.440	0.100	0.300	0.0800	0	0.00708
241	1643.67	7.35129e-03	3.23	1.50	0.130	0.0185	0.100	0	0	0	0.00318	0.100	0	0.440	0.100	0.300	0.0800	0	0.00782
242	1646.30	7.78059e-03	3.23	1.50	0.130	0.0185	0.100	0	0	0	0.00318	0.100	0	0.440	0.100	0.300	0.0800	0	0.00839
243	1648.93	8.37786e-03	3.23	1.50	0.130	0.0184	0.100	0	0	0	0.00318	0.100	0	0.440	0.100	0.300	0.0800	0	0.00990
244	1651.55	9.19422e-03	3.23	1.50	0.130	0.0184	0.100	0	0	0	0.00318	0.100	0	0.440	0.100	0.300	0.0800	0	0.00935
245	1654.16	1.03094e-02	3.23	1.50	0.130	0.0184	0.100	0	0	0	0.00318	0.100	0	0.440	0.100	0.300	0.0800	0	0.0107
246	1656.77	1.17303e-02	3.23	1.50	0.130	0.0183	0.100	0	0	0	0.00319	0.100	0	0.440	0.100	0.300	0.0800	0	0.0119
247	1659.38	1.35356e-02	3.23	1.50	0.130	0.0183	0.100	0	0	0	0.00319	0.100	0	0.440	0.100	0.300	0.0800	0	0.0142
248	1661.98	1.5764e-02	3.23	1.50	0.130	0.0183	0.100	0	0	0	0.00319	0.100	0	0.440	0.100	0.300	0.0800	0	0.0158
249	1664.57	1.84435e-02	3.23	1.50	0.130	0.0183	0.100	0	0	0	0.00319	0.100	0	0.440	0.100	0.300	0.0800	0	0.0187
250	1667.15	2.15706e-02	3.23	1.50	0.130	0.0182	0.100	0	0	0	0.00319	0.100	0	0.440	0.100	0.300	0.0800	0	0.0221
251	1669.74	2.51869e-02	3.23	1.50	0.130	0.0182	0.100	0	0	0	0.00319	0.100	0	0.440	0.100	0.300	0.0800	0	0.0260
252	1672.31	2.93122e-02	3.23	1.50	0.130	0.0182	0.100	0	0	0	0.00319	0.100	0	0.440	0.100	0.300	0.0800	0	0.0311
253	1674.88	3.3962e-02	3.23	1.50	0.130	0.0182	0.100	0	0	0	0.00319	0.100	0	0.440	0.100	0.300	0.0800	0	0.0355
254	1677.44	3.91907e-02	3.23	1.50	0.130	0.0181	0.100	0	0	0	0.00319	0.100	0	0.440	0.100	0.300	0.0800	0	0.0395
255	1680.00	4.52731e-02	3.23	1.50	0.130	0.0181	0.100	0	0	0	0.00320	0.100	0	0.440	0.100	0.300	0.0800	0	0.0453
