# hypstar_220261_radcal_L_220104_swir.dat
# File was created 2022-01-06 16:08:47 UTC
#
# Calibrated by Joel Kuusk, Tartu Observatory, University of Tartu, 2022-01-04
#
# Applied corrections:
# nonlinearity	hypstar_220261_nonlin_corr_coefs_220105.dat
# wavelength	hypstar_220261_wl_coefs_220105.dat
# thermal	none
# stray light	none
#
# L [mW m-2 nm-1 sr-1] = DN / inttime_ms * 1000 * cal_coef
# Pixel counting starts from 0
#
# px	wl	cal_coef	u_cal_coef(k=2)	u_lamp(k=1)	u_aging(k=1)	u_power(k=1)	u_align_lamp(k=1)	u_panel(k=1)	u_interp_panel(k=1)	u_align_panel(k=1)	u_wl_source(k=1)	u_lab_stray(k=1)	u_panel_backrefl(k=1)	u_dist(k=1)	u_align(k=1)	u_temp(k=1)	u_lin(k=1)	u_stray(k=1)	u_typeA(k=1)
0	875.42	2.06012e-03	1.53	0.613	0.130	0.0347	0.100	0.150	0.100	0.100	0.000652	0.100	0.100	0.120	0.100	0.300	0.0800	0	0.0227
1	879.06	1.08558e-03	1.53	0.613	0.130	0.0346	0.100	0.150	0.100	0.100	0.000523	0.100	0.100	0.120	0.100	0.300	0.0800	0	0.0127
2	882.69	7.43426e-04	1.53	0.613	0.130	0.0344	0.100	0.150	0.100	0.100	0.000184	0.100	0.100	0.120	0.100	0.300	0.0800	0	0.00953
3	886.32	6.2137e-04	1.53	0.613	0.130	0.0343	0.100	0.150	0.100	0.100	0.0000527	0.100	0.100	0.120	0.100	0.300	0.0800	0	0.00790
4	889.95	5.74705e-04	1.53	0.613	0.130	0.0342	0.100	0.150	0.100	0.100	0.0000798	0.100	0.100	0.120	0.100	0.300	0.0800	0	0.00725
5	893.57	5.49746e-04	1.53	0.613	0.130	0.0340	0.100	0.150	0.100	0.100	0.000261	0.100	0.100	0.120	0.100	0.300	0.0800	0	0.00707
6	897.19	5.29436e-04	1.53	0.613	0.130	0.0339	0.100	0.150	0.100	0.100	0.000395	0.100	0.100	0.120	0.100	0.300	0.0800	0	0.00604
7	900.81	5.07557e-04	3.63	1.76	0.130	0.0337	0.100	0.150	0.100	0.100	0.000132	0.100	0.100	0.120	0.100	0.300	0.0800	0	0.00672
8	904.42	4.87541e-04	3.63	1.76	0.130	0.0336	0.100	0.150	0.100	0.100	0.0000631	0.100	0.100	0.120	0.100	0.300	0.0800	0	0.00655
9	908.03	4.65968e-04	3.63	1.76	0.130	0.0335	0.100	0.150	0.100	0.100	0.00000418	0.100	0.100	0.120	0.100	0.300	0.0800	0	0.00614
10	911.64	4.38909e-04	3.63	1.76	0.130	0.0333	0.100	0.150	0.100	0.100	0.0000136	0.100	0.100	0.120	0.100	0.300	0.0800	0	0.00533
11	915.24	4.05475e-04	3.63	1.76	0.130	0.0332	0.100	0.150	0.100	0.100	0.0000786	0.100	0.100	0.120	0.100	0.300	0.0800	0	0.00553
12	918.84	3.69003e-04	3.63	1.76	0.130	0.0331	0.100	0.150	0.100	0.100	0.000143	0.100	0.100	0.120	0.100	0.300	0.0800	0	0.00514
13	922.44	3.36111e-04	3.63	1.76	0.130	0.0330	0.100	0.150	0.100	0.100	0.000158	0.100	0.100	0.120	0.100	0.300	0.0800	0	0.00508
14	926.04	3.12385e-04	3.63	1.76	0.130	0.0328	0.100	0.150	0.100	0.100	0.000220	0.100	0.100	0.120	0.100	0.300	0.0800	0	0.00443
15	929.63	2.97382e-04	3.63	1.76	0.130	0.0327	0.100	0.150	0.100	0.100	0.000281	0.100	0.100	0.120	0.100	0.300	0.0800	0	0.00443
16	933.22	2.87285e-04	3.63	1.76	0.130	0.0326	0.100	0.150	0.100	0.100	0.000480	0.100	0.100	0.120	0.100	0.300	0.0800	0	0.00432
17	936.81	2.79774e-04	3.63	1.76	0.130	0.0325	0.100	0.150	0.100	0.100	0.000539	0.100	0.100	0.120	0.100	0.300	0.0800	0	0.00428
18	940.39	2.74418e-04	3.63	1.76	0.130	0.0323	0.100	0.150	0.100	0.100	0.000471	0.100	0.100	0.120	0.100	0.300	0.0800	0	0.00384
19	943.97	2.69724e-04	3.63	1.76	0.130	0.0322	0.100	0.150	0.100	0.100	0.000528	0.100	0.100	0.120	0.100	0.300	0.0800	0	0.00400
20	947.55	2.65312e-04	3.63	1.76	0.130	0.0321	0.100	0.150	0.100	0.100	0.000584	0.100	0.100	0.120	0.100	0.300	0.0800	0	0.00371
21	951.12	2.60701e-04	3.63	1.76	0.130	0.0320	0.100	0.150	0.100	0.100	0.000573	0.100	0.100	0.120	0.100	0.300	0.0800	0	0.00390
22	954.69	2.55964e-04	3.63	1.76	0.130	0.0318	0.100	0.150	0.100	0.100	0.000627	0.100	0.100	0.120	0.100	0.300	0.0800	0	0.00369
23	958.26	2.51431e-04	3.63	1.76	0.130	0.0317	0.100	0.150	0.100	0.100	0.000680	0.100	0.100	0.120	0.100	0.300	0.0800	0	0.00395
24	961.82	2.46554e-04	3.63	1.76	0.130	0.0316	0.100	0.150	0.100	0.100	0.000815	0.100	0.100	0.120	0.100	0.300	0.0800	0	0.00378
25	965.38	2.41539e-04	3.63	1.76	0.130	0.0315	0.100	0.150	0.100	0.100	0.000867	0.100	0.100	0.120	0.100	0.300	0.0800	0	0.00347
26	968.94	2.36453e-04	3.63	1.76	0.130	0.0314	0.100	0.150	0.100	0.100	0.000918	0.100	0.100	0.120	0.100	0.300	0.0800	0	0.00348
27	972.49	2.31713e-04	3.63	1.76	0.130	0.0313	0.100	0.150	0.100	0.100	0.00104	0.100	0.100	0.120	0.100	0.300	0.0800	0	0.00348
28	976.04	2.26982e-04	3.63	1.76	0.130	0.0311	0.100	0.150	0.100	0.100	0.00109	0.100	0.100	0.120	0.100	0.300	0.0800	0	0.00340
29	979.59	2.21974e-04	3.63	1.76	0.130	0.0310	0.100	0.150	0.100	0.100	0.00114	0.100	0.100	0.120	0.100	0.300	0.0800	0	0.00339
30	983.14	2.17323e-04	3.63	1.76	0.130	0.0309	0.100	0.150	0.100	0.100	0.00113	0.100	0.100	0.120	0.100	0.300	0.0800	0	0.00350
31	986.68	2.13163e-04	3.63	1.76	0.130	0.0308	0.100	0.150	0.100	0.100	0.00118	0.100	0.100	0.120	0.100	0.300	0.0800	0	0.00319
32	990.22	2.09632e-04	3.63	1.76	0.130	0.0307	0.100	0.150	0.100	0.100	0.00111	0.100	0.100	0.120	0.100	0.300	0.0800	0	0.00325
33	993.75	2.06339e-04	3.63	1.76	0.130	0.0306	0.100	0.150	0.100	0.100	0.00115	0.100	0.100	0.120	0.100	0.300	0.0800	0	0.00350
34	997.28	2.033e-04	3.63	1.76	0.130	0.0305	0.100	0.150	0.100	0.100	0.00119	0.100	0.100	0.120	0.100	0.300	0.0800	0	0.00351
35	1000.81	1.99953e-04	3.60	1.74	0.130	0.0304	0.100	0.150	0.100	0.100	0.00134	0.100	0.100	0.120	0.100	0.300	0.0800	0	0.00338
36	1004.33	1.97479e-04	3.45	1.66	0.130	0.0303	0.100	0.150	0.100	0.100	0.00138	0.100	0.100	0.120	0.100	0.300	0.0800	0	0.00333
37	1007.86	1.95357e-04	3.31	1.59	0.130	0.0302	0.100	0.150	0.100	0.100	0.00142	0.100	0.100	0.120	0.100	0.300	0.0800	0	0.00300
38	1011.37	1.9366e-04	3.22	1.54	0.130	0.0301	0.100	0.150	0.100	0.100	0.00154	0.100	0.100	0.120	0.100	0.300	0.0800	0	0.00321
39	1014.89	1.91486e-04	3.22	1.54	0.130	0.0300	0.100	0.150	0.100	0.100	0.00158	0.100	0.100	0.120	0.100	0.300	0.0800	0	0.00289
40	1018.40	1.89671e-04	3.22	1.54	0.130	0.0299	0.100	0.150	0.100	0.100	0.00162	0.100	0.100	0.120	0.100	0.300	0.0800	0	0.00302
41	1021.91	1.87854e-04	3.22	1.54	0.130	0.0297	0.100	0.150	0.100	0.100	0.00161	0.100	0.100	0.120	0.100	0.300	0.0800	0	0.00306
42	1025.41	1.86559e-04	3.22	1.54	0.130	0.0296	0.100	0.150	0.100	0.100	0.00165	0.100	0.100	0.120	0.100	0.300	0.0800	0	0.00327
43	1028.92	1.85439e-04	3.22	1.54	0.130	0.0295	0.100	0.150	0.100	0.100	0.00169	0.100	0.100	0.120	0.100	0.300	0.0800	0	0.00329
44	1032.41	1.8444e-04	3.22	1.54	0.130	0.0294	0.100	0.150	0.100	0.100	0.00160	0.100	0.100	0.120	0.100	0.300	0.0800	0	0.00300
45	1035.91	1.83507e-04	3.22	1.54	0.130	0.0293	0.100	0.150	0.100	0.100	0.00164	0.100	0.100	0.120	0.100	0.300	0.0800	0	0.00306
46	1039.40	1.82186e-04	3.22	1.54	0.130	0.0292	0.100	0.150	0.100	0.100	0.00168	0.100	0.100	0.120	0.100	0.300	0.0800	0	0.00325
47	1042.89	1.81385e-04	3.22	1.54	0.130	0.0291	0.100	0.150	0.100	0.100	0.00173	0.100	0.100	0.120	0.100	0.300	0.0800	0	0.00343
48	1046.37	1.80835e-04	3.22	1.54	0.130	0.0291	0.100	0.150	0.100	0.100	0.00176	0.100	0.100	0.120	0.100	0.300	0.0800	0	0.00312
49	1049.86	1.80368e-04	3.22	1.54	0.130	0.0290	0.100	0.150	0.100	0.100	0.00180	0.100	0.100	0.120	0.100	0.300	0.0800	0	0.00299
50	1053.33	1.79843e-04	3.22	1.54	0.130	0.0289	0.100	0.150	0.100	0.100	0.00183	0.100	0.100	0.120	0.100	0.300	0.0800	0	0.00309
51	1056.81	1.78966e-04	3.22	1.54	0.130	0.0288	0.100	0.150	0.100	0.100	0.00186	0.100	0.100	0.120	0.100	0.300	0.0800	0	0.00332
52	1060.28	1.77957e-04	3.22	1.54	0.130	0.0287	0.100	0.150	0.100	0.100	0.00199	0.100	0.100	0.120	0.100	0.300	0.0800	0	0.00326
53	1063.75	1.76906e-04	3.22	1.54	0.130	0.0286	0.100	0.150	0.100	0.100	0.00202	0.100	0.100	0.120	0.100	0.300	0.0800	0	0.00288
54	1067.21	1.7573e-04	3.22	1.54	0.130	0.0285	0.100	0.150	0.100	0.100	0.00206	0.100	0.100	0.120	0.100	0.300	0.0800	0	0.00294
55	1070.67	1.74702e-04	3.22	1.54	0.130	0.0284	0.100	0.150	0.100	0.100	0.00214	0.100	0.100	0.120	0.100	0.300	0.0800	0	0.00315
56	1074.13	1.73317e-04	3.22	1.54	0.130	0.0283	0.100	0.150	0.100	0.100	0.00217	0.100	0.100	0.120	0.100	0.300	0.0800	0	0.00302
57	1077.58	1.71493e-04	3.22	1.54	0.130	0.0282	0.100	0.150	0.100	0.100	0.00220	0.100	0.100	0.120	0.100	0.300	0.0800	0	0.00293
58	1081.03	1.6945e-04	3.22	1.54	0.130	0.0281	0.100	0.150	0.100	0.100	0.00179	0.100	0.100	0.120	0.100	0.300	0.0800	0	0.00342
59	1084.48	1.67496e-04	3.22	1.54	0.130	0.0280	0.100	0.150	0.100	0.100	0.00182	0.100	0.100	0.120	0.100	0.300	0.0800	0	0.00271
60	1087.92	1.65354e-04	3.22	1.54	0.130	0.0279	0.100	0.150	0.100	0.100	0.00185	0.100	0.100	0.120	0.100	0.300	0.0800	0	0.00296
61	1091.36	1.62635e-04	3.20	1.53	0.130	0.0279	0.100	0.150	0.100	0.100	0.00183	0.100	0.100	0.120	0.100	0.300	0.0800	0	0.00308
62	1094.80	1.60315e-04	3.14	1.50	0.130	0.0278	0.100	0.150	0.100	0.100	0.00186	0.100	0.100	0.120	0.100	0.300	0.0800	0	0.00301
63	1098.23	1.58253e-04	3.08	1.47	0.130	0.0277	0.100	0.150	0.100	0.100	0.00189	0.100	0.100	0.120	0.100	0.300	0.0800	0	0.00274
64	1101.66	1.55743e-04	3.05	1.46	0.130	0.0276	0.100	0.150	0.100	0.100	0.00230	0.100	0.100	0.120	0.100	0.300	0.0800	0	0.00271
65	1105.09	1.53478e-04	3.05	1.46	0.130	0.0275	0.100	0.150	0.100	0.100	0.00232	0.100	0.100	0.120	0.100	0.300	0.0800	0	0.00305
66	1108.51	1.51309e-04	3.05	1.46	0.130	0.0274	0.100	0.150	0.100	0.100	0.00235	0.100	0.100	0.120	0.100	0.300	0.0800	0	0.00306
67	1111.93	1.49537e-04	3.05	1.46	0.130	0.0273	0.100	0.150	0.100	0.100	0.00239	0.100	0.100	0.120	0.100	0.300	0.0800	0	0.00297
68	1115.34	1.47941e-04	3.05	1.46	0.130	0.0273	0.100	0.150	0.100	0.100	0.00242	0.100	0.100	0.120	0.100	0.300	0.0800	0	0.00307
69	1118.75	1.46517e-04	3.05	1.46	0.130	0.0272	0.100	0.150	0.100	0.100	0.00244	0.100	0.100	0.120	0.100	0.300	0.0800	0	0.00316
70	1122.16	1.45096e-04	3.05	1.46	0.130	0.0271	0.100	0.150	0.100	0.100	0.00252	0.100	0.100	0.120	0.100	0.300	0.0800	0	0.00289
71	1125.57	1.43837e-04	3.05	1.46	0.130	0.0270	0.100	0.150	0.100	0.100	0.00254	0.100	0.100	0.120	0.100	0.300	0.0800	0	0.00293
72	1128.97	1.42743e-04	3.05	1.46	0.130	0.0269	0.100	0.150	0.100	0.100	0.00256	0.100	0.100	0.120	0.100	0.300	0.0800	0	0.00286
73	1132.36	1.42075e-04	3.05	1.46	0.130	0.0268	0.100	0.150	0.100	0.100	0.00261	0.100	0.100	0.120	0.100	0.300	0.0800	0	0.00268
74	1135.76	1.41688e-04	3.05	1.46	0.130	0.0268	0.100	0.150	0.100	0.100	0.00263	0.100	0.100	0.120	0.100	0.300	0.0800	0	0.00282
75	1139.15	1.41791e-04	3.05	1.46	0.130	0.0267	0.100	0.150	0.100	0.100	0.00266	0.100	0.100	0.120	0.100	0.300	0.0800	0	0.00299
76	1142.53	1.42116e-04	3.05	1.45	0.130	0.0266	0.100	0.150	0.100	0.100	0.00269	0.100	0.100	0.120	0.100	0.300	0.0800	0	0.00258
77	1145.91	1.42499e-04	3.04	1.45	0.130	0.0265	0.100	0.150	0.100	0.100	0.00271	0.100	0.100	0.120	0.100	0.300	0.0800	0	0.00305
78	1149.29	1.42859e-04	3.03	1.45	0.130	0.0265	0.100	0.150	0.100	0.100	0.00274	0.100	0.100	0.120	0.100	0.300	0.0800	0	0.00276
79	1152.67	1.43043e-04	3.03	1.44	0.130	0.0264	0.100	0.150	0.100	0.100	0.00289	0.100	0.100	0.120	0.100	0.300	0.0800	0	0.00288
80	1156.04	1.43127e-04	3.03	1.44	0.130	0.0263	0.100	0.150	0.100	0.100	0.00292	0.100	0.100	0.120	0.100	0.300	0.0800	0	0.00267
81	1159.41	1.43302e-04	3.03	1.44	0.130	0.0262	0.100	0.150	0.100	0.100	0.00294	0.100	0.100	0.120	0.100	0.300	0.0800	0	0.00290
82	1162.77	1.4339e-04	3.03	1.44	0.130	0.0261	0.100	0.150	0.100	0.100	0.00279	0.100	0.100	0.120	0.100	0.300	0.0800	0	0.00269
83	1166.13	1.43635e-04	3.03	1.44	0.130	0.0261	0.100	0.150	0.100	0.100	0.00281	0.100	0.100	0.120	0.100	0.300	0.0800	0	0.00283
84	1169.49	1.43837e-04	3.03	1.44	0.130	0.0260	0.100	0.150	0.100	0.100	0.00283	0.100	0.100	0.120	0.100	0.300	0.0800	0	0.00269
85	1172.84	1.4377e-04	3.03	1.44	0.130	0.0259	0.100	0.150	0.100	0.100	0.00267	0.100	0.100	0.120	0.100	0.300	0.0800	0	0.00315
86	1176.19	1.43191e-04	3.03	1.44	0.130	0.0258	0.100	0.150	0.100	0.100	0.00269	0.100	0.100	0.120	0.100	0.300	0.0800	0	0.00298
87	1179.53	1.42486e-04	3.03	1.44	0.130	0.0258	0.100	0.150	0.100	0.100	0.00271	0.100	0.100	0.120	0.100	0.300	0.0800	0	0.00298
88	1182.87	1.41478e-04	3.03	1.44	0.130	0.0257	0.100	0.150	0.100	0.100	0.00268	0.100	0.100	0.120	0.100	0.300	0.0800	0	0.00284
89	1186.21	1.40269e-04	3.03	1.44	0.130	0.0256	0.100	0.150	0.100	0.100	0.00270	0.100	0.100	0.120	0.100	0.300	0.0800	0	0.00292
90	1189.55	1.38869e-04	3.03	1.44	0.130	0.0256	0.100	0.150	0.100	0.100	0.00272	0.100	0.100	0.120	0.100	0.300	0.0800	0	0.00293
91	1192.88	1.37509e-04	3.03	1.44	0.130	0.0255	0.100	0.150	0.100	0.100	0.00284	0.100	0.100	0.120	0.100	0.300	0.0800	0	0.00314
92	1196.20	1.36165e-04	3.03	1.44	0.130	0.0254	0.100	0.150	0.100	0.100	0.00286	0.100	0.100	0.120	0.100	0.300	0.0800	0	0.00298
93	1199.53	1.34746e-04	3.03	1.44	0.130	0.0253	0.100	0.150	0.100	0.100	0.00287	0.100	0.100	0.120	0.100	0.300	0.0800	0	0.00290
94	1202.84	1.33529e-04	3.03	1.44	0.130	0.0253	0.100	0.150	0.100	0.100	0.00290	0.100	0.100	0.120	0.100	0.300	0.0800	0	0.00302
95	1206.16	1.32586e-04	3.03	1.44	0.130	0.0252	0.100	0.150	0.100	0.100	0.00292	0.100	0.100	0.120	0.100	0.300	0.0800	0	0.00290
96	1209.47	1.31863e-04	3.03	1.44	0.130	0.0251	0.100	0.150	0.100	0.100	0.00293	0.100	0.100	0.120	0.100	0.300	0.0800	0	0.00274
97	1212.78	1.31375e-04	3.03	1.44	0.130	0.0251	0.100	0.150	0.100	0.100	0.00294	0.100	0.100	0.120	0.100	0.300	0.0800	0	0.00296
98	1216.08	1.31093e-04	3.03	1.44	0.130	0.0250	0.100	0.150	0.100	0.100	0.00295	0.100	0.100	0.120	0.100	0.300	0.0800	0	0.00253
99	1219.38	1.3074e-04	3.03	1.44	0.130	0.0249	0.100	0.150	0.100	0.100	0.00297	0.100	0.100	0.120	0.100	0.300	0.0800	0	0.00282
100	1222.67	1.30469e-04	3.03	1.44	0.130	0.0249	0.100	0.150	0.100	0.100	0.00299	0.100	0.100	0.120	0.100	0.300	0.0800	0	0.00280
101	1225.97	1.29946e-04	3.03	1.44	0.130	0.0248	0.100	0.150	0.100	0.100	0.00300	0.100	0.100	0.120	0.100	0.300	0.0800	0	0.00278
102	1229.25	1.29309e-04	3.03	1.44	0.130	0.0247	0.100	0.150	0.100	0.100	0.00302	0.100	0.100	0.120	0.100	0.300	0.0800	0	0.00285
103	1232.54	1.28832e-04	3.03	1.44	0.130	0.0247	0.100	0.150	0.100	0.100	0.00302	0.100	0.100	0.120	0.100	0.300	0.0800	0	0.00298
104	1235.82	1.28271e-04	3.03	1.44	0.130	0.0246	0.100	0.150	0.100	0.100	0.00303	0.100	0.100	0.120	0.100	0.300	0.0800	0	0.00301
105	1239.09	1.27752e-04	3.03	1.44	0.130	0.0245	0.100	0.150	0.100	0.100	0.00305	0.100	0.100	0.120	0.100	0.300	0.0800	0	0.00305
106	1242.37	1.2764e-04	3.03	1.44	0.130	0.0245	0.100	0.150	0.100	0.100	0.00307	0.100	0.100	0.120	0.100	0.300	0.0800	0	0.00309
107	1245.63	1.27715e-04	3.03	1.44	0.130	0.0244	0.100	0.150	0.100	0.100	0.00308	0.100	0.100	0.120	0.100	0.300	0.0800	0	0.00313
108	1248.90	1.2789e-04	3.03	1.44	0.130	0.0243	0.100	0.150	0.100	0.100	0.00310	0.100	0.100	0.120	0.100	0.300	0.0800	0	0.00292
109	1252.16	1.2796e-04	3.03	1.44	0.130	0.0243	0.100	0.150	0.100	0.100	0.00317	0.100	0.100	0.120	0.100	0.300	0.0800	0	0.00289
110	1255.41	1.27977e-04	3.03	1.44	0.130	0.0242	0.100	0.150	0.100	0.100	0.00319	0.100	0.100	0.120	0.100	0.300	0.0800	0	0.00313
111	1258.67	1.27857e-04	3.03	1.44	0.130	0.0242	0.100	0.150	0.100	0.100	0.00320	0.100	0.100	0.120	0.100	0.300	0.0800	0	0.00293
112	1261.91	1.27477e-04	3.03	1.44	0.130	0.0241	0.100	0.150	0.100	0.100	0.00333	0.100	0.100	0.120	0.100	0.300	0.0800	0	0.00303
113	1265.16	1.26979e-04	3.03	1.44	0.130	0.0240	0.100	0.150	0.100	0.100	0.00335	0.100	0.100	0.120	0.100	0.300	0.0800	0	0.00272
114	1268.40	1.26306e-04	3.03	1.44	0.130	0.0240	0.100	0.150	0.100	0.100	0.00336	0.100	0.100	0.120	0.100	0.300	0.0800	0	0.00321
115	1271.64	1.25523e-04	3.03	1.44	0.130	0.0239	0.100	0.150	0.100	0.100	0.00325	0.100	0.100	0.120	0.100	0.300	0.0800	0	0.00291
116	1274.87	1.24782e-04	3.03	1.44	0.130	0.0238	0.100	0.150	0.100	0.100	0.00326	0.100	0.100	0.120	0.100	0.300	0.0800	0	0.00272
117	1278.10	1.24098e-04	3.03	1.44	0.130	0.0238	0.100	0.150	0.100	0.100	0.00327	0.100	0.100	0.120	0.100	0.300	0.0800	0	0.00306
118	1281.32	1.23253e-04	3.03	1.44	0.130	0.0237	0.100	0.150	0.100	0.100	0.00328	0.100	0.100	0.120	0.100	0.300	0.0800	0	0.00273
119	1284.54	1.22505e-04	3.03	1.44	0.130	0.0237	0.100	0.150	0.100	0.100	0.00329	0.100	0.100	0.120	0.100	0.300	0.0800	0	0.00285
120	1287.76	1.21705e-04	3.03	1.44	0.130	0.0236	0.100	0.150	0.100	0.100	0.00331	0.100	0.100	0.120	0.100	0.300	0.0800	0	0.00273
121	1290.97	1.20847e-04	3.03	1.44	0.130	0.0235	0.100	0.150	0.100	0.100	0.00344	0.100	0.100	0.120	0.100	0.300	0.0800	0	0.00291
122	1294.18	1.20037e-04	3.03	1.44	0.130	0.0235	0.100	0.150	0.100	0.100	0.00345	0.100	0.100	0.120	0.100	0.300	0.0800	0	0.00303
123	1297.38	1.19292e-04	3.03	1.44	0.130	0.0234	0.100	0.150	0.100	0.100	0.00347	0.100	0.100	0.120	0.100	0.300	0.0800	0	0.00307
124	1300.58	1.18552e-04	3.03	1.44	0.130	0.0234	0.100	0.150	0.100	0.100	0.00336	0.100	0.100	0.120	0.100	0.300	0.0800	0	0.00289
125	1303.77	1.17946e-04	3.03	1.44	0.130	0.0233	0.100	0.150	0.100	0.100	0.00337	0.100	0.100	0.120	0.100	0.300	0.0800	0	0.00300
126	1306.97	1.17399e-04	3.03	1.44	0.130	0.0233	0.100	0.150	0.100	0.100	0.00338	0.100	0.100	0.120	0.100	0.300	0.0800	0	0.00299
127	1310.15	1.16947e-04	3.03	1.44	0.130	0.0232	0.100	0.150	0.100	0.100	0.00331	0.100	0.100	0.120	0.100	0.300	0.0800	0	0.00299
128	1313.34	1.16651e-04	3.03	1.44	0.130	0.0231	0.100	0.150	0.100	0.100	0.00332	0.100	0.100	0.120	0.100	0.300	0.0800	0	0.00286
129	1316.51	1.16343e-04	3.03	1.44	0.130	0.0231	0.100	0.150	0.100	0.100	0.00333	0.100	0.100	0.120	0.100	0.300	0.0800	0	0.00287
130	1319.69	1.16102e-04	3.03	1.44	0.130	0.0230	0.100	0.150	0.100	0.100	0.00334	0.100	0.100	0.120	0.100	0.300	0.0800	0	0.00283
131	1322.86	1.15646e-04	3.03	1.44	0.130	0.0230	0.100	0.150	0.100	0.100	0.00335	0.100	0.100	0.120	0.100	0.300	0.0800	0	0.00294
132	1326.03	1.1511e-04	3.03	1.44	0.130	0.0229	0.100	0.150	0.100	0.100	0.00336	0.100	0.100	0.120	0.100	0.300	0.0800	0	0.00293
133	1329.19	1.14569e-04	3.03	1.44	0.130	0.0229	0.100	0.150	0.100	0.100	0.00337	0.100	0.100	0.120	0.100	0.300	0.0800	0	0.00272
134	1332.35	1.13961e-04	3.03	1.44	0.130	0.0228	0.100	0.150	0.100	0.100	0.00345	0.100	0.100	0.120	0.100	0.300	0.0800	0	0.00314
135	1335.50	1.13522e-04	3.03	1.44	0.130	0.0228	0.100	0.150	0.100	0.100	0.00346	0.100	0.100	0.120	0.100	0.300	0.0800	0	0.00289
136	1338.65	1.12944e-04	3.03	1.44	0.130	0.0227	0.100	0.150	0.100	0.100	0.00347	0.100	0.100	0.120	0.100	0.300	0.0800	0	0.00285
137	1341.80	1.12529e-04	3.03	1.44	0.130	0.0227	0.100	0.150	0.100	0.100	0.00367	0.100	0.100	0.120	0.100	0.300	0.0800	0	0.00294
138	1344.94	1.12568e-04	3.03	1.44	0.130	0.0226	0.100	0.150	0.100	0.100	0.00368	0.100	0.100	0.120	0.100	0.300	0.0800	0	0.00299
139	1348.07	1.12666e-04	3.03	1.44	0.130	0.0226	0.100	0.150	0.100	0.100	0.00369	0.100	0.100	0.120	0.100	0.300	0.0800	0	0.00296
140	1351.21	1.133e-04	3.03	1.44	0.130	0.0225	0.100	0.150	0.100	0.100	0.00377	0.100	0.100	0.120	0.100	0.300	0.0800	0	0.00286
141	1354.33	1.14186e-04	3.03	1.44	0.130	0.0224	0.100	0.150	0.100	0.100	0.00378	0.100	0.100	0.120	0.100	0.300	0.0800	0	0.00287
142	1357.46	1.15081e-04	3.03	1.44	0.130	0.0224	0.100	0.150	0.100	0.100	0.00378	0.100	0.100	0.120	0.100	0.300	0.0800	0	0.00277
143	1360.58	1.15764e-04	3.03	1.44	0.130	0.0223	0.100	0.150	0.100	0.100	0.00372	0.100	0.100	0.120	0.100	0.300	0.0800	0	0.00264
144	1363.69	1.16262e-04	3.03	1.44	0.130	0.0223	0.100	0.150	0.100	0.100	0.00373	0.100	0.100	0.120	0.100	0.300	0.0800	0	0.00285
145	1366.80	1.16407e-04	3.03	1.44	0.130	0.0222	0.100	0.150	0.100	0.100	0.00373	0.100	0.100	0.120	0.100	0.300	0.0800	0	0.00294
146	1369.91	1.16522e-04	3.03	1.44	0.130	0.0222	0.100	0.150	0.100	0.100	0.00374	0.100	0.100	0.120	0.100	0.300	0.0800	0	0.00278
147	1373.01	1.16966e-04	3.03	1.44	0.130	0.0221	0.100	0.150	0.100	0.100	0.00363	0.100	0.100	0.120	0.100	0.300	0.0800	0	0.00248
148	1376.11	1.18065e-04	3.03	1.44	0.130	0.0221	0.100	0.150	0.100	0.100	0.00364	0.100	0.100	0.120	0.100	0.300	0.0800	0	0.00272
149	1379.20	1.19861e-04	3.03	1.44	0.130	0.0220	0.100	0.150	0.100	0.100	0.00365	0.100	0.100	0.120	0.100	0.300	0.0800	0	0.00281
150	1382.29	1.21118e-04	3.03	1.44	0.130	0.0220	0.100	0.150	0.100	0.100	0.00371	0.100	0.100	0.120	0.100	0.300	0.0800	0	0.00294
151	1385.38	1.21935e-04	3.03	1.44	0.130	0.0219	0.100	0.150	0.100	0.100	0.00372	0.100	0.100	0.120	0.100	0.300	0.0800	0	0.00276
152	1388.46	1.22196e-04	3.03	1.44	0.130	0.0219	0.100	0.150	0.100	0.100	0.00373	0.100	0.100	0.120	0.100	0.300	0.0800	0	0.00313
153	1391.54	1.22859e-04	3.04	1.45	0.130	0.0218	0.100	0.150	0.100	0.100	0.00362	0.100	0.100	0.120	0.100	0.300	0.0800	0	0.00280
154	1394.61	1.235e-04	3.06	1.46	0.130	0.0218	0.100	0.150	0.100	0.100	0.00363	0.100	0.100	0.120	0.100	0.300	0.0800	0	0.00318
155	1397.67	1.24301e-04	3.08	1.47	0.130	0.0218	0.100	0.150	0.100	0.100	0.00364	0.100	0.100	0.120	0.100	0.300	0.0800	0	0.00289
156	1400.74	1.24658e-04	3.09	1.48	0.130	0.0217	0.100	0.150	0.100	0.100	0.00357	0.100	0.100	0.120	0.100	0.300	0.0800	0	0.00323
157	1403.80	1.25033e-04	3.09	1.48	0.130	0.0217	0.100	0.150	0.100	0.100	0.00358	0.100	0.100	0.120	0.100	0.300	0.0800	0	0.00282
158	1406.85	1.2492e-04	3.10	1.48	0.130	0.0216	0.100	0.150	0.100	0.100	0.00358	0.100	0.100	0.120	0.100	0.300	0.0800	0	0.00309
159	1409.90	1.24822e-04	3.10	1.48	0.130	0.0216	0.100	0.150	0.100	0.100	0.00359	0.100	0.100	0.120	0.100	0.300	0.0800	0	0.00321
160	1412.95	1.24552e-04	3.10	1.48	0.130	0.0215	0.100	0.150	0.100	0.100	0.00361	0.100	0.100	0.120	0.100	0.300	0.0800	0	0.00305
161	1415.99	1.24292e-04	3.10	1.48	0.130	0.0215	0.100	0.150	0.100	0.100	0.00361	0.100	0.100	0.120	0.100	0.300	0.0800	0	0.00303
162	1419.02	1.23874e-04	3.10	1.48	0.130	0.0214	0.100	0.150	0.100	0.100	0.00362	0.100	0.100	0.120	0.100	0.300	0.0800	0	0.00307
163	1422.05	1.23817e-04	3.10	1.48	0.130	0.0214	0.100	0.150	0.100	0.100	0.00363	0.100	0.100	0.120	0.100	0.300	0.0800	0	0.00327
164	1425.08	1.23502e-04	3.10	1.48	0.130	0.0213	0.100	0.150	0.100	0.100	0.00364	0.100	0.100	0.120	0.100	0.300	0.0800	0	0.00288
165	1428.10	1.23266e-04	3.10	1.48	0.130	0.0213	0.100	0.150	0.100	0.100	0.00365	0.100	0.100	0.120	0.100	0.300	0.0800	0	0.00350
166	1431.12	1.23276e-04	3.10	1.48	0.130	0.0212	0.100	0.150	0.100	0.100	0.00365	0.100	0.100	0.120	0.100	0.300	0.0800	0	0.00293
167	1434.14	1.23112e-04	3.10	1.48	0.130	0.0212	0.100	0.150	0.100	0.100	0.00366	0.100	0.100	0.120	0.100	0.300	0.0800	0	0.00317
168	1437.14	1.23186e-04	3.10	1.48	0.130	0.0212	0.100	0.150	0.100	0.100	0.00366	0.100	0.100	0.120	0.100	0.300	0.0800	0	0.00286
169	1440.15	1.23148e-04	3.10	1.48	0.130	0.0211	0.100	0.150	0.100	0.100	0.00367	0.100	0.100	0.120	0.100	0.300	0.0800	0	0.00321
170	1443.15	1.23104e-04	3.08	1.47	0.130	0.0211	0.100	0.150	0.100	0.100	0.00368	0.100	0.100	0.120	0.100	0.300	0.0800	0	0.00310
171	1446.14	1.22973e-04	3.06	1.46	0.130	0.0210	0.100	0.150	0.100	0.100	0.00369	0.100	0.100	0.120	0.100	0.300	0.0800	0	0.00297
172	1449.14	1.23055e-04	3.04	1.45	0.130	0.0210	0.100	0.150	0.100	0.100	0.00369	0.100	0.100	0.120	0.100	0.300	0.0800	0	0.00307
173	1452.12	1.2322e-04	3.06	1.46	0.130	0.0209	0.100	0.150	0.100	0.100	0.00370	0.100	0.100	0.120	0.100	0.300	0.0800	0	0.00305
174	1455.10	1.23396e-04	3.09	1.48	0.130	0.0209	0.100	0.150	0.100	0.100	0.00370	0.100	0.100	0.120	0.100	0.300	0.0800	0	0.00289
175	1458.08	1.2379e-04	3.12	1.49	0.130	0.0208	0.100	0.150	0.100	0.100	0.00371	0.100	0.100	0.120	0.100	0.300	0.0800	0	0.00309
176	1461.05	1.24182e-04	3.15	1.51	0.130	0.0208	0.100	0.150	0.100	0.100	0.00372	0.100	0.100	0.120	0.100	0.300	0.0800	0	0.00297
177	1464.02	1.24727e-04	3.15	1.51	0.130	0.0208	0.100	0.150	0.100	0.100	0.00372	0.100	0.100	0.120	0.100	0.300	0.0800	0	0.00303
178	1466.98	1.25232e-04	3.15	1.51	0.130	0.0207	0.100	0.150	0.100	0.100	0.00373	0.100	0.100	0.120	0.100	0.300	0.0800	0	0.00308
179	1469.94	1.25834e-04	3.16	1.51	0.130	0.0207	0.100	0.150	0.100	0.100	0.00373	0.100	0.100	0.120	0.100	0.300	0.0800	0	0.00321
180	1472.89	1.26238e-04	3.16	1.51	0.130	0.0206	0.100	0.150	0.100	0.100	0.00374	0.100	0.100	0.120	0.100	0.300	0.0800	0	0.00343
181	1475.84	1.26764e-04	3.16	1.51	0.130	0.0206	0.100	0.150	0.100	0.100	0.00375	0.100	0.100	0.120	0.100	0.300	0.0800	0	0.00332
182	1478.79	1.27198e-04	3.16	1.51	0.130	0.0206	0.100	0.150	0.100	0.100	0.00375	0.100	0.100	0.120	0.100	0.300	0.0800	0	0.00327
183	1481.73	1.27482e-04	3.15	1.51	0.130	0.0205	0.100	0.150	0.100	0.100	0.00376	0.100	0.100	0.120	0.100	0.300	0.0800	0	0.00341
184	1484.66	1.27877e-04	3.15	1.51	0.130	0.0205	0.100	0.150	0.100	0.100	0.00376	0.100	0.100	0.120	0.100	0.300	0.0800	0	0.00333
185	1487.59	1.28389e-04	3.15	1.51	0.130	0.0204	0.100	0.150	0.100	0.100	0.00377	0.100	0.100	0.120	0.100	0.300	0.0800	0	0.00330
186	1490.52	1.28763e-04	3.15	1.50	0.130	0.0204	0.100	0.150	0.100	0.100	0.00377	0.100	0.100	0.120	0.100	0.300	0.0800	0	0.00351
187	1493.44	1.29397e-04	3.14	1.50	0.130	0.0204	0.100	0.150	0.100	0.100	0.00378	0.100	0.100	0.120	0.100	0.300	0.0800	0	0.00308
188	1496.36	1.29899e-04	3.13	1.50	0.130	0.0203	0.100	0.150	0.100	0.100	0.00378	0.100	0.100	0.120	0.100	0.300	0.0800	0	0.00311
189	1499.27	1.30487e-04	3.12	1.49	0.130	0.0203	0.100	0.150	0.100	0.100	0.00379	0.100	0.100	0.120	0.100	0.300	0.0800	0	0.00311
190	1502.17	1.31187e-04	3.12	1.49	0.130	0.0202	0.100	0.150	0.100	0.100	0.00378	0.100	0.100	0.120	0.100	0.300	0.0800	0	0.00330
191	1505.07	1.31915e-04	3.12	1.49	0.130	0.0202	0.100	0.150	0.100	0.100	0.00379	0.100	0.100	0.120	0.100	0.300	0.0800	0	0.00307
192	1507.97	1.32534e-04	3.12	1.49	0.130	0.0202	0.100	0.150	0.100	0.100	0.00379	0.100	0.100	0.120	0.100	0.300	0.0800	0	0.00324
193	1510.86	1.33272e-04	3.12	1.49	0.130	0.0201	0.100	0.150	0.100	0.100	0.00388	0.100	0.100	0.120	0.100	0.300	0.0800	0	0.00332
194	1513.75	1.33979e-04	3.12	1.49	0.130	0.0201	0.100	0.150	0.100	0.100	0.00389	0.100	0.100	0.120	0.100	0.300	0.0800	0	0.00321
195	1516.63	1.34745e-04	3.12	1.49	0.130	0.0200	0.100	0.150	0.100	0.100	0.00389	0.100	0.100	0.120	0.100	0.300	0.0800	0	0.00352
196	1519.51	1.35437e-04	3.12	1.49	0.130	0.0200	0.100	0.150	0.100	0.100	0.00390	0.100	0.100	0.120	0.100	0.300	0.0800	0	0.00341
197	1522.38	1.36103e-04	3.12	1.49	0.130	0.0200	0.100	0.150	0.100	0.100	0.00402	0.100	0.100	0.120	0.100	0.300	0.0800	0	0.00331
198	1525.25	1.36671e-04	3.12	1.49	0.130	0.0199	0.100	0.150	0.100	0.100	0.00402	0.100	0.100	0.120	0.100	0.300	0.0800	0	0.00373
199	1528.12	1.37503e-04	3.12	1.49	0.130	0.0199	0.100	0.150	0.100	0.100	0.00403	0.100	0.100	0.120	0.100	0.300	0.0800	0	0.00373
200	1530.97	1.38251e-04	3.12	1.49	0.130	0.0199	0.100	0.150	0.100	0.100	0.00391	0.100	0.100	0.120	0.100	0.300	0.0800	0	0.00354
201	1533.83	1.38988e-04	3.12	1.49	0.130	0.0198	0.100	0.150	0.100	0.100	0.00391	0.100	0.100	0.120	0.100	0.300	0.0800	0	0.00318
202	1536.67	1.39726e-04	3.12	1.49	0.130	0.0198	0.100	0.150	0.100	0.100	0.00392	0.100	0.100	0.120	0.100	0.300	0.0800	0	0.00375
203	1539.52	1.40581e-04	3.12	1.49	0.130	0.0197	0.100	0.150	0.100	0.100	0.00392	0.100	0.100	0.120	0.100	0.300	0.0800	0	0.00347
204	1542.36	1.41533e-04	3.10	1.48	0.130	0.0197	0.100	0.150	0.100	0.100	0.00384	0.100	0.100	0.120	0.100	0.300	0.0800	0	0.00378
205	1545.19	1.42399e-04	3.08	1.47	0.130	0.0197	0.100	0.150	0.100	0.100	0.00385	0.100	0.100	0.120	0.100	0.300	0.0800	0	0.00381
206	1548.02	1.43408e-04	3.06	1.46	0.130	0.0196	0.100	0.150	0.100	0.100	0.00385	0.100	0.100	0.120	0.100	0.300	0.0800	0	0.00350
207	1550.84	1.44278e-04	3.05	1.46	0.130	0.0196	0.100	0.150	0.100	0.100	0.00395	0.100	0.100	0.120	0.100	0.300	0.0800	0	0.00361
208	1553.66	1.45215e-04	3.05	1.46	0.130	0.0196	0.100	0.150	0.100	0.100	0.00395	0.100	0.100	0.120	0.100	0.300	0.0800	0	0.00343
209	1556.48	1.46145e-04	3.05	1.46	0.130	0.0195	0.100	0.150	0.100	0.100	0.00396	0.100	0.100	0.120	0.100	0.300	0.0800	0	0.00378
210	1559.28	1.46987e-04	3.05	1.46	0.130	0.0195	0.100	0.150	0.100	0.100	0.00396	0.100	0.100	0.120	0.100	0.300	0.0800	0	0.00370
211	1562.09	1.4794e-04	3.05	1.46	0.130	0.0195	0.100	0.150	0.100	0.100	0.00409	0.100	0.100	0.120	0.100	0.300	0.0800	0	0.00380
212	1564.89	1.48839e-04	3.05	1.46	0.130	0.0194	0.100	0.150	0.100	0.100	0.00410	0.100	0.100	0.120	0.100	0.300	0.0800	0	0.00381
213	1567.68	1.49922e-04	3.05	1.46	0.130	0.0194	0.100	0.150	0.100	0.100	0.00410	0.100	0.100	0.120	0.100	0.300	0.0800	0	0.00412
214	1570.47	1.50773e-04	3.05	1.46	0.130	0.0194	0.100	0.150	0.100	0.100	0.00385	0.100	0.100	0.120	0.100	0.300	0.0800	0	0.00364
215	1573.25	1.51877e-04	3.05	1.46	0.130	0.0193	0.100	0.150	0.100	0.100	0.00385	0.100	0.100	0.120	0.100	0.300	0.0800	0	0.00419
216	1576.03	1.53009e-04	3.05	1.46	0.130	0.0193	0.100	0.150	0.100	0.100	0.00385	0.100	0.100	0.120	0.100	0.300	0.0800	0	0.00413
217	1578.81	1.54179e-04	3.05	1.46	0.130	0.0193	0.100	0.150	0.100	0.100	0.00386	0.100	0.100	0.120	0.100	0.300	0.0800	0	0.00422
218	1581.57	1.55365e-04	3.05	1.46	0.130	0.0192	0.100	0.150	0.100	0.100	0.00382	0.100	0.100	0.120	0.100	0.300	0.0800	0	0.00421
219	1584.34	1.56824e-04	3.05	1.46	0.130	0.0192	0.100	0.150	0.100	0.100	0.00383	0.100	0.100	0.120	0.100	0.300	0.0800	0	0.00424
220	1587.10	1.58365e-04	3.05	1.46	0.130	0.0192	0.100	0.150	0.100	0.100	0.00383	0.100	0.100	0.120	0.100	0.300	0.0800	0	0.00406
221	1589.85	1.59841e-04	3.05	1.46	0.130	0.0191	0.100	0.150	0.100	0.100	0.00383	0.100	0.100	0.120	0.100	0.300	0.0800	0	0.00408
222	1592.60	1.61339e-04	3.05	1.45	0.130	0.0191	0.100	0.150	0.100	0.100	0.00409	0.100	0.100	0.120	0.100	0.300	0.0800	0	0.00451
223	1595.34	1.62784e-04	3.05	1.45	0.130	0.0191	0.100	0.150	0.100	0.100	0.00409	0.100	0.100	0.120	0.100	0.300	0.0800	0	0.00427
224	1598.08	1.64362e-04	3.04	1.45	0.130	0.0190	0.100	0.150	0.100	0.100	0.00410	0.100	0.100	0.120	0.100	0.300	0.0800	0	0.00417
225	1600.81	1.65953e-04	3.05	1.45	0.130	0.0190	0.100	0.150	0.100	0.100	0.00417	0.100	0.100	0.120	0.100	0.300	0.0800	0	0.00456
226	1603.54	1.67644e-04	3.08	1.47	0.130	0.0190	0.100	0.150	0.100	0.100	0.00417	0.100	0.100	0.120	0.100	0.300	0.0800	0	0.00426
227	1606.26	1.69257e-04	3.11	1.48	0.130	0.0189	0.100	0.150	0.100	0.100	0.00418	0.100	0.100	0.120	0.100	0.300	0.0800	0	0.00453
228	1608.98	1.71055e-04	3.14	1.50	0.130	0.0189	0.100	0.150	0.100	0.100	0.00418	0.100	0.100	0.120	0.100	0.300	0.0800	0	0.00451
229	1611.69	1.72654e-04	3.15	1.50	0.130	0.0189	0.100	0.150	0.100	0.100	0.00409	0.100	0.100	0.120	0.100	0.300	0.0800	0	0.00466
230	1614.40	1.7439e-04	3.15	1.50	0.130	0.0188	0.100	0.150	0.100	0.100	0.00409	0.100	0.100	0.120	0.100	0.300	0.0800	0	0.00461
231	1617.10	1.76329e-04	3.15	1.50	0.130	0.0188	0.100	0.150	0.100	0.100	0.00410	0.100	0.100	0.120	0.100	0.300	0.0800	0	0.00458
232	1619.80	1.78352e-04	3.15	1.50	0.130	0.0188	0.100	0.150	0.100	0.100	0.00410	0.100	0.100	0.120	0.100	0.300	0.0800	0	0.00467
233	1622.49	1.80389e-04	3.15	1.50	0.130	0.0187	0.100	0.150	0.100	0.100	0.00415	0.100	0.100	0.120	0.100	0.300	0.0800	0	0.00489
234	1625.17	1.82774e-04	3.15	1.50	0.130	0.0187	0.100	0.150	0.100	0.100	0.00415	0.100	0.100	0.120	0.100	0.300	0.0800	0	0.00483
235	1627.85	1.85389e-04	3.15	1.50	0.130	0.0187	0.100	0.150	0.100	0.100	0.00415	0.100	0.100	0.120	0.100	0.300	0.0800	0	0.00514
236	1630.53	1.88141e-04	3.15	1.50	0.130	0.0186	0.100	0.150	0.100	0.100	0.00441	0.100	0.100	0.120	0.100	0.300	0.0800	0	0.00583
237	1633.20	1.91276e-04	3.15	1.50	0.130	0.0186	0.100	0.150	0.100	0.100	0.00441	0.100	0.100	0.120	0.100	0.300	0.0800	0	0.00527
238	1635.87	1.95527e-04	3.15	1.50	0.130	0.0186	0.100	0.150	0.100	0.100	0.00442	0.100	0.100	0.120	0.100	0.300	0.0800	0	0.00553
239	1638.53	2.00612e-04	3.15	1.50	0.130	0.0186	0.100	0.150	0.100	0.100	0.00442	0.100	0.100	0.120	0.100	0.300	0.0800	0	0.00548
240	1641.18	2.07159e-04	3.15	1.50	0.130	0.0185	0.100	0.150	0.100	0.100	0.00465	0.100	0.100	0.120	0.100	0.300	0.0800	0	0.00632
241	1643.83	2.16376e-04	3.15	1.50	0.130	0.0185	0.100	0.150	0.100	0.100	0.00466	0.100	0.100	0.120	0.100	0.300	0.0800	0	0.00609
242	1646.47	2.28954e-04	3.15	1.50	0.130	0.0185	0.100	0.150	0.100	0.100	0.00466	0.100	0.100	0.120	0.100	0.300	0.0800	0	0.00655
243	1649.11	2.4639e-04	3.15	1.50	0.130	0.0184	0.100	0.150	0.100	0.100	0.00466	0.100	0.100	0.120	0.100	0.300	0.0800	0	0.00748
244	1651.74	2.70432e-04	3.17	1.50	0.130	0.0184	0.100	0.250	0.100	0.100	0.00434	0.100	0.100	0.120	0.100	0.300	0.0800	0	0.00874
245	1654.37	3.03127e-04	3.17	1.50	0.130	0.0184	0.100	0.250	0.100	0.100	0.00434	0.100	0.100	0.120	0.100	0.300	0.0800	0	0.00994
246	1656.99	3.44732e-04	3.17	1.50	0.130	0.0183	0.100	0.250	0.100	0.100	0.00434	0.100	0.100	0.120	0.100	0.300	0.0800	0	0.0111
247	1659.61	3.97351e-04	3.17	1.50	0.130	0.0183	0.100	0.250	0.100	0.100	0.00434	0.100	0.100	0.120	0.100	0.300	0.0800	0	0.0119
248	1662.22	4.6202e-04	3.17	1.50	0.130	0.0183	0.100	0.250	0.100	0.100	0.00462	0.100	0.100	0.120	0.100	0.300	0.0800	0	0.0135
249	1664.83	5.39423e-04	3.17	1.50	0.130	0.0183	0.100	0.250	0.100	0.100	0.00462	0.100	0.100	0.120	0.100	0.300	0.0800	0	0.0156
250	1667.43	6.30587e-04	3.17	1.50	0.130	0.0182	0.100	0.250	0.100	0.100	0.00462	0.100	0.100	0.120	0.100	0.300	0.0800	0	0.0165
251	1670.02	7.34759e-04	3.17	1.50	0.130	0.0182	0.100	0.250	0.100	0.100	0.00508	0.100	0.100	0.120	0.100	0.300	0.0800	0	0.0201
252	1672.61	8.544e-04	3.17	1.50	0.130	0.0182	0.100	0.250	0.100	0.100	0.00523	0.100	0.100	0.120	0.100	0.300	0.0800	0	0.0225
253	1675.20	9.87936e-04	3.17	1.50	0.130	0.0181	0.100	0.250	0.100	0.100	0.00524	0.100	0.100	0.120	0.100	0.300	0.0800	0	0.0252
254	1677.78	1.13823e-03	3.17	1.50	0.130	0.0181	0.100	0.250	0.100	0.100	0.00524	0.100	0.100	0.120	0.100	0.300	0.0800	0	0.0292
255	1680.35	1.31034e-03	3.17	1.50	0.130	0.0181	0.100	0.250	0.100	0.100	0.00422	0.100	0.100	0.120	0.100	0.300	0.0800	0	0.0299
