# hypstar_220251_radcal_E_200904_swir.dat																			
# Calibrated by Joel Kuusk, Tartu Observatory, University of Tartu, 2020-09-04																			
#																			
# Applied corrections:																			
# nonlinearity	hypstar_220251_nonlin_corr_coefs_200903.dat																		
# wavelength	none																		
# thermal	none																		
# stray light	none																		
#																			
# E [mW m-2 nm-1] = DN / inttime_ms * 1000 * cal_coef																			
#																			
# px	wl	cal_coef	u_cal_coef(k=2)	u_lamp(k=1)	u_aging(k=1)	u_power(k=1)	u_align_lamp(k=1)	u_panel(k=1)	u_interp_panel(k=1)	u_align_panel(k=1)	u_wl_source(k=1)	u_lab_stray(k=1)	u_panel_backrefl(k=1)	u_dist(k=1)	u_align(k=1)	u_temp(k=1)	u_lin(k=1)	u_stray(k=1)	u_typeA(k=1)
1	884.9	3.86094e-02	1.63	0.613	0.0485	0.0344	0.100	0	0	0	0.0135	0.100	0	0.400	0.100	0.300	0.0750	0	0.0114
2	888.5	3.42776e-02	1.63	0.613	0.0485	0.0342	0.100	0	0	0	0.00486	0.100	0	0.400	0.100	0.300	0.0750	0	0.00984
3	892.1	3.26247e-02	1.63	0.613	0.0485	0.0341	0.100	0	0	0	0.00387	0.100	0	0.400	0.100	0.300	0.0750	0	0.00929
4	895.7	3.13252e-02	1.63	0.613	0.0485	0.0339	0.100	0	0	0	0.0127	0.100	0	0.400	0.100	0.300	0.0750	0	0.0106
5	899.3	3.01608e-02	1.65	0.613	0.0485	0.0338	0.100	0	0	0	0.139	0.100	0	0.400	0.100	0.300	0.0750	0	0.00854
6	902.8	2.88507e-02	3.68	1.76	0.0485	0.0337	0.100	0	0	0	0.123	0.100	0	0.400	0.100	0.300	0.0750	0	0.00931
7	906.4	2.76291e-02	3.67	1.76	0.0485	0.0335	0.100	0	0	0	0.0115	0.100	0	0.400	0.100	0.300	0.0750	0	0.00874
8	910	2.62593e-02	3.67	1.76	0.0485	0.0334	0.100	0	0	0	0.00712	0.100	0	0.400	0.100	0.300	0.0750	0	0.00776
9	913.6	2.45518e-02	3.67	1.76	0.0485	0.0333	0.100	0	0	0	0.00280	0.100	0	0.400	0.100	0.300	0.0750	0	0.00921
10	917.1	2.24568e-02	3.67	1.76	0.0485	0.0331	0.100	0	0	0	0.00133	0.100	0	0.400	0.100	0.300	0.0750	0	0.00868
11	920.7	2.0155e-02	3.67	1.76	0.0485	0.0330	0.100	0	0	0	0.00552	0.100	0	0.400	0.100	0.300	0.0750	0	0.00725
12	924.3	1.8352e-02	3.67	1.76	0.0485	0.0329	0.100	0	0	0	0.00964	0.100	0	0.400	0.100	0.300	0.0750	0	0.00584
13	927.8	1.72105e-02	3.67	1.76	0.0485	0.0328	0.100	0	0	0	0.0136	0.100	0	0.400	0.100	0.300	0.0750	0	0.00636
14	931.4	1.65439e-02	3.67	1.76	0.0485	0.0326	0.100	0	0	0	0.0176	0.100	0	0.400	0.100	0.300	0.0750	0	0.00602
15	934.9	1.60154e-02	3.67	1.76	0.0485	0.0325	0.100	0	0	0	0.0214	0.100	0	0.400	0.100	0.300	0.0750	0	0.00545
16	938.5	1.56407e-02	3.67	1.76	0.0485	0.0324	0.100	0	0	0	0.0253	0.100	0	0.400	0.100	0.300	0.0750	0	0.00526
17	942	1.53518e-02	3.67	1.76	0.0485	0.0323	0.100	0	0	0	0.0290	0.100	0	0.400	0.100	0.300	0.0750	0	0.00506
18	945.6	1.51116e-02	3.67	1.76	0.0485	0.0321	0.100	0	0	0	0.0327	0.100	0	0.400	0.100	0.300	0.0750	0	0.00558
19	949.1	1.47854e-02	3.67	1.76	0.0485	0.0320	0.100	0	0	0	0.0363	0.100	0	0.400	0.100	0.300	0.0750	0	0.00471
20	952.7	1.44985e-02	3.67	1.76	0.0485	0.0319	0.100	0	0	0	0.0400	0.100	0	0.400	0.100	0.300	0.0750	0	0.00578
21	956.2	1.4255e-02	3.67	1.76	0.0485	0.0318	0.100	0	0	0	0.0434	0.100	0	0.400	0.100	0.300	0.0750	0	0.00537
22	959.8	1.39919e-02	3.67	1.76	0.0485	0.0317	0.100	0	0	0	0.0470	0.100	0	0.400	0.100	0.300	0.0750	0	0.00616
23	963.3	1.36725e-02	3.67	1.76	0.0485	0.0316	0.100	0	0	0	0.0503	0.100	0	0.400	0.100	0.300	0.0750	0	0.00473
24	966.9	1.33393e-02	3.67	1.76	0.0485	0.0314	0.100	0	0	0	0.0538	0.100	0	0.400	0.100	0.300	0.0750	0	0.00565
25	970.4	1.30413e-02	3.67	1.76	0.0485	0.0313	0.100	0	0	0	0.0570	0.100	0	0.400	0.100	0.300	0.0750	0	0.00506
26	973.9	1.27893e-02	3.67	1.76	0.0485	0.0312	0.100	0	0	0	0.0602	0.100	0	0.400	0.100	0.300	0.0750	0	0.00527
27	977.5	1.25002e-02	3.67	1.76	0.0485	0.0311	0.100	0	0	0	0.0635	0.100	0	0.400	0.100	0.300	0.0750	0	0.00483
28	981	1.21992e-02	3.67	1.76	0.0485	0.0310	0.100	0	0	0	0.0666	0.100	0	0.400	0.100	0.300	0.0750	0	0.00481
29	984.5	1.19122e-02	3.67	1.76	0.0485	0.0309	0.100	0	0	0	0.0697	0.100	0	0.400	0.100	0.300	0.0750	0	0.00446
30	988	1.16641e-02	3.67	1.76	0.0485	0.0308	0.100	0	0	0	0.0727	0.100	0	0.400	0.100	0.300	0.0750	0	0.00452
31	991.5	1.14696e-02	3.67	1.76	0.0485	0.0307	0.100	0	0	0	0.0757	0.100	0	0.400	0.100	0.300	0.0750	0	0.00471
32	995.1	1.1266e-02	3.67	1.76	0.0485	0.0305	0.100	0	0	0	0.0787	0.100	0	0.400	0.100	0.300	0.0750	0	0.00378
33	998.6	1.10676e-02	3.67	1.76	0.0485	0.0304	0.100	0	0	0	0.0816	0.100	0	0.400	0.100	0.300	0.0750	0	0.00430
34	1002.1	1.08682e-02	3.59	1.71	0.0485	0.0303	0.100	0	0	0	0.0844	0.100	0	0.400	0.100	0.300	0.0750	0	0.00405
35	1005.6	1.07111e-02	3.45	1.64	0.0485	0.0302	0.100	0	0	0	0.0872	0.100	0	0.400	0.100	0.300	0.0750	0	0.00418
36	1009.1	1.06062e-02	3.31	1.56	0.0485	0.0301	0.100	0	0	0	0.0900	0.100	0	0.400	0.100	0.300	0.0750	0	0.00455
37	1012.6	1.05104e-02	3.28	1.54	0.0485	0.0300	0.100	0	0	0	0.0927	0.100	0	0.400	0.100	0.300	0.0750	0	0.00431
38	1016.1	1.03757e-02	3.28	1.54	0.0485	0.0299	0.100	0	0	0	0.0953	0.100	0	0.400	0.100	0.300	0.0750	0	0.00379
39	1019.6	1.0242e-02	3.28	1.54	0.0485	0.0298	0.100	0	0	0	0.0980	0.100	0	0.400	0.100	0.300	0.0750	0	0.00415
40	1023.1	1.01293e-02	3.28	1.54	0.0485	0.0297	0.100	0	0	0	0.101	0.100	0	0.400	0.100	0.300	0.0750	0	0.00393
41	1026.6	1.00585e-02	3.28	1.54	0.0485	0.0296	0.100	0	0	0	0.103	0.100	0	0.400	0.100	0.300	0.0750	0	0.00373
42	1030.1	1.00012e-02	3.28	1.54	0.0485	0.0295	0.100	0	0	0	0.106	0.100	0	0.400	0.100	0.300	0.0750	0	0.00433
43	1033.6	9.93985e-03	3.28	1.54	0.0485	0.0294	0.100	0	0	0	0.108	0.100	0	0.400	0.100	0.300	0.0750	0	0.00429
44	1037	9.85586e-03	3.28	1.54	0.0485	0.0293	0.100	0	0	0	0.110	0.100	0	0.400	0.100	0.300	0.0750	0	0.00434
45	1040.5	9.78372e-03	3.28	1.54	0.0485	0.0292	0.100	0	0	0	0.113	0.100	0	0.400	0.100	0.300	0.0750	0	0.00391
46	1044	9.72878e-03	3.28	1.54	0.0485	0.0291	0.100	0	0	0	0.115	0.100	0	0.400	0.100	0.300	0.0750	0	0.00412
47	1047.5	9.69823e-03	3.28	1.54	0.0485	0.0290	0.100	0	0	0	0.117	0.100	0	0.400	0.100	0.300	0.0750	0	0.00387
48	1050.9	9.68226e-03	3.28	1.54	0.0485	0.0289	0.100	0	0	0	0.120	0.100	0	0.400	0.100	0.300	0.0750	0	0.00381
49	1054.4	9.64487e-03	3.28	1.54	0.0485	0.0288	0.100	0	0	0	0.122	0.100	0	0.400	0.100	0.300	0.0750	0	0.00362
50	1057.9	9.5846e-03	3.28	1.54	0.0485	0.0287	0.100	0	0	0	0.124	0.100	0	0.400	0.100	0.300	0.0750	0	0.00418
51	1061.3	9.51054e-03	3.28	1.54	0.0485	0.0286	0.100	0	0	0	0.126	0.100	0	0.400	0.100	0.300	0.0750	0	0.00343
52	1064.8	9.44223e-03	3.28	1.54	0.0485	0.0285	0.100	0	0	0	0.128	0.100	0	0.400	0.100	0.300	0.0750	0	0.00359
53	1068.3	9.38943e-03	3.28	1.54	0.0485	0.0285	0.100	0	0	0	0.131	0.100	0	0.400	0.100	0.300	0.0750	0	0.00417
54	1071.7	9.31676e-03	3.28	1.54	0.0485	0.0284	0.100	0	0	0	0.133	0.100	0	0.400	0.100	0.300	0.0750	0	0.00377
55	1075.2	9.22095e-03	3.28	1.54	0.0485	0.0283	0.100	0	0	0	0.135	0.100	0	0.400	0.100	0.300	0.0750	0	0.00384
56	1078.6	9.11731e-03	3.28	1.54	0.0485	0.0282	0.100	0	0	0	0.137	0.100	0	0.400	0.100	0.300	0.0750	0	0.00365
57	1082.1	8.98726e-03	3.28	1.54	0.0485	0.0281	0.100	0	0	0	0.138	0.100	0	0.400	0.100	0.300	0.0750	0	0.00408
58	1085.5	8.8588e-03	3.28	1.54	0.0485	0.0280	0.100	0	0	0	0.140	0.100	0	0.400	0.100	0.300	0.0750	0	0.00353
59	1088.9	8.71781e-03	3.28	1.54	0.0485	0.0279	0.100	0	0	0	0.142	0.100	0	0.400	0.100	0.300	0.0750	0	0.00298
60	1092.4	8.56658e-03	3.24	1.52	0.0485	0.0278	0.100	0	0	0	0.144	0.100	0	0.400	0.100	0.300	0.0750	0	0.00351
61	1095.8	8.4456e-03	3.19	1.49	0.0485	0.0277	0.100	0	0	0	0.146	0.100	0	0.400	0.100	0.300	0.0750	0	0.00320
62	1099.2	8.3192e-03	3.13	1.46	0.0485	0.0277	0.100	0	0	0	0.148	0.100	0	0.400	0.100	0.300	0.0750	0	0.00363
63	1102.7	8.18084e-03	3.12	1.46	0.0485	0.0276	0.100	0	0	0	0.150	0.100	0	0.400	0.100	0.300	0.0750	0	0.00351
64	1106.1	8.03127e-03	3.12	1.46	0.0485	0.0275	0.100	0	0	0	0.151	0.100	0	0.400	0.100	0.300	0.0750	0	0.00364
65	1109.5	7.91038e-03	3.12	1.46	0.0485	0.0274	0.100	0	0	0	0.153	0.100	0	0.400	0.100	0.300	0.0750	0	0.00357
66	1112.9	7.81081e-03	3.12	1.46	0.0485	0.0273	0.100	0	0	0	0.155	0.100	0	0.400	0.100	0.300	0.0750	0	0.00324
67	1116.3	7.72569e-03	3.12	1.46	0.0485	0.0272	0.100	0	0	0	0.156	0.100	0	0.400	0.100	0.300	0.0750	0	0.00334
68	1119.7	7.64717e-03	3.12	1.46	0.0485	0.0272	0.100	0	0	0	0.158	0.100	0	0.400	0.100	0.300	0.0750	0	0.00327
69	1123.1	7.57994e-03	3.12	1.46	0.0485	0.0271	0.100	0	0	0	0.159	0.100	0	0.400	0.100	0.300	0.0750	0	0.00381
70	1126.5	7.49368e-03	3.12	1.46	0.0485	0.0270	0.100	0	0	0	0.161	0.100	0	0.400	0.100	0.300	0.0750	0	0.00296
71	1129.9	7.43313e-03	3.12	1.46	0.0485	0.0269	0.100	0	0	0	0.163	0.100	0	0.400	0.100	0.300	0.0750	0	0.00287
72	1133.3	7.39462e-03	3.12	1.46	0.0485	0.0268	0.100	0	0	0	0.164	0.100	0	0.400	0.100	0.300	0.0750	0	0.00359
73	1136.7	7.37648e-03	3.12	1.46	0.0485	0.0267	0.100	0	0	0	0.166	0.100	0	0.400	0.100	0.300	0.0750	0	0.00334
74	1140.1	7.38718e-03	3.12	1.45	0.0485	0.0267	0.100	0	0	0	0.167	0.100	0	0.400	0.100	0.300	0.0750	0	0.00323
75	1143.5	7.40487e-03	3.11	1.45	0.0485	0.0266	0.100	0	0	0	0.169	0.100	0	0.400	0.100	0.300	0.0750	0	0.00301
76	1146.9	7.43372e-03	3.11	1.45	0.0485	0.0265	0.100	0	0	0	0.170	0.100	0	0.400	0.100	0.300	0.0750	0	0.00286
77	1150.3	7.4455e-03	3.10	1.44	0.0485	0.0264	0.100	0	0	0	0.171	0.100	0	0.400	0.100	0.300	0.0750	0	0.00345
78	1153.6	7.45803e-03	3.10	1.44	0.0485	0.0264	0.100	0	0	0	0.173	0.100	0	0.400	0.100	0.300	0.0750	0	0.00317
79	1157	7.46463e-03	3.10	1.44	0.0485	0.0263	0.100	0	0	0	0.174	0.100	0	0.400	0.100	0.300	0.0750	0	0.00358
80	1160.4	7.47439e-03	3.10	1.44	0.0485	0.0262	0.100	0	0	0	0.175	0.100	0	0.400	0.100	0.300	0.0750	0	0.00324
81	1163.8	7.48586e-03	3.10	1.44	0.0485	0.0261	0.100	0	0	0	0.177	0.100	0	0.400	0.100	0.300	0.0750	0	0.00340
82	1167.1	7.48762e-03	3.10	1.44	0.0485	0.0260	0.100	0	0	0	0.178	0.100	0	0.400	0.100	0.300	0.0750	0	0.00330
83	1170.5	7.46022e-03	3.10	1.44	0.0485	0.0260	0.100	0	0	0	0.179	0.100	0	0.400	0.100	0.300	0.0750	0	0.00390
84	1173.8	7.41071e-03	3.10	1.44	0.0485	0.0259	0.100	0	0	0	0.181	0.100	0	0.400	0.100	0.300	0.0750	0	0.00300
85	1177.2	7.32952e-03	3.10	1.44	0.0485	0.0258	0.100	0	0	0	0.182	0.100	0	0.400	0.100	0.300	0.0750	0	0.00362
86	1180.5	7.22033e-03	3.10	1.44	0.0485	0.0258	0.100	0	0	0	0.183	0.100	0	0.400	0.100	0.300	0.0750	0	0.00349
87	1183.9	7.10651e-03	3.11	1.44	0.0485	0.0257	0.100	0	0	0	0.184	0.100	0	0.400	0.100	0.300	0.0750	0	0.00311
88	1187.2	7.00145e-03	3.11	1.44	0.0485	0.0256	0.100	0	0	0	0.185	0.100	0	0.400	0.100	0.300	0.0750	0	0.00315
89	1190.5	6.90322e-03	3.11	1.44	0.0485	0.0255	0.100	0	0	0	0.187	0.100	0	0.400	0.100	0.300	0.0750	0	0.00313
90	1193.9	6.82199e-03	3.11	1.44	0.0485	0.0255	0.100	0	0	0	0.188	0.100	0	0.400	0.100	0.300	0.0750	0	0.00340
91	1197.2	6.76042e-03	3.11	1.44	0.0485	0.0254	0.100	0	0	0	0.189	0.100	0	0.400	0.100	0.300	0.0750	0	0.00294
92	1200.5	6.7116e-03	3.11	1.44	0.0485	0.0253	0.100	0	0	0	0.190	0.100	0	0.400	0.100	0.300	0.0750	0	0.00320
93	1203.9	6.67249e-03	3.11	1.44	0.0485	0.0253	0.100	0	0	0	0.191	0.100	0	0.400	0.100	0.300	0.0750	0	0.00273
94	1207.2	6.63829e-03	3.11	1.44	0.0485	0.0252	0.100	0	0	0	0.192	0.100	0	0.400	0.100	0.300	0.0750	0	0.00321
95	1210.5	6.62431e-03	3.11	1.44	0.0485	0.0251	0.100	0	0	0	0.193	0.100	0	0.400	0.100	0.300	0.0750	0	0.00307
96	1213.8	6.59596e-03	3.11	1.44	0.0485	0.0250	0.100	0	0	0	0.194	0.100	0	0.400	0.100	0.300	0.0750	0	0.00277
97	1217.1	6.56726e-03	3.11	1.44	0.0485	0.0250	0.100	0	0	0	0.195	0.100	0	0.400	0.100	0.300	0.0750	0	0.00295
98	1220.4	6.52371e-03	3.11	1.44	0.0485	0.0249	0.100	0	0	0	0.196	0.100	0	0.400	0.100	0.300	0.0750	0	0.00343
99	1223.7	6.47272e-03	3.11	1.44	0.0485	0.0248	0.100	0	0	0	0.197	0.100	0	0.400	0.100	0.300	0.0750	0	0.00298
100	1227	6.43388e-03	3.11	1.44	0.0485	0.0248	0.100	0	0	0	0.198	0.100	0	0.400	0.100	0.300	0.0750	0	0.00325
101	1230.3	6.39394e-03	3.11	1.44	0.0485	0.0247	0.100	0	0	0	0.199	0.100	0	0.400	0.100	0.300	0.0750	0	0.00354
102	1233.6	6.35453e-03	3.11	1.44	0.0485	0.0246	0.100	0	0	0	0.200	0.100	0	0.400	0.100	0.300	0.0750	0	0.00307
103	1236.9	6.32711e-03	3.11	1.44	0.0485	0.0246	0.100	0	0	0	0.201	0.100	0	0.400	0.100	0.300	0.0750	0	0.00293
104	1240.1	6.31027e-03	3.11	1.44	0.0485	0.0245	0.100	0	0	0	0.202	0.100	0	0.400	0.100	0.300	0.0750	0	0.00269
105	1243.4	6.30459e-03	3.11	1.44	0.0485	0.0244	0.100	0	0	0	0.203	0.100	0	0.400	0.100	0.300	0.0750	0	0.00342
106	1246.7	6.30903e-03	3.11	1.44	0.0485	0.0244	0.100	0	0	0	0.204	0.100	0	0.400	0.100	0.300	0.0750	0	0.00339
107	1250	6.31288e-03	3.11	1.44	0.0485	0.0243	0.100	0	0	0	0.205	0.100	0	0.400	0.100	0.300	0.0750	0	0.00310
108	1253.2	6.31058e-03	3.11	1.44	0.0485	0.0243	0.100	0	0	0	0.206	0.100	0	0.400	0.100	0.300	0.0750	0	0.00310
109	1256.5	6.30787e-03	3.11	1.44	0.0485	0.0242	0.100	0	0	0	0.207	0.100	0	0.400	0.100	0.300	0.0750	0	0.00350
110	1259.7	6.28878e-03	3.11	1.44	0.0485	0.0241	0.100	0	0	0	0.207	0.100	0	0.400	0.100	0.300	0.0750	0	0.00315
111	1263	6.25169e-03	3.11	1.44	0.0485	0.0241	0.100	0	0	0	0.208	0.100	0	0.400	0.100	0.300	0.0750	0	0.00317
112	1266.2	6.20798e-03	3.11	1.44	0.0485	0.0240	0.100	0	0	0	0.209	0.100	0	0.400	0.100	0.300	0.0750	0	0.00299
113	1269.5	6.14634e-03	3.11	1.44	0.0485	0.0239	0.100	0	0	0	0.210	0.100	0	0.400	0.100	0.300	0.0750	0	0.00348
114	1272.7	6.0889e-03	3.11	1.44	0.0485	0.0239	0.100	0	0	0	0.211	0.100	0	0.400	0.100	0.300	0.0750	0	0.00305
115	1276	6.03546e-03	3.11	1.44	0.0485	0.0238	0.100	0	0	0	0.211	0.100	0	0.400	0.100	0.300	0.0750	0	0.00308
116	1279.2	5.99041e-03	3.11	1.44	0.0485	0.0238	0.100	0	0	0	0.212	0.100	0	0.400	0.100	0.300	0.0750	0	0.00329
117	1282.4	5.94722e-03	3.11	1.44	0.0485	0.0237	0.100	0	0	0	0.213	0.100	0	0.400	0.100	0.300	0.0750	0	0.00321
118	1285.7	5.90149e-03	3.11	1.44	0.0485	0.0236	0.100	0	0	0	0.214	0.100	0	0.400	0.100	0.300	0.0750	0	0.00279
119	1288.9	5.85836e-03	3.11	1.44	0.0485	0.0236	0.100	0	0	0	0.215	0.100	0	0.400	0.100	0.300	0.0750	0	0.00326
120	1292.1	5.81708e-03	3.11	1.44	0.0485	0.0235	0.100	0	0	0	0.215	0.100	0	0.400	0.100	0.300	0.0750	0	0.00315
121	1295.3	5.77574e-03	3.11	1.44	0.0485	0.0235	0.100	0	0	0	0.216	0.100	0	0.400	0.100	0.300	0.0750	0	0.00316
122	1298.5	5.73049e-03	3.11	1.44	0.0485	0.0234	0.100	0	0	0	0.217	0.100	0	0.400	0.100	0.300	0.0750	0	0.00314
123	1301.7	5.68731e-03	3.11	1.44	0.0485	0.0234	0.100	0	0	0	0.217	0.100	0	0.400	0.100	0.300	0.0750	0	0.00284
124	1304.9	5.65047e-03	3.11	1.44	0.0485	0.0233	0.100	0	0	0	0.218	0.100	0	0.400	0.100	0.300	0.0750	0	0.00382
125	1308.1	5.63057e-03	3.11	1.44	0.0485	0.0232	0.100	0	0	0	0.219	0.100	0	0.400	0.100	0.300	0.0750	0	0.00322
126	1311.3	5.60028e-03	3.11	1.44	0.0485	0.0232	0.100	0	0	0	0.220	0.100	0	0.400	0.100	0.300	0.0750	0	0.00277
127	1314.5	5.58175e-03	3.11	1.44	0.0485	0.0231	0.100	0	0	0	0.220	0.100	0	0.400	0.100	0.300	0.0750	0	0.00344
128	1317.7	5.55703e-03	3.11	1.44	0.0485	0.0231	0.100	0	0	0	0.221	0.100	0	0.400	0.100	0.300	0.0750	0	0.00300
129	1320.9	5.53085e-03	3.11	1.44	0.0485	0.0230	0.100	0	0	0	0.222	0.100	0	0.400	0.100	0.300	0.0750	0	0.00314
130	1324	5.50053e-03	3.12	1.44	0.0485	0.0230	0.100	0	0	0	0.222	0.100	0	0.400	0.100	0.300	0.0750	0	0.00283
131	1327.2	5.46664e-03	3.12	1.44	0.0485	0.0229	0.100	0	0	0	0.223	0.100	0	0.400	0.100	0.300	0.0750	0	0.00309
132	1330.4	5.42288e-03	3.12	1.44	0.0485	0.0229	0.100	0	0	0	0.224	0.100	0	0.400	0.100	0.300	0.0750	0	0.00273
133	1333.5	5.37992e-03	3.12	1.44	0.0485	0.0228	0.100	0	0	0	0.224	0.100	0	0.400	0.100	0.300	0.0750	0	0.00285
134	1336.7	5.35595e-03	3.12	1.44	0.0485	0.0227	0.100	0	0	0	0.225	0.100	0	0.400	0.100	0.300	0.0750	0	0.00319
135	1339.8	5.33959e-03	3.12	1.44	0.0485	0.0227	0.100	0	0	0	0.225	0.100	0	0.400	0.100	0.300	0.0750	0	0.00287
136	1343	5.34388e-03	3.12	1.44	0.0485	0.0226	0.100	0	0	0	0.226	0.100	0	0.400	0.100	0.300	0.0750	0	0.00320
137	1346.1	5.36317e-03	3.12	1.44	0.0485	0.0226	0.100	0	0	0	0.227	0.100	0	0.400	0.100	0.300	0.0750	0	0.00307
138	1349.3	5.41357e-03	3.12	1.44	0.0485	0.0225	0.100	0	0	0	0.227	0.100	0	0.400	0.100	0.300	0.0750	0	0.00326
139	1352.4	5.47738e-03	3.12	1.44	0.0485	0.0225	0.100	0	0	0	0.228	0.100	0	0.400	0.100	0.300	0.0750	0	0.00334
140	1355.5	5.54596e-03	3.12	1.44	0.0485	0.0224	0.100	0	0	0	0.228	0.100	0	0.400	0.100	0.300	0.0750	0	0.00324
141	1358.7	5.61619e-03	3.12	1.44	0.0485	0.0224	0.100	0	0	0	0.229	0.100	0	0.400	0.100	0.300	0.0750	0	0.00391
142	1361.8	5.65295e-03	3.12	1.44	0.0485	0.0223	0.100	0	0	0	0.230	0.100	0	0.400	0.100	0.300	0.0750	0	0.00345
143	1364.9	5.65931e-03	3.12	1.44	0.0485	0.0223	0.100	0	0	0	0.230	0.100	0	0.400	0.100	0.300	0.0750	0	0.00312
144	1368	5.6375e-03	3.12	1.44	0.0485	0.0222	0.100	0	0	0	0.231	0.100	0	0.400	0.100	0.300	0.0750	0	0.00310
145	1371.1	5.63272e-03	3.12	1.44	0.0485	0.0222	0.100	0	0	0	0.231	0.100	0	0.400	0.100	0.300	0.0750	0	0.00308
146	1374.2	5.68759e-03	3.12	1.44	0.0485	0.0221	0.100	0	0	0	0.232	0.100	0	0.400	0.100	0.300	0.0750	0	0.00341
147	1377.3	5.81703e-03	3.12	1.44	0.0485	0.0221	0.100	0	0	0	0.232	0.100	0	0.400	0.100	0.300	0.0750	0	0.00294
148	1380.4	5.96054e-03	3.12	1.44	0.0485	0.0220	0.100	0	0	0	0.233	0.100	0	0.400	0.100	0.300	0.0750	0	0.00338
149	1383.5	6.02403e-03	3.12	1.44	0.0485	0.0220	0.100	0	0	0	0.233	0.100	0	0.400	0.100	0.300	0.0750	0	0.00337
150	1386.6	5.9888e-03	3.12	1.44	0.0485	0.0219	0.100	0	0	0	0.234	0.100	0	0.400	0.100	0.300	0.0750	0	0.00385
151	1389.7	5.96234e-03	3.12	1.44	0.0485	0.0219	0.100	0	0	0	0.234	0.100	0	0.400	0.100	0.300	0.0750	0	0.00312
152	1392.8	5.97176e-03	3.13	1.45	0.0485	0.0218	0.100	0	0	0	0.235	0.100	0	0.400	0.100	0.300	0.0750	0	0.00351
153	1395.8	5.97356e-03	3.15	1.46	0.0485	0.0218	0.100	0	0	0	0.235	0.100	0	0.400	0.100	0.300	0.0750	0	0.00322
154	1398.9	5.96018e-03	3.17	1.47	0.0485	0.0217	0.100	0	0	0	0.236	0.100	0	0.400	0.100	0.300	0.0750	0	0.00340
155	1402	5.93394e-03	3.18	1.48	0.0485	0.0217	0.100	0	0	0	0.237	0.100	0	0.400	0.100	0.300	0.0750	0	0.00333
156	1405	5.90942e-03	3.18	1.48	0.0485	0.0216	0.100	0	0	0	0.237	0.100	0	0.400	0.100	0.300	0.0750	0	0.00323
157	1408.1	5.86804e-03	3.18	1.48	0.0485	0.0216	0.100	0	0	0	0.237	0.100	0	0.400	0.100	0.300	0.0750	0	0.00345
158	1411.1	5.82662e-03	3.18	1.48	0.0485	0.0215	0.100	0	0	0	0.238	0.100	0	0.400	0.100	0.300	0.0750	0	0.00368
159	1414.2	5.78625e-03	3.18	1.48	0.0485	0.0215	0.100	0	0	0	0.238	0.100	0	0.400	0.100	0.300	0.0750	0	0.00360
160	1417.2	5.75315e-03	3.18	1.48	0.0485	0.0215	0.100	0	0	0	0.239	0.100	0	0.400	0.100	0.300	0.0750	0	0.00398
161	1420.3	5.7273e-03	3.19	1.48	0.0485	0.0214	0.100	0	0	0	0.239	0.100	0	0.400	0.100	0.300	0.0750	0	0.00382
162	1423.3	5.70428e-03	3.19	1.48	0.0485	0.0214	0.100	0	0	0	0.240	0.100	0	0.400	0.100	0.300	0.0750	0	0.00326
163	1426.3	5.6821e-03	3.19	1.48	0.0485	0.0213	0.100	0	0	0	0.240	0.100	0	0.400	0.100	0.300	0.0750	0	0.00331
164	1429.4	5.66408e-03	3.19	1.48	0.0485	0.0213	0.100	0	0	0	0.241	0.100	0	0.400	0.100	0.300	0.0750	0	0.00375
165	1432.4	5.65203e-03	3.19	1.48	0.0485	0.0212	0.100	0	0	0	0.241	0.100	0	0.400	0.100	0.300	0.0750	0	0.00364
166	1435.4	5.63903e-03	3.19	1.48	0.0485	0.0212	0.100	0	0	0	0.242	0.100	0	0.400	0.100	0.300	0.0750	0	0.00319
167	1438.4	5.62124e-03	3.19	1.48	0.0485	0.0211	0.100	0	0	0	0.242	0.100	0	0.400	0.100	0.300	0.0750	0	0.00352
168	1441.4	5.61025e-03	3.18	1.48	0.0485	0.0211	0.100	0	0	0	0.243	0.100	0	0.400	0.100	0.300	0.0750	0	0.00387
169	1444.4	5.59421e-03	3.16	1.46	0.0485	0.0210	0.100	0	0	0	0.243	0.100	0	0.400	0.100	0.300	0.0750	0	0.00343
170	1447.4	5.58456e-03	3.14	1.45	0.0485	0.0210	0.100	0	0	0	0.243	0.100	0	0.400	0.100	0.300	0.0750	0	0.00377
171	1450.4	5.57489e-03	3.13	1.45	0.0485	0.0210	0.100	0	0	0	0.244	0.100	0	0.400	0.100	0.300	0.0750	0	0.00340
172	1453.4	5.57072e-03	3.16	1.47	0.0485	0.0209	0.100	0	0	0	0.244	0.100	0	0.400	0.100	0.300	0.0750	0	0.00350
173	1456.4	5.57091e-03	3.19	1.48	0.0485	0.0209	0.100	0	0	0	0.245	0.100	0	0.400	0.100	0.300	0.0750	0	0.00394
174	1459.3	5.58055e-03	3.23	1.50	0.0485	0.0208	0.100	0	0	0	0.245	0.100	0	0.400	0.100	0.300	0.0750	0	0.00388
175	1462.3	5.59553e-03	3.24	1.51	0.0485	0.0208	0.100	0	0	0	0.245	0.100	0	0.400	0.100	0.300	0.0750	0	0.00325
176	1465.3	5.61116e-03	3.24	1.51	0.0485	0.0207	0.100	0	0	0	0.246	0.100	0	0.400	0.100	0.300	0.0750	0	0.00313
177	1468.2	5.62643e-03	3.24	1.51	0.0485	0.0207	0.100	0	0	0	0.246	0.100	0	0.400	0.100	0.300	0.0750	0	0.00336
178	1471.2	5.63847e-03	3.24	1.51	0.0485	0.0207	0.100	0	0	0	0.247	0.100	0	0.400	0.100	0.300	0.0750	0	0.00313
179	1474.1	5.65118e-03	3.24	1.51	0.0485	0.0206	0.100	0	0	0	0.247	0.100	0	0.400	0.100	0.300	0.0750	0	0.00343
180	1477.1	5.66169e-03	3.24	1.51	0.0485	0.0206	0.100	0	0	0	0.247	0.100	0	0.400	0.100	0.300	0.0750	0	0.00356
181	1480	5.66099e-03	3.24	1.51	0.0485	0.0205	0.100	0	0	0	0.248	0.100	0	0.400	0.100	0.300	0.0750	0	0.00323
182	1483	5.66982e-03	3.24	1.51	0.0485	0.0205	0.100	0	0	0	0.248	0.100	0	0.400	0.100	0.300	0.0750	0	0.00388
183	1485.9	5.67857e-03	3.24	1.51	0.0485	0.0205	0.100	0	0	0	0.248	0.100	0	0.400	0.100	0.300	0.0750	0	0.00386
184	1488.8	5.68823e-03	3.24	1.51	0.0485	0.0204	0.100	0	0	0	0.249	0.100	0	0.400	0.100	0.300	0.0750	0	0.00378
185	1491.7	5.69483e-03	3.23	1.50	0.0485	0.0204	0.100	0	0	0	0.249	0.100	0	0.400	0.100	0.300	0.0750	0	0.00377
186	1494.7	5.69899e-03	3.22	1.50	0.0485	0.0203	0.100	0	0	0	0.250	0.100	0	0.400	0.100	0.300	0.0750	0	0.00337
187	1497.6	5.72146e-03	3.21	1.49	0.0485	0.0203	0.100	0	0	0	0.250	0.100	0	0.400	0.100	0.300	0.0750	0	0.00383
188	1500.5	5.73851e-03	3.21	1.49	0.0485	0.0203	0.100	0	0	0	0.250	0.100	0	0.400	0.100	0.300	0.0750	0	0.00363
189	1503.4	5.75479e-03	3.21	1.49	0.0485	0.0202	0.100	0	0	0	0.251	0.100	0	0.400	0.100	0.300	0.0750	0	0.00432
190	1506.3	5.77616e-03	3.21	1.49	0.0485	0.0202	0.100	0	0	0	0.251	0.100	0	0.400	0.100	0.300	0.0750	0	0.00363
191	1509.2	5.79749e-03	3.21	1.49	0.0485	0.0201	0.100	0	0	0	0.251	0.100	0	0.400	0.100	0.300	0.0750	0	0.00333
192	1512.1	5.81394e-03	3.21	1.49	0.0485	0.0201	0.100	0	0	0	0.252	0.100	0	0.400	0.100	0.300	0.0750	0	0.00345
193	1515	5.84114e-03	3.21	1.49	0.0485	0.0201	0.100	0	0	0	0.252	0.100	0	0.400	0.100	0.300	0.0750	0	0.00373
194	1517.8	5.85758e-03	3.21	1.49	0.0485	0.0200	0.100	0	0	0	0.252	0.100	0	0.400	0.100	0.300	0.0750	0	0.00321
195	1520.7	5.87411e-03	3.21	1.49	0.0485	0.0200	0.100	0	0	0	0.253	0.100	0	0.400	0.100	0.300	0.0750	0	0.00354
196	1523.6	5.89083e-03	3.21	1.49	0.0485	0.0200	0.100	0	0	0	0.253	0.100	0	0.400	0.100	0.300	0.0750	0	0.00365
197	1526.4	5.92076e-03	3.21	1.49	0.0485	0.0199	0.100	0	0	0	0.253	0.100	0	0.400	0.100	0.300	0.0750	0	0.00425
198	1529.3	5.9371e-03	3.21	1.49	0.0485	0.0199	0.100	0	0	0	0.253	0.100	0	0.400	0.100	0.300	0.0750	0	0.00359
199	1532.2	5.95884e-03	3.21	1.49	0.0485	0.0198	0.100	0	0	0	0.254	0.100	0	0.400	0.100	0.300	0.0750	0	0.00424
200	1535	5.97587e-03	3.21	1.49	0.0485	0.0198	0.100	0	0	0	0.254	0.100	0	0.400	0.100	0.300	0.0750	0	0.00416
201	1537.8	5.99906e-03	3.21	1.49	0.0485	0.0198	0.100	0	0	0	0.254	0.100	0	0.400	0.100	0.300	0.0750	0	0.00355
202	1540.7	6.01892e-03	3.20	1.49	0.0485	0.0197	0.100	0	0	0	0.255	0.100	0	0.400	0.100	0.300	0.0750	0	0.00396
203	1543.5	6.04481e-03	3.19	1.48	0.0485	0.0197	0.100	0	0	0	0.255	0.100	0	0.400	0.100	0.300	0.0750	0	0.00330
204	1546.3	6.06099e-03	3.17	1.47	0.0485	0.0197	0.100	0	0	0	0.255	0.100	0	0.400	0.100	0.300	0.0750	0	0.00392
205	1549.2	6.08237e-03	3.15	1.46	0.0485	0.0196	0.100	0	0	0	0.255	0.100	0	0.400	0.100	0.300	0.0750	0	0.00384
206	1552	6.11499e-03	3.14	1.46	0.0485	0.0196	0.100	0	0	0	0.256	0.100	0	0.400	0.100	0.300	0.0750	0	0.00355
207	1554.8	6.14058e-03	3.14	1.46	0.0485	0.0196	0.100	0	0	0	0.256	0.100	0	0.400	0.100	0.300	0.0750	0	0.00399
208	1557.6	6.16994e-03	3.14	1.46	0.0485	0.0195	0.100	0	0	0	0.256	0.100	0	0.400	0.100	0.300	0.0750	0	0.00394
209	1560.4	6.20434e-03	3.14	1.46	0.0485	0.0195	0.100	0	0	0	0.257	0.100	0	0.400	0.100	0.300	0.0750	0	0.00436
210	1563.2	6.22982e-03	3.14	1.46	0.0485	0.0194	0.100	0	0	0	0.257	0.100	0	0.400	0.100	0.300	0.0750	0	0.00416
211	1566	6.25618e-03	3.14	1.46	0.0485	0.0194	0.100	0	0	0	0.257	0.100	0	0.400	0.100	0.300	0.0750	0	0.00395
212	1568.8	6.29216e-03	3.14	1.46	0.0485	0.0194	0.100	0	0	0	0.257	0.100	0	0.400	0.100	0.300	0.0750	0	0.00430
213	1571.6	6.30433e-03	3.14	1.46	0.0485	0.0193	0.100	0	0	0	0.257	0.100	0	0.400	0.100	0.300	0.0750	0	0.00434
214	1574.4	6.34213e-03	3.14	1.46	0.0485	0.0193	0.100	0	0	0	0.258	0.100	0	0.400	0.100	0.300	0.0750	0	0.00383
215	1577.1	6.37615e-03	3.14	1.46	0.0485	0.0193	0.100	0	0	0	0.258	0.100	0	0.400	0.100	0.300	0.0750	0	0.00406
216	1579.9	6.42072e-03	3.14	1.46	0.0485	0.0192	0.100	0	0	0	0.258	0.100	0	0.400	0.100	0.300	0.0750	0	0.00424
217	1582.7	6.45346e-03	3.14	1.46	0.0485	0.0192	0.100	0	0	0	0.258	0.100	0	0.400	0.100	0.300	0.0750	0	0.00451
218	1585.4	6.49559e-03	3.14	1.46	0.0485	0.0192	0.100	0	0	0	0.259	0.100	0	0.400	0.100	0.300	0.0750	0	0.00426
219	1588.2	6.54886e-03	3.14	1.46	0.0485	0.0191	0.100	0	0	0	0.259	0.100	0	0.400	0.100	0.300	0.0750	0	0.00409
220	1590.9	6.5932e-03	3.14	1.45	0.0485	0.0191	0.100	0	0	0	0.259	0.100	0	0.400	0.100	0.300	0.0750	0	0.00485
221	1593.7	6.63491e-03	3.14	1.45	0.0485	0.0191	0.100	0	0	0	0.259	0.100	0	0.400	0.100	0.300	0.0750	0	0.00447
222	1596.4	6.69798e-03	3.14	1.45	0.0485	0.0190	0.100	0	0	0	0.259	0.100	0	0.400	0.100	0.300	0.0750	0	0.00432
223	1599.1	6.74093e-03	3.14	1.45	0.0485	0.0190	0.100	0	0	0	0.260	0.100	0	0.400	0.100	0.300	0.0750	0	0.00427
224	1601.8	6.79629e-03	3.15	1.46	0.0485	0.0190	0.100	0	0	0	0.260	0.100	0	0.400	0.100	0.300	0.0750	0	0.00494
225	1604.6	6.84454e-03	3.18	1.48	0.0485	0.0189	0.100	0	0	0	0.260	0.100	0	0.400	0.100	0.300	0.0750	0	0.00571
226	1607.3	6.90261e-03	3.21	1.49	0.0485	0.0189	0.100	0	0	0	0.260	0.100	0	0.400	0.100	0.300	0.0750	0	0.00464
227	1610	6.95625e-03	3.24	1.50	0.0485	0.0189	0.100	0	0	0	0.260	0.100	0	0.400	0.100	0.300	0.0750	0	0.00473
228	1612.7	7.01901e-03	3.24	1.50	0.0485	0.0189	0.100	0	0	0	0.261	0.100	0	0.400	0.100	0.300	0.0750	0	0.00492
229	1615.4	7.07068e-03	3.24	1.50	0.0485	0.0188	0.100	0	0	0	0.261	0.100	0	0.400	0.100	0.300	0.0750	0	0.00540
230	1618.1	7.12401e-03	3.24	1.50	0.0485	0.0188	0.100	0	0	0	0.261	0.100	0	0.400	0.100	0.300	0.0750	0	0.00522
231	1620.8	7.19172e-03	3.24	1.50	0.0485	0.0188	0.100	0	0	0	0.261	0.100	0	0.400	0.100	0.300	0.0750	0	0.00545
232	1623.5	7.25794e-03	3.24	1.50	0.0485	0.0187	0.100	0	0	0	0.261	0.100	0	0.400	0.100	0.300	0.0750	0	0.00565
233	1626.1	7.33293e-03	3.24	1.50	0.0485	0.0187	0.100	0	0	0	0.261	0.100	0	0.400	0.100	0.300	0.0750	0	0.00508
234	1628.8	7.42682e-03	3.24	1.50	0.0485	0.0187	0.100	0	0	0	0.261	0.100	0	0.400	0.100	0.300	0.0750	0	0.00545
235	1631.5	7.52319e-03	3.24	1.50	0.0485	0.0186	0.100	0	0	0	0.262	0.100	0	0.400	0.100	0.300	0.0750	0	0.00495
236	1634.1	7.65366e-03	3.24	1.50	0.0485	0.0186	0.100	0	0	0	0.262	0.100	0	0.400	0.100	0.300	0.0750	0	0.00545
237	1636.8	7.8057e-03	3.24	1.50	0.0485	0.0186	0.100	0	0	0	0.262	0.100	0	0.400	0.100	0.300	0.0750	0	0.00537
238	1639.5	7.99102e-03	3.24	1.50	0.0485	0.0185	0.100	0	0	0	0.262	0.100	0	0.400	0.100	0.300	0.0750	0	0.00501
239	1642.1	8.2415e-03	3.24	1.50	0.0485	0.0185	0.100	0	0	0	0.262	0.100	0	0.400	0.100	0.300	0.0750	0	0.00548
240	1644.7	8.57887e-03	3.24	1.50	0.0485	0.0185	0.100	0	0	0	0.262	0.100	0	0.400	0.100	0.300	0.0750	0	0.00565
241	1647.4	9.05295e-03	3.24	1.50	0.0485	0.0185	0.100	0	0	0	0.262	0.100	0	0.400	0.100	0.300	0.0750	0	0.00600
242	1650	9.74155e-03	3.24	1.50	0.0485	0.0184	0.100	0	0	0	0.263	0.100	0	0.400	0.100	0.300	0.0750	0	0.00621
243	1652.6	1.06569e-02	3.24	1.50	0.0485	0.0184	0.100	0	0	0	0.263	0.100	0	0.400	0.100	0.300	0.0750	0	0.00712
244	1655.3	1.19278e-02	3.24	1.50	0.0485	0.0184	0.100	0	0	0	0.263	0.100	0	0.400	0.100	0.300	0.0750	0	0.00689
245	1657.9	1.35567e-02	3.24	1.50	0.0485	0.0183	0.100	0	0	0	0.263	0.100	0	0.400	0.100	0.300	0.0750	0	0.00829
246	1660.5	1.563e-02	3.24	1.50	0.0485	0.0183	0.100	0	0	0	0.263	0.100	0	0.400	0.100	0.300	0.0750	0	0.00925
247	1663.1	1.82063e-02	3.24	1.50	0.0485	0.0183	0.100	0	0	0	0.263	0.100	0	0.400	0.100	0.300	0.0750	0	0.0116
248	1665.7	2.12709e-02	3.24	1.50	0.0485	0.0183	0.100	0	0	0	0.263	0.100	0	0.400	0.100	0.300	0.0750	0	0.0147
249	1668.3	2.48335e-02	3.24	1.50	0.0485	0.0182	0.100	0	0	0	0.263	0.100	0	0.400	0.100	0.300	0.0750	0	0.0165
250	1670.9	2.89906e-02	3.24	1.50	0.0485	0.0182	0.100	0	0	0	0.263	0.100	0	0.400	0.100	0.300	0.0750	0	0.0159
251	1673.4	3.36265e-02	3.24	1.50	0.0485	0.0182	0.100	0	0	0	0.263	0.100	0	0.400	0.100	0.300	0.0750	0	0.0229
252	1676	3.89295e-02	3.24	1.50	0.0485	0.0181	0.100	0	0	0	0.263	0.100	0	0.400	0.100	0.300	0.0750	0	0.0213
253	1678.6	4.4693e-02	3.24	1.50	0.0485	0.0181	0.100	0	0	0	0.264	0.100	0	0.400	0.100	0.300	0.0750	0	0.0291
254	1681.2	5.13549e-02	3.24	1.50	0.0485	0.0181	0.100	0	0	0	0.264	0.100	0	0.400	0.100	0.300	0.0750	0	0.0348
255	1683.7	5.87666e-02	3.24	1.50	0.0485	0.0181	0.100	0	0	0	0.264	0.100	0	0.400	0.100	0.300	0.0750	0	0.0401
256	1686.3	6.72837e-02	3.24	1.50	0.0485	0.0180	0.100	0	0	0	0.264	0.100	0	0.400	0.100	0.300	0.0750	0	0.0390
