# hypstar_221211_radcal_L_211005_swir.dat
# Calibrated by Joel Kuusk, Tartu Observatory, University of Tartu, 2021-10-05
#
# Applied corrections:
# nonlinearity	hypstar_221211_nonlin_corr_coefs_210715.dat
# wavelength	hypstar_221211_wl_coefs_210714.dat
# thermal	none
# stray light	none
#
# L [mW m-2 nm-1 sr-1] = DN / inttime_ms * 1000 * cal_coef
# Pixel counting starts from 0
#
# px	wl	cal_coef	u_cal_coef(k=2)	u_lamp(k=1)	u_aging(k=1)	u_power(k=1)	u_align_lamp(k=1)	u_panel(k=1)	u_interp_panel(k=1)	u_align_panel(k=1)	u_wl_source(k=1)	u_lab_stray(k=1)	u_panel_backrefl(k=1)	u_dist(k=1)	u_align(k=1)	u_temp(k=1)	u_lin(k=1)	u_stray(k=1)	u_typeA(k=1)
0	880.33	5.89115e-04	1.61	0.613	0.102	0.0345	0.100	0.305	0.100	0.100	0.000726	0.100	0.100	0.120	0.100	0.300	0.0400	0	0.00838
1	883.94	5.2578e-04	1.61	0.613	0.102	0.0344	0.100	0.305	0.100	0.100	0.000396	0.100	0.100	0.120	0.100	0.300	0.0400	0	0.00752
2	887.55	5.00773e-04	1.61	0.613	0.102	0.0343	0.100	0.305	0.100	0.100	0.0000544	0.100	0.100	0.120	0.100	0.300	0.0400	0	0.00678
3	891.16	4.79109e-04	1.61	0.613	0.102	0.0341	0.100	0.305	0.100	0.100	0.000299	0.100	0.100	0.120	0.100	0.300	0.0400	0	0.00691
4	894.76	4.58225e-04	1.61	0.613	0.102	0.0340	0.100	0.305	0.100	0.100	0.000651	0.100	0.100	0.120	0.100	0.300	0.0400	0	0.00660
5	898.37	4.39857e-04	1.61	0.613	0.102	0.0338	0.100	0.305	0.100	0.100	0.00101	0.100	0.100	0.120	0.100	0.300	0.0400	0	0.00621
6	901.97	4.20116e-04	3.66	1.76	0.102	0.0337	0.100	0.305	0.100	0.100	0.000274	0.100	0.100	0.120	0.100	0.300	0.0400	0	0.00628
7	905.57	4.02403e-04	3.66	1.76	0.102	0.0336	0.100	0.305	0.100	0.100	0.0000840	0.100	0.100	0.120	0.100	0.300	0.0400	0	0.00545
8	909.17	3.85209e-04	3.66	1.76	0.102	0.0334	0.100	0.305	0.100	0.100	0.0000999	0.100	0.100	0.120	0.100	0.300	0.0400	0	0.00607
9	912.76	3.65138e-04	3.66	1.76	0.102	0.0333	0.100	0.305	0.100	0.100	0.000271	0.100	0.100	0.120	0.100	0.300	0.0400	0	0.00512
10	916.35	3.36475e-04	3.66	1.76	0.102	0.0332	0.100	0.305	0.100	0.100	0.000439	0.100	0.100	0.120	0.100	0.300	0.0400	0	0.00534
11	919.94	3.01309e-04	3.66	1.76	0.102	0.0330	0.100	0.305	0.100	0.100	0.000580	0.100	0.100	0.120	0.100	0.300	0.0400	0	0.00480
12	923.53	2.69161e-04	3.66	1.76	0.102	0.0329	0.100	0.305	0.100	0.100	0.000680	0.100	0.100	0.120	0.100	0.300	0.0400	0	0.00440
13	927.12	2.45979e-04	3.66	1.76	0.102	0.0328	0.100	0.305	0.100	0.100	0.000730	0.100	0.100	0.120	0.100	0.300	0.0400	0	0.00412
14	930.70	2.308e-04	3.66	1.76	0.102	0.0327	0.100	0.305	0.100	0.100	0.000771	0.100	0.100	0.120	0.100	0.300	0.0400	0	0.00372
15	934.28	2.21103e-04	3.66	1.76	0.102	0.0325	0.100	0.305	0.100	0.100	0.000736	0.100	0.100	0.120	0.100	0.300	0.0400	0	0.00385
16	937.85	2.14838e-04	3.66	1.76	0.102	0.0324	0.100	0.305	0.100	0.100	0.000713	0.100	0.100	0.120	0.100	0.300	0.0400	0	0.00377
17	941.43	2.10079e-04	3.66	1.76	0.102	0.0323	0.100	0.305	0.100	0.100	0.000641	0.100	0.100	0.120	0.100	0.300	0.0400	0	0.00372
18	945.00	2.059e-04	3.66	1.76	0.102	0.0322	0.100	0.305	0.100	0.100	0.000658	0.100	0.100	0.120	0.100	0.300	0.0400	0	0.00369
19	948.57	2.02679e-04	3.66	1.76	0.102	0.0320	0.100	0.305	0.100	0.100	0.000733	0.100	0.100	0.120	0.100	0.300	0.0400	0	0.00341
20	952.14	2.00128e-04	3.66	1.76	0.102	0.0319	0.100	0.305	0.100	0.100	0.000872	0.100	0.100	0.120	0.100	0.300	0.0400	0	0.00346
21	955.70	1.97961e-04	3.66	1.76	0.102	0.0318	0.100	0.305	0.100	0.100	0.00106	0.100	0.100	0.120	0.100	0.300	0.0400	0	0.00335
22	959.26	1.94645e-04	3.66	1.76	0.102	0.0317	0.100	0.305	0.100	0.100	0.00133	0.100	0.100	0.120	0.100	0.300	0.0400	0	0.00332
23	962.82	1.91036e-04	3.66	1.76	0.102	0.0316	0.100	0.305	0.100	0.100	0.00161	0.100	0.100	0.120	0.100	0.300	0.0400	0	0.00328
24	966.38	1.87948e-04	3.66	1.76	0.102	0.0315	0.100	0.305	0.100	0.100	0.00191	0.100	0.100	0.120	0.100	0.300	0.0400	0	0.00335
25	969.93	1.84959e-04	3.66	1.76	0.102	0.0313	0.100	0.305	0.100	0.100	0.00215	0.100	0.100	0.120	0.100	0.300	0.0400	0	0.00355
26	973.48	1.81391e-04	3.66	1.76	0.102	0.0312	0.100	0.305	0.100	0.100	0.00237	0.100	0.100	0.120	0.100	0.300	0.0400	0	0.00321
27	977.03	1.77565e-04	3.66	1.76	0.102	0.0311	0.100	0.305	0.100	0.100	0.00254	0.100	0.100	0.120	0.100	0.300	0.0400	0	0.00350
28	980.58	1.73864e-04	3.66	1.76	0.102	0.0310	0.100	0.305	0.100	0.100	0.00268	0.100	0.100	0.120	0.100	0.300	0.0400	0	0.00293
29	984.12	1.70836e-04	3.66	1.76	0.102	0.0309	0.100	0.305	0.100	0.100	0.00279	0.100	0.100	0.120	0.100	0.300	0.0400	0	0.00319
30	987.66	1.68062e-04	3.66	1.76	0.102	0.0308	0.100	0.305	0.100	0.100	0.00289	0.100	0.100	0.120	0.100	0.300	0.0400	0	0.00322
31	991.20	1.65091e-04	3.66	1.76	0.102	0.0307	0.100	0.305	0.100	0.100	0.00299	0.100	0.100	0.120	0.100	0.300	0.0400	0	0.00334
32	994.73	1.61677e-04	3.66	1.76	0.102	0.0306	0.100	0.305	0.100	0.100	0.00309	0.100	0.100	0.120	0.100	0.300	0.0400	0	0.00325
33	998.26	1.58577e-04	3.66	1.76	0.102	0.0305	0.100	0.305	0.100	0.100	0.00319	0.100	0.100	0.120	0.100	0.300	0.0400	0	0.00320
34	1001.79	1.56222e-04	3.59	1.72	0.102	0.0303	0.100	0.305	0.100	0.100	0.00329	0.100	0.100	0.120	0.100	0.300	0.0400	0	0.00311
35	1005.32	1.54455e-04	3.45	1.64	0.102	0.0302	0.100	0.305	0.100	0.100	0.00338	0.100	0.100	0.120	0.100	0.300	0.0400	0	0.00304
36	1008.84	1.52463e-04	3.31	1.57	0.102	0.0301	0.100	0.305	0.100	0.100	0.00348	0.100	0.100	0.120	0.100	0.300	0.0400	0	0.00305
37	1012.36	1.50074e-04	3.26	1.54	0.102	0.0300	0.100	0.305	0.100	0.100	0.00356	0.100	0.100	0.120	0.100	0.300	0.0400	0	0.00294
38	1015.88	1.47868e-04	3.26	1.54	0.102	0.0299	0.100	0.305	0.100	0.100	0.00364	0.100	0.100	0.120	0.100	0.300	0.0400	0	0.00279
39	1019.39	1.46139e-04	3.26	1.54	0.102	0.0298	0.100	0.305	0.100	0.100	0.00370	0.100	0.100	0.120	0.100	0.300	0.0400	0	0.00291
40	1022.90	1.44932e-04	3.26	1.54	0.102	0.0297	0.100	0.305	0.100	0.100	0.00375	0.100	0.100	0.120	0.100	0.300	0.0400	0	0.00285
41	1026.41	1.43841e-04	3.26	1.54	0.102	0.0296	0.100	0.305	0.100	0.100	0.00379	0.100	0.100	0.120	0.100	0.300	0.0400	0	0.00286
42	1029.92	1.42455e-04	3.26	1.54	0.102	0.0295	0.100	0.305	0.100	0.100	0.00384	0.100	0.100	0.120	0.100	0.300	0.0400	0	0.00269
43	1033.42	1.40955e-04	3.26	1.54	0.102	0.0294	0.100	0.305	0.100	0.100	0.00390	0.100	0.100	0.120	0.100	0.300	0.0400	0	0.00303
44	1036.92	1.39528e-04	3.26	1.54	0.102	0.0293	0.100	0.305	0.100	0.100	0.00398	0.100	0.100	0.120	0.100	0.300	0.0400	0	0.00280
45	1040.41	1.38865e-04	3.26	1.54	0.102	0.0292	0.100	0.305	0.100	0.100	0.00407	0.100	0.100	0.120	0.100	0.300	0.0400	0	0.00307
46	1043.91	1.38496e-04	3.26	1.54	0.102	0.0291	0.100	0.305	0.100	0.100	0.00418	0.100	0.100	0.120	0.100	0.300	0.0400	0	0.00290
47	1047.40	1.38321e-04	3.26	1.54	0.102	0.0290	0.100	0.305	0.100	0.100	0.00430	0.100	0.100	0.120	0.100	0.300	0.0400	0	0.00289
48	1050.88	1.37909e-04	3.26	1.54	0.102	0.0289	0.100	0.305	0.100	0.100	0.00444	0.100	0.100	0.120	0.100	0.300	0.0400	0	0.00297
49	1054.37	1.37353e-04	3.26	1.54	0.102	0.0288	0.100	0.305	0.100	0.100	0.00458	0.100	0.100	0.120	0.100	0.300	0.0400	0	0.00269
50	1057.85	1.36788e-04	3.26	1.54	0.102	0.0287	0.100	0.305	0.100	0.100	0.00469	0.100	0.100	0.120	0.100	0.300	0.0400	0	0.00305
51	1061.33	1.36797e-04	3.26	1.54	0.102	0.0286	0.100	0.305	0.100	0.100	0.00479	0.100	0.100	0.120	0.100	0.300	0.0400	0	0.00290
52	1064.80	1.36863e-04	3.26	1.54	0.102	0.0285	0.100	0.305	0.100	0.100	0.00487	0.100	0.100	0.120	0.100	0.300	0.0400	0	0.00286
53	1068.27	1.3703e-04	3.26	1.54	0.102	0.0285	0.100	0.305	0.100	0.100	0.00493	0.100	0.100	0.120	0.100	0.300	0.0400	0	0.00300
54	1071.74	1.36991e-04	3.26	1.54	0.102	0.0284	0.100	0.305	0.100	0.100	0.00498	0.100	0.100	0.120	0.100	0.300	0.0400	0	0.00293
55	1075.20	1.36739e-04	3.26	1.54	0.102	0.0283	0.100	0.305	0.100	0.100	0.00501	0.100	0.100	0.120	0.100	0.300	0.0400	0	0.00277
56	1078.67	1.36385e-04	3.26	1.54	0.102	0.0282	0.100	0.305	0.100	0.100	0.00505	0.100	0.100	0.120	0.100	0.300	0.0400	0	0.00294
57	1082.12	1.36337e-04	3.26	1.54	0.102	0.0281	0.100	0.305	0.100	0.100	0.00508	0.100	0.100	0.120	0.100	0.300	0.0400	0	0.00293
58	1085.58	1.36442e-04	3.26	1.54	0.102	0.0280	0.100	0.305	0.100	0.100	0.00512	0.100	0.100	0.120	0.100	0.300	0.0400	0	0.00277
59	1089.03	1.36699e-04	3.26	1.54	0.102	0.0279	0.100	0.305	0.100	0.100	0.00515	0.100	0.100	0.120	0.100	0.300	0.0400	0	0.00287
60	1092.48	1.36651e-04	3.22	1.52	0.102	0.0278	0.100	0.305	0.100	0.100	0.00518	0.100	0.100	0.120	0.100	0.300	0.0400	0	0.00288
61	1095.93	1.36318e-04	3.16	1.49	0.102	0.0277	0.100	0.305	0.100	0.100	0.00522	0.100	0.100	0.120	0.100	0.300	0.0400	0	0.00301
62	1099.37	1.35818e-04	3.10	1.46	0.102	0.0277	0.100	0.305	0.100	0.100	0.00527	0.100	0.100	0.120	0.100	0.300	0.0400	0	0.00282
63	1102.81	1.35378e-04	3.09	1.46	0.102	0.0276	0.100	0.305	0.100	0.100	0.00534	0.100	0.100	0.120	0.100	0.300	0.0400	0	0.00306
64	1106.24	1.35018e-04	3.09	1.46	0.102	0.0275	0.100	0.305	0.100	0.100	0.00544	0.100	0.100	0.120	0.100	0.300	0.0400	0	0.00300
65	1109.67	1.34581e-04	3.09	1.46	0.102	0.0274	0.100	0.305	0.100	0.100	0.00555	0.100	0.100	0.120	0.100	0.300	0.0400	0	0.00318
66	1113.10	1.33958e-04	3.09	1.46	0.102	0.0273	0.100	0.305	0.100	0.100	0.00569	0.100	0.100	0.120	0.100	0.300	0.0400	0	0.00292
67	1116.53	1.32897e-04	3.09	1.46	0.102	0.0272	0.100	0.305	0.100	0.100	0.00584	0.100	0.100	0.120	0.100	0.300	0.0400	0	0.00304
68	1119.95	1.31433e-04	3.09	1.46	0.102	0.0271	0.100	0.305	0.100	0.100	0.00598	0.100	0.100	0.120	0.100	0.300	0.0400	0	0.00299
69	1123.37	1.29745e-04	3.09	1.46	0.102	0.0271	0.100	0.305	0.100	0.100	0.00611	0.100	0.100	0.120	0.100	0.300	0.0400	0	0.00286
70	1126.78	1.27972e-04	3.09	1.46	0.102	0.0270	0.100	0.305	0.100	0.100	0.00621	0.100	0.100	0.120	0.100	0.300	0.0400	0	0.00307
71	1130.19	1.26499e-04	3.09	1.46	0.102	0.0269	0.100	0.305	0.100	0.100	0.00631	0.100	0.100	0.120	0.100	0.300	0.0400	0	0.00269
72	1133.60	1.25091e-04	3.09	1.46	0.102	0.0268	0.100	0.305	0.100	0.100	0.00637	0.100	0.100	0.120	0.100	0.300	0.0400	0	0.00287
73	1137.01	1.2382e-04	3.09	1.46	0.102	0.0267	0.100	0.305	0.100	0.100	0.00642	0.100	0.100	0.120	0.100	0.300	0.0400	0	0.00273
74	1140.41	1.22776e-04	3.09	1.45	0.102	0.0267	0.100	0.305	0.100	0.100	0.00645	0.100	0.100	0.120	0.100	0.300	0.0400	0	0.00284
75	1143.80	1.21535e-04	3.08	1.45	0.102	0.0266	0.100	0.305	0.100	0.100	0.00650	0.100	0.100	0.120	0.100	0.300	0.0400	0	0.00283
76	1147.20	1.20389e-04	3.08	1.45	0.102	0.0265	0.100	0.305	0.100	0.100	0.00654	0.100	0.100	0.120	0.100	0.300	0.0400	0	0.00281
77	1150.59	1.19552e-04	3.07	1.44	0.102	0.0264	0.100	0.305	0.100	0.100	0.00660	0.100	0.100	0.120	0.100	0.300	0.0400	0	0.00295
78	1153.97	1.18935e-04	3.07	1.44	0.102	0.0263	0.100	0.305	0.100	0.100	0.00667	0.100	0.100	0.120	0.100	0.300	0.0400	0	0.00275
79	1157.36	1.18584e-04	3.07	1.44	0.102	0.0263	0.100	0.305	0.100	0.100	0.00674	0.100	0.100	0.120	0.100	0.300	0.0400	0	0.00264
80	1160.74	1.18475e-04	3.07	1.44	0.102	0.0262	0.100	0.305	0.100	0.100	0.00682	0.100	0.100	0.120	0.100	0.300	0.0400	0	0.00281
81	1164.11	1.18476e-04	3.07	1.44	0.102	0.0261	0.100	0.305	0.100	0.100	0.00690	0.100	0.100	0.120	0.100	0.300	0.0400	0	0.00269
82	1167.49	1.1846e-04	3.07	1.44	0.102	0.0260	0.100	0.305	0.100	0.100	0.00696	0.100	0.100	0.120	0.100	0.300	0.0400	0	0.00275
83	1170.85	1.18329e-04	3.07	1.44	0.102	0.0260	0.100	0.305	0.100	0.100	0.00701	0.100	0.100	0.120	0.100	0.300	0.0400	0	0.00284
84	1174.22	1.18198e-04	3.07	1.44	0.102	0.0259	0.100	0.305	0.100	0.100	0.00704	0.100	0.100	0.120	0.100	0.300	0.0400	0	0.00264
85	1177.58	1.17971e-04	3.07	1.44	0.102	0.0258	0.100	0.305	0.100	0.100	0.00705	0.100	0.100	0.120	0.100	0.300	0.0400	0	0.00278
86	1180.94	1.17955e-04	3.07	1.44	0.102	0.0257	0.100	0.305	0.100	0.100	0.00705	0.100	0.100	0.120	0.100	0.300	0.0400	0	0.00302
87	1184.29	1.1799e-04	3.07	1.44	0.102	0.0257	0.100	0.305	0.100	0.100	0.00703	0.100	0.100	0.120	0.100	0.300	0.0400	0	0.00277
88	1187.64	1.17712e-04	3.07	1.44	0.102	0.0256	0.100	0.305	0.100	0.100	0.00701	0.100	0.100	0.120	0.100	0.300	0.0400	0	0.00280
89	1190.99	1.17292e-04	3.07	1.44	0.102	0.0255	0.100	0.305	0.100	0.100	0.00698	0.100	0.100	0.120	0.100	0.300	0.0400	0	0.00263
90	1194.33	1.16604e-04	3.07	1.44	0.102	0.0255	0.100	0.305	0.100	0.100	0.00694	0.100	0.100	0.120	0.100	0.300	0.0400	0	0.00270
91	1197.67	1.15585e-04	3.07	1.44	0.102	0.0254	0.100	0.305	0.100	0.100	0.00690	0.100	0.100	0.120	0.100	0.300	0.0400	0	0.00283
92	1201.01	1.14524e-04	3.07	1.44	0.102	0.0253	0.100	0.305	0.100	0.100	0.00685	0.100	0.100	0.120	0.100	0.300	0.0400	0	0.00267
93	1204.34	1.13447e-04	3.07	1.44	0.102	0.0252	0.100	0.305	0.100	0.100	0.00679	0.100	0.100	0.120	0.100	0.300	0.0400	0	0.00299
94	1207.67	1.12439e-04	3.07	1.44	0.102	0.0252	0.100	0.305	0.100	0.100	0.00675	0.100	0.100	0.120	0.100	0.300	0.0400	0	0.00262
95	1210.99	1.11742e-04	3.07	1.44	0.102	0.0251	0.100	0.305	0.100	0.100	0.00672	0.100	0.100	0.120	0.100	0.300	0.0400	0	0.00299
96	1214.31	1.11235e-04	3.07	1.44	0.102	0.0250	0.100	0.305	0.100	0.100	0.00672	0.100	0.100	0.120	0.100	0.300	0.0400	0	0.00280
97	1217.63	1.10772e-04	3.07	1.44	0.102	0.0250	0.100	0.305	0.100	0.100	0.00674	0.100	0.100	0.120	0.100	0.300	0.0400	0	0.00295
98	1220.94	1.10332e-04	3.07	1.44	0.102	0.0249	0.100	0.305	0.100	0.100	0.00679	0.100	0.100	0.120	0.100	0.300	0.0400	0	0.00279
99	1224.25	1.10046e-04	3.07	1.44	0.102	0.0248	0.100	0.305	0.100	0.100	0.00687	0.100	0.100	0.120	0.100	0.300	0.0400	0	0.00289
100	1227.55	1.09675e-04	3.07	1.44	0.102	0.0248	0.100	0.305	0.100	0.100	0.00696	0.100	0.100	0.120	0.100	0.300	0.0400	0	0.00273
101	1230.86	1.09369e-04	3.07	1.44	0.102	0.0247	0.100	0.305	0.100	0.100	0.00706	0.100	0.100	0.120	0.100	0.300	0.0400	0	0.00293
102	1234.15	1.09156e-04	3.07	1.44	0.102	0.0246	0.100	0.305	0.100	0.100	0.00715	0.100	0.100	0.120	0.100	0.300	0.0400	0	0.00299
103	1237.45	1.09156e-04	3.07	1.44	0.102	0.0246	0.100	0.305	0.100	0.100	0.00722	0.100	0.100	0.120	0.100	0.300	0.0400	0	0.00304
104	1240.73	1.09244e-04	3.07	1.44	0.102	0.0245	0.100	0.305	0.100	0.100	0.00727	0.100	0.100	0.120	0.100	0.300	0.0400	0	0.00278
105	1244.02	1.09393e-04	3.07	1.44	0.102	0.0244	0.100	0.305	0.100	0.100	0.00731	0.100	0.100	0.120	0.100	0.300	0.0400	0	0.00271
106	1247.30	1.09487e-04	3.07	1.44	0.102	0.0244	0.100	0.305	0.100	0.100	0.00734	0.100	0.100	0.120	0.100	0.300	0.0400	0	0.00282
107	1250.58	1.09454e-04	3.07	1.44	0.102	0.0243	0.100	0.305	0.100	0.100	0.00735	0.100	0.100	0.120	0.100	0.300	0.0400	0	0.00288
108	1253.85	1.09215e-04	3.07	1.44	0.102	0.0242	0.100	0.305	0.100	0.100	0.00737	0.100	0.100	0.120	0.100	0.300	0.0400	0	0.00296
109	1257.12	1.0881e-04	3.07	1.44	0.102	0.0242	0.100	0.305	0.100	0.100	0.00739	0.100	0.100	0.120	0.100	0.300	0.0400	0	0.00275
110	1260.39	1.08344e-04	3.07	1.44	0.102	0.0241	0.100	0.305	0.100	0.100	0.00743	0.100	0.100	0.120	0.100	0.300	0.0400	0	0.00283
111	1263.65	1.07796e-04	3.07	1.44	0.102	0.0241	0.100	0.305	0.100	0.100	0.00748	0.100	0.100	0.120	0.100	0.300	0.0400	0	0.00276
112	1266.91	1.07183e-04	3.07	1.44	0.102	0.0240	0.100	0.305	0.100	0.100	0.00753	0.100	0.100	0.120	0.100	0.300	0.0400	0	0.00300
113	1270.16	1.06719e-04	3.07	1.44	0.102	0.0239	0.100	0.305	0.100	0.100	0.00761	0.100	0.100	0.120	0.100	0.300	0.0400	0	0.00291
114	1273.41	1.06327e-04	3.07	1.44	0.102	0.0239	0.100	0.305	0.100	0.100	0.00768	0.100	0.100	0.120	0.100	0.300	0.0400	0	0.00253
115	1276.65	1.05589e-04	3.07	1.44	0.102	0.0238	0.100	0.305	0.100	0.100	0.00775	0.100	0.100	0.120	0.100	0.300	0.0400	0	0.00284
116	1279.89	1.04883e-04	3.07	1.44	0.102	0.0238	0.100	0.305	0.100	0.100	0.00781	0.100	0.100	0.120	0.100	0.300	0.0400	0	0.00269
117	1283.13	1.04049e-04	3.07	1.44	0.102	0.0237	0.100	0.305	0.100	0.100	0.00788	0.100	0.100	0.120	0.100	0.300	0.0400	0	0.00278
118	1286.36	1.0313e-04	3.07	1.44	0.102	0.0236	0.100	0.305	0.100	0.100	0.00793	0.100	0.100	0.120	0.100	0.300	0.0400	0	0.00299
119	1289.59	1.02313e-04	3.07	1.44	0.102	0.0236	0.100	0.305	0.100	0.100	0.00797	0.100	0.100	0.120	0.100	0.300	0.0400	0	0.00283
120	1292.82	1.01548e-04	3.07	1.44	0.102	0.0235	0.100	0.305	0.100	0.100	0.00801	0.100	0.100	0.120	0.100	0.300	0.0400	0	0.00277
121	1296.04	1.01221e-04	3.07	1.44	0.102	0.0235	0.100	0.305	0.100	0.100	0.00804	0.100	0.100	0.120	0.100	0.300	0.0400	0	0.00280
122	1299.26	1.01185e-04	3.07	1.44	0.102	0.0234	0.100	0.305	0.100	0.100	0.00807	0.100	0.100	0.120	0.100	0.300	0.0400	0	0.00272
123	1302.47	1.01309e-04	3.07	1.44	0.102	0.0233	0.100	0.305	0.100	0.100	0.00809	0.100	0.100	0.120	0.100	0.300	0.0400	0	0.00307
124	1305.68	1.01626e-04	3.07	1.44	0.102	0.0233	0.100	0.305	0.100	0.100	0.00810	0.100	0.100	0.120	0.100	0.300	0.0400	0	0.00281
125	1308.88	1.01858e-04	3.07	1.44	0.102	0.0232	0.100	0.305	0.100	0.100	0.00810	0.100	0.100	0.120	0.100	0.300	0.0400	0	0.00297
126	1312.08	1.02103e-04	3.07	1.44	0.102	0.0232	0.100	0.305	0.100	0.100	0.00810	0.100	0.100	0.120	0.100	0.300	0.0400	0	0.00279
127	1315.27	1.0219e-04	3.07	1.44	0.102	0.0231	0.100	0.305	0.100	0.100	0.00809	0.100	0.100	0.120	0.100	0.300	0.0400	0	0.00282
128	1318.47	1.02158e-04	3.07	1.44	0.102	0.0231	0.100	0.305	0.100	0.100	0.00809	0.100	0.100	0.120	0.100	0.300	0.0400	0	0.00276
129	1321.65	1.02086e-04	3.07	1.44	0.102	0.0230	0.100	0.305	0.100	0.100	0.00812	0.100	0.100	0.120	0.100	0.300	0.0400	0	0.00267
130	1324.84	1.02022e-04	3.07	1.44	0.102	0.0229	0.100	0.305	0.100	0.100	0.00820	0.100	0.100	0.120	0.100	0.300	0.0400	0	0.00285
131	1328.01	1.01892e-04	3.07	1.44	0.102	0.0229	0.100	0.305	0.100	0.100	0.00833	0.100	0.100	0.120	0.100	0.300	0.0400	0	0.00259
132	1331.19	1.01808e-04	3.07	1.44	0.102	0.0228	0.100	0.305	0.100	0.100	0.00851	0.100	0.100	0.120	0.100	0.300	0.0400	0	0.00291
133	1334.36	1.01749e-04	3.07	1.44	0.102	0.0228	0.100	0.305	0.100	0.100	0.00871	0.100	0.100	0.120	0.100	0.300	0.0400	0	0.00285
134	1337.52	1.01641e-04	3.07	1.44	0.102	0.0227	0.100	0.305	0.100	0.100	0.00895	0.100	0.100	0.120	0.100	0.300	0.0400	0	0.00274
135	1340.69	1.01673e-04	3.07	1.44	0.102	0.0227	0.100	0.305	0.100	0.100	0.00920	0.100	0.100	0.120	0.100	0.300	0.0400	0	0.00289
136	1343.84	1.01621e-04	3.07	1.44	0.102	0.0226	0.100	0.305	0.100	0.100	0.00941	0.100	0.100	0.120	0.100	0.300	0.0400	0	0.00282
137	1347.00	1.01742e-04	3.07	1.44	0.102	0.0226	0.100	0.305	0.100	0.100	0.00958	0.100	0.100	0.120	0.100	0.300	0.0400	0	0.00308
138	1350.14	1.0201e-04	3.07	1.44	0.102	0.0225	0.100	0.305	0.100	0.100	0.00970	0.100	0.100	0.120	0.100	0.300	0.0400	0	0.00283
139	1353.29	1.02499e-04	3.07	1.44	0.102	0.0225	0.100	0.305	0.100	0.100	0.00975	0.100	0.100	0.120	0.100	0.300	0.0400	0	0.00290
140	1356.43	1.03018e-04	3.07	1.44	0.102	0.0224	0.100	0.305	0.100	0.100	0.00976	0.100	0.100	0.120	0.100	0.300	0.0400	0	0.00294
141	1359.56	1.03732e-04	3.07	1.44	0.102	0.0224	0.100	0.305	0.100	0.100	0.00973	0.100	0.100	0.120	0.100	0.300	0.0400	0	0.00279
142	1362.69	1.03931e-04	3.07	1.44	0.102	0.0223	0.100	0.305	0.100	0.100	0.00965	0.100	0.100	0.120	0.100	0.300	0.0400	0	0.00309
143	1365.82	1.0389e-04	3.07	1.44	0.102	0.0223	0.100	0.305	0.100	0.100	0.00957	0.100	0.100	0.120	0.100	0.300	0.0400	0	0.00288
144	1368.94	1.03497e-04	3.07	1.44	0.102	0.0222	0.100	0.305	0.100	0.100	0.00948	0.100	0.100	0.120	0.100	0.300	0.0400	0	0.00281
145	1372.06	1.03211e-04	3.07	1.44	0.102	0.0222	0.100	0.305	0.100	0.100	0.00938	0.100	0.100	0.120	0.100	0.300	0.0400	0	0.00289
146	1375.17	1.0363e-04	3.07	1.44	0.102	0.0221	0.100	0.305	0.100	0.100	0.00928	0.100	0.100	0.120	0.100	0.300	0.0400	0	0.00297
147	1378.28	1.05121e-04	3.07	1.44	0.102	0.0221	0.100	0.305	0.100	0.100	0.00920	0.100	0.100	0.120	0.100	0.300	0.0400	0	0.00291
148	1381.39	1.07068e-04	3.07	1.44	0.102	0.0220	0.100	0.305	0.100	0.100	0.00911	0.100	0.100	0.120	0.100	0.300	0.0400	0	0.00286
149	1384.49	1.08176e-04	3.07	1.44	0.102	0.0220	0.100	0.305	0.100	0.100	0.00903	0.100	0.100	0.120	0.100	0.300	0.0400	0	0.00309
150	1387.58	1.08148e-04	3.07	1.44	0.102	0.0219	0.100	0.305	0.100	0.100	0.00895	0.100	0.100	0.120	0.100	0.300	0.0400	0	0.00263
151	1390.68	1.08157e-04	3.08	1.45	0.102	0.0219	0.100	0.305	0.100	0.100	0.00889	0.100	0.100	0.120	0.100	0.300	0.0400	0	0.00301
152	1393.76	1.08809e-04	3.09	1.46	0.102	0.0218	0.100	0.305	0.100	0.100	0.00883	0.100	0.100	0.120	0.100	0.300	0.0400	0	0.00300
153	1396.84	1.09481e-04	3.11	1.47	0.102	0.0218	0.100	0.305	0.100	0.100	0.00878	0.100	0.100	0.120	0.100	0.300	0.0400	0	0.00286
154	1399.92	1.09838e-04	3.13	1.47	0.102	0.0217	0.100	0.305	0.100	0.100	0.00874	0.100	0.100	0.120	0.100	0.300	0.0400	0	0.00312
155	1403.00	1.10155e-04	3.13	1.48	0.102	0.0217	0.100	0.305	0.100	0.100	0.00871	0.100	0.100	0.120	0.100	0.300	0.0400	0	0.00305
156	1406.06	1.10312e-04	3.13	1.48	0.102	0.0216	0.100	0.305	0.100	0.100	0.00869	0.100	0.100	0.120	0.100	0.300	0.0400	0	0.00303
157	1409.13	1.10198e-04	3.14	1.48	0.102	0.0216	0.100	0.305	0.100	0.100	0.00867	0.100	0.100	0.120	0.100	0.300	0.0400	0	0.00310
158	1412.19	1.09901e-04	3.14	1.48	0.102	0.0215	0.100	0.305	0.100	0.100	0.00865	0.100	0.100	0.120	0.100	0.300	0.0400	0	0.00287
159	1415.24	1.09654e-04	3.14	1.48	0.102	0.0215	0.100	0.305	0.100	0.100	0.00863	0.100	0.100	0.120	0.100	0.300	0.0400	0	0.00332
160	1418.29	1.09317e-04	3.14	1.48	0.102	0.0214	0.100	0.305	0.100	0.100	0.00861	0.100	0.100	0.120	0.100	0.300	0.0400	0	0.00302
161	1421.34	1.09001e-04	3.14	1.48	0.102	0.0214	0.100	0.305	0.100	0.100	0.00858	0.100	0.100	0.120	0.100	0.300	0.0400	0	0.00301
162	1424.38	1.08599e-04	3.14	1.48	0.102	0.0213	0.100	0.305	0.100	0.100	0.00855	0.100	0.100	0.120	0.100	0.300	0.0400	0	0.00324
163	1427.42	1.08406e-04	3.14	1.48	0.102	0.0213	0.100	0.305	0.100	0.100	0.00852	0.100	0.100	0.120	0.100	0.300	0.0400	0	0.00326
164	1430.45	1.08038e-04	3.14	1.48	0.102	0.0213	0.100	0.305	0.100	0.100	0.00850	0.100	0.100	0.120	0.100	0.300	0.0400	0	0.00312
165	1433.48	1.07744e-04	3.14	1.48	0.102	0.0212	0.100	0.305	0.100	0.100	0.00849	0.100	0.100	0.120	0.100	0.300	0.0400	0	0.00327
166	1436.50	1.0747e-04	3.14	1.48	0.102	0.0212	0.100	0.305	0.100	0.100	0.00849	0.100	0.100	0.120	0.100	0.300	0.0400	0	0.00315
167	1439.52	1.07278e-04	3.14	1.48	0.102	0.0211	0.100	0.305	0.100	0.100	0.00850	0.100	0.100	0.120	0.100	0.300	0.0400	0	0.00303
168	1442.53	1.07141e-04	3.12	1.47	0.102	0.0211	0.100	0.305	0.100	0.100	0.00852	0.100	0.100	0.120	0.100	0.300	0.0400	0	0.00306
169	1445.54	1.06903e-04	3.10	1.46	0.102	0.0210	0.100	0.305	0.100	0.100	0.00856	0.100	0.100	0.120	0.100	0.300	0.0400	0	0.00306
170	1448.54	1.06685e-04	3.08	1.45	0.102	0.0210	0.100	0.305	0.100	0.100	0.00860	0.100	0.100	0.120	0.100	0.300	0.0400	0	0.00311
171	1451.54	1.06516e-04	3.09	1.45	0.102	0.0209	0.100	0.305	0.100	0.100	0.00866	0.100	0.100	0.120	0.100	0.300	0.0400	0	0.00310
172	1454.54	1.06479e-04	3.12	1.47	0.102	0.0209	0.100	0.305	0.100	0.100	0.00871	0.100	0.100	0.120	0.100	0.300	0.0400	0	0.00312
173	1457.53	1.0656e-04	3.16	1.49	0.102	0.0209	0.100	0.305	0.100	0.100	0.00875	0.100	0.100	0.120	0.100	0.300	0.0400	0	0.00315
174	1460.52	1.06824e-04	3.18	1.51	0.102	0.0208	0.100	0.305	0.100	0.100	0.00878	0.100	0.100	0.120	0.100	0.300	0.0400	0	0.00296
175	1463.50	1.07108e-04	3.19	1.51	0.102	0.0208	0.100	0.305	0.100	0.100	0.00880	0.100	0.100	0.120	0.100	0.300	0.0400	0	0.00305
176	1466.47	1.07431e-04	3.19	1.51	0.102	0.0207	0.100	0.305	0.100	0.100	0.00881	0.100	0.100	0.120	0.100	0.300	0.0400	0	0.00313
177	1469.44	1.07751e-04	3.19	1.51	0.102	0.0207	0.100	0.305	0.100	0.100	0.00881	0.100	0.100	0.120	0.100	0.300	0.0400	0	0.00327
178	1472.41	1.08016e-04	3.19	1.51	0.102	0.0206	0.100	0.305	0.100	0.100	0.00881	0.100	0.100	0.120	0.100	0.300	0.0400	0	0.00308
179	1475.37	1.08334e-04	3.19	1.51	0.102	0.0206	0.100	0.305	0.100	0.100	0.00880	0.100	0.100	0.120	0.100	0.300	0.0400	0	0.00323
180	1478.33	1.08625e-04	3.19	1.51	0.102	0.0206	0.100	0.305	0.100	0.100	0.00880	0.100	0.100	0.120	0.100	0.300	0.0400	0	0.00349
181	1481.28	1.09015e-04	3.19	1.51	0.102	0.0205	0.100	0.305	0.100	0.100	0.00880	0.100	0.100	0.120	0.100	0.300	0.0400	0	0.00317
182	1484.23	1.09414e-04	3.19	1.51	0.102	0.0205	0.100	0.305	0.100	0.100	0.00882	0.100	0.100	0.120	0.100	0.300	0.0400	0	0.00317
183	1487.17	1.09807e-04	3.19	1.51	0.102	0.0204	0.100	0.305	0.100	0.100	0.00883	0.100	0.100	0.120	0.100	0.300	0.0400	0	0.00299
184	1490.11	1.10285e-04	3.18	1.50	0.102	0.0204	0.100	0.305	0.100	0.100	0.00886	0.100	0.100	0.120	0.100	0.300	0.0400	0	0.00327
185	1493.05	1.1081e-04	3.18	1.50	0.102	0.0204	0.100	0.305	0.100	0.100	0.00888	0.100	0.100	0.120	0.100	0.300	0.0400	0	0.00338
186	1495.97	1.11225e-04	3.17	1.50	0.102	0.0203	0.100	0.305	0.100	0.100	0.00891	0.100	0.100	0.120	0.100	0.300	0.0400	0	0.00336
187	1498.90	1.11763e-04	3.16	1.49	0.102	0.0203	0.100	0.305	0.100	0.100	0.00894	0.100	0.100	0.120	0.100	0.300	0.0400	0	0.00334
188	1501.82	1.12365e-04	3.16	1.49	0.102	0.0202	0.100	0.305	0.100	0.100	0.00898	0.100	0.100	0.120	0.100	0.300	0.0400	0	0.00320
189	1504.73	1.12886e-04	3.16	1.49	0.102	0.0202	0.100	0.305	0.100	0.100	0.00901	0.100	0.100	0.120	0.100	0.300	0.0400	0	0.00330
190	1507.64	1.13451e-04	3.16	1.49	0.102	0.0202	0.100	0.305	0.100	0.100	0.00904	0.100	0.100	0.120	0.100	0.300	0.0400	0	0.00344
191	1510.55	1.13829e-04	3.16	1.49	0.102	0.0201	0.100	0.305	0.100	0.100	0.00907	0.100	0.100	0.120	0.100	0.300	0.0400	0	0.00307
192	1513.45	1.14229e-04	3.16	1.49	0.102	0.0201	0.100	0.305	0.100	0.100	0.00911	0.100	0.100	0.120	0.100	0.300	0.0400	0	0.00350
193	1516.34	1.14776e-04	3.16	1.49	0.102	0.0200	0.100	0.305	0.100	0.100	0.00914	0.100	0.100	0.120	0.100	0.300	0.0400	0	0.00347
194	1519.23	1.15112e-04	3.16	1.49	0.102	0.0200	0.100	0.305	0.100	0.100	0.00917	0.100	0.100	0.120	0.100	0.300	0.0400	0	0.00347
195	1522.12	1.15611e-04	3.16	1.49	0.102	0.0200	0.100	0.305	0.100	0.100	0.00919	0.100	0.100	0.120	0.100	0.300	0.0400	0	0.00352
196	1525.00	1.15966e-04	3.16	1.49	0.102	0.0199	0.100	0.305	0.100	0.100	0.00921	0.100	0.100	0.120	0.100	0.300	0.0400	0	0.00328
197	1527.87	1.16335e-04	3.16	1.49	0.102	0.0199	0.100	0.305	0.100	0.100	0.00922	0.100	0.100	0.120	0.100	0.300	0.0400	0	0.00377
198	1530.74	1.16841e-04	3.16	1.49	0.102	0.0199	0.100	0.305	0.100	0.100	0.00923	0.100	0.100	0.120	0.100	0.300	0.0400	0	0.00356
199	1533.61	1.17344e-04	3.16	1.49	0.102	0.0198	0.100	0.305	0.100	0.100	0.00924	0.100	0.100	0.120	0.100	0.300	0.0400	0	0.00334
200	1536.47	1.17898e-04	3.16	1.49	0.102	0.0198	0.100	0.305	0.100	0.100	0.00924	0.100	0.100	0.120	0.100	0.300	0.0400	0	0.00367
201	1539.32	1.18424e-04	3.16	1.49	0.102	0.0197	0.100	0.305	0.100	0.100	0.00923	0.100	0.100	0.120	0.100	0.300	0.0400	0	0.00376
202	1542.18	1.18947e-04	3.14	1.48	0.102	0.0197	0.100	0.305	0.100	0.100	0.00923	0.100	0.100	0.120	0.100	0.300	0.0400	0	0.00362
203	1545.02	1.19481e-04	3.12	1.47	0.102	0.0197	0.100	0.305	0.100	0.100	0.00923	0.100	0.100	0.120	0.100	0.300	0.0400	0	0.00371
204	1547.86	1.20028e-04	3.10	1.46	0.102	0.0196	0.100	0.305	0.100	0.100	0.00923	0.100	0.100	0.120	0.100	0.300	0.0400	0	0.00383
205	1550.70	1.20576e-04	3.09	1.46	0.102	0.0196	0.100	0.305	0.100	0.100	0.00924	0.100	0.100	0.120	0.100	0.300	0.0400	0	0.00369
206	1553.53	1.21102e-04	3.09	1.46	0.102	0.0196	0.100	0.305	0.100	0.100	0.00925	0.100	0.100	0.120	0.100	0.300	0.0400	0	0.00372
207	1556.36	1.21686e-04	3.09	1.46	0.102	0.0195	0.100	0.305	0.100	0.100	0.00926	0.100	0.100	0.120	0.100	0.300	0.0400	0	0.00352
208	1559.18	1.22174e-04	3.09	1.46	0.102	0.0195	0.100	0.305	0.100	0.100	0.00928	0.100	0.100	0.120	0.100	0.300	0.0400	0	0.00379
209	1561.99	1.22702e-04	3.09	1.46	0.102	0.0195	0.100	0.305	0.100	0.100	0.00930	0.100	0.100	0.120	0.100	0.300	0.0400	0	0.00401
210	1564.81	1.23325e-04	3.09	1.46	0.102	0.0194	0.100	0.305	0.100	0.100	0.00931	0.100	0.100	0.120	0.100	0.300	0.0400	0	0.00367
211	1567.61	1.23895e-04	3.09	1.46	0.102	0.0194	0.100	0.305	0.100	0.100	0.00934	0.100	0.100	0.120	0.100	0.300	0.0400	0	0.00383
212	1570.41	1.24577e-04	3.09	1.46	0.102	0.0194	0.100	0.305	0.100	0.100	0.00936	0.100	0.100	0.120	0.100	0.300	0.0400	0	0.00361
213	1573.21	1.25131e-04	3.09	1.46	0.102	0.0193	0.100	0.305	0.100	0.100	0.00938	0.100	0.100	0.120	0.100	0.300	0.0400	0	0.00401
214	1576.00	1.25878e-04	3.09	1.46	0.102	0.0193	0.100	0.305	0.100	0.100	0.00939	0.100	0.100	0.120	0.100	0.300	0.0400	0	0.00384
215	1578.79	1.2664e-04	3.09	1.46	0.102	0.0193	0.100	0.305	0.100	0.100	0.00941	0.100	0.100	0.120	0.100	0.300	0.0400	0	0.00377
216	1581.57	1.27255e-04	3.09	1.46	0.102	0.0192	0.100	0.305	0.100	0.100	0.00943	0.100	0.100	0.120	0.100	0.300	0.0400	0	0.00400
217	1584.35	1.28023e-04	3.09	1.46	0.102	0.0192	0.100	0.305	0.100	0.100	0.00945	0.100	0.100	0.120	0.100	0.300	0.0400	0	0.00373
218	1587.12	1.28803e-04	3.09	1.46	0.102	0.0192	0.100	0.305	0.100	0.100	0.00948	0.100	0.100	0.120	0.100	0.300	0.0400	0	0.00357
219	1589.88	1.2957e-04	3.09	1.46	0.102	0.0191	0.100	0.305	0.100	0.100	0.00951	0.100	0.100	0.120	0.100	0.300	0.0400	0	0.00393
220	1592.65	1.30371e-04	3.09	1.45	0.102	0.0191	0.100	0.305	0.100	0.100	0.00955	0.100	0.100	0.120	0.100	0.300	0.0400	0	0.00387
221	1595.40	1.31051e-04	3.08	1.45	0.102	0.0191	0.100	0.305	0.100	0.100	0.00960	0.100	0.100	0.120	0.100	0.300	0.0400	0	0.00436
222	1598.15	1.3178e-04	3.08	1.45	0.102	0.0190	0.100	0.305	0.100	0.100	0.00966	0.100	0.100	0.120	0.100	0.300	0.0400	0	0.00394
223	1600.90	1.32367e-04	3.09	1.45	0.102	0.0190	0.100	0.305	0.100	0.100	0.00971	0.100	0.100	0.120	0.100	0.300	0.0400	0	0.00383
224	1603.64	1.33206e-04	3.12	1.47	0.102	0.0190	0.100	0.305	0.100	0.100	0.00979	0.100	0.100	0.120	0.100	0.300	0.0400	0	0.00419
225	1606.38	1.33765e-04	3.15	1.49	0.102	0.0189	0.100	0.305	0.100	0.100	0.00987	0.100	0.100	0.120	0.100	0.300	0.0400	0	0.00403
226	1609.11	1.34569e-04	3.18	1.50	0.102	0.0189	0.100	0.305	0.100	0.100	0.00995	0.100	0.100	0.120	0.100	0.300	0.0400	0	0.00410
227	1611.83	1.35307e-04	3.18	1.50	0.102	0.0189	0.100	0.305	0.100	0.100	0.0100	0.100	0.100	0.120	0.100	0.300	0.0400	0	0.00420
228	1614.56	1.3626e-04	3.18	1.50	0.102	0.0188	0.100	0.305	0.100	0.100	0.0101	0.100	0.100	0.120	0.100	0.300	0.0400	0	0.00420
229	1617.27	1.37291e-04	3.18	1.50	0.102	0.0188	0.100	0.305	0.100	0.100	0.0101	0.100	0.100	0.120	0.100	0.300	0.0400	0	0.00443
230	1619.98	1.38294e-04	3.18	1.50	0.102	0.0188	0.100	0.305	0.100	0.100	0.0102	0.100	0.100	0.120	0.100	0.300	0.0400	0	0.00414
231	1622.69	1.39456e-04	3.18	1.50	0.102	0.0187	0.100	0.305	0.100	0.100	0.0102	0.100	0.100	0.120	0.100	0.300	0.0400	0	0.00432
232	1625.39	1.40732e-04	3.18	1.50	0.102	0.0187	0.100	0.305	0.100	0.100	0.0103	0.100	0.100	0.120	0.100	0.300	0.0400	0	0.00441
233	1628.08	1.42236e-04	3.18	1.50	0.102	0.0187	0.100	0.305	0.100	0.100	0.0103	0.100	0.100	0.120	0.100	0.300	0.0400	0	0.00405
234	1630.77	1.43964e-04	3.18	1.50	0.102	0.0186	0.100	0.305	0.100	0.100	0.0104	0.100	0.100	0.120	0.100	0.300	0.0400	0	0.00431
235	1633.46	1.4574e-04	3.18	1.50	0.102	0.0186	0.100	0.305	0.100	0.100	0.0104	0.100	0.100	0.120	0.100	0.300	0.0400	0	0.00423
236	1636.14	1.47745e-04	3.18	1.50	0.102	0.0186	0.100	0.305	0.100	0.100	0.0104	0.100	0.100	0.120	0.100	0.300	0.0400	0	0.00463
237	1638.82	1.50251e-04	3.18	1.50	0.102	0.0185	0.100	0.305	0.100	0.100	0.0105	0.100	0.100	0.120	0.100	0.300	0.0400	0	0.00493
238	1641.49	1.53212e-04	3.18	1.50	0.102	0.0185	0.100	0.305	0.100	0.100	0.0105	0.100	0.100	0.120	0.100	0.300	0.0400	0	0.00507
239	1644.15	1.57377e-04	3.18	1.50	0.102	0.0185	0.100	0.305	0.100	0.100	0.0105	0.100	0.100	0.120	0.100	0.300	0.0400	0	0.00477
240	1646.81	1.63001e-04	3.18	1.50	0.102	0.0185	0.100	0.305	0.100	0.100	0.0105	0.100	0.100	0.120	0.100	0.300	0.0400	0	0.00568
241	1649.46	1.70743e-04	3.18	1.50	0.102	0.0184	0.100	0.305	0.100	0.100	0.0105	0.100	0.100	0.120	0.100	0.300	0.0400	0	0.00542
242	1652.11	1.82376e-04	3.18	1.50	0.102	0.0184	0.100	0.305	0.100	0.100	0.0106	0.100	0.100	0.120	0.100	0.300	0.0400	0	0.00595
243	1654.76	1.98606e-04	3.18	1.50	0.102	0.0184	0.100	0.305	0.100	0.100	0.0106	0.100	0.100	0.120	0.100	0.300	0.0400	0	0.00685
244	1657.40	2.20969e-04	3.18	1.50	0.102	0.0183	0.100	0.305	0.100	0.100	0.0106	0.100	0.100	0.120	0.100	0.300	0.0400	0	0.00715
245	1660.03	2.51265e-04	3.18	1.50	0.102	0.0183	0.100	0.305	0.100	0.100	0.0106	0.100	0.100	0.120	0.100	0.300	0.0400	0	0.00815
246	1662.66	2.90895e-04	3.18	1.50	0.102	0.0183	0.100	0.305	0.100	0.100	0.0106	0.100	0.100	0.120	0.100	0.300	0.0400	0	0.0101
247	1665.28	3.41286e-04	3.18	1.50	0.102	0.0183	0.100	0.305	0.100	0.100	0.0106	0.100	0.100	0.120	0.100	0.300	0.0400	0	0.0107
248	1667.90	4.02129e-04	3.18	1.50	0.102	0.0182	0.100	0.305	0.100	0.100	0.0106	0.100	0.100	0.120	0.100	0.300	0.0400	0	0.0127
249	1670.52	4.73182e-04	3.18	1.50	0.102	0.0182	0.100	0.305	0.100	0.100	0.0107	0.100	0.100	0.120	0.100	0.300	0.0400	0	0.0137
250	1673.12	5.55017e-04	3.18	1.50	0.102	0.0182	0.100	0.305	0.100	0.100	0.0107	0.100	0.100	0.120	0.100	0.300	0.0400	0	0.0165
251	1675.73	6.52076e-04	3.18	1.50	0.102	0.0181	0.100	0.305	0.100	0.100	0.0107	0.100	0.100	0.120	0.100	0.300	0.0400	0	0.0192
252	1678.32	7.59495e-04	3.18	1.50	0.102	0.0181	0.100	0.305	0.100	0.100	0.0106	0.100	0.100	0.120	0.100	0.300	0.0400	0	0.0208
253	1680.92	8.83338e-04	3.18	1.50	0.102	0.0181	0.100	0.305	0.100	0.100	0.0106	0.100	0.100	0.120	0.100	0.300	0.0400	0	0.0258
254	1683.50	1.0214e-03	3.19	1.50	0.102	0.0181	0.100	0.305	0.100	0.100	0.0105	0.100	0.100	0.120	0.100	0.300	0.0400	0	0.0353
255	1686.09	1.186e-03	3.19	1.50	0.102	0.0180	0.100	0.305	0.100	0.100	0.0105	0.100	0.100	0.120	0.100	0.300	0.0400	0	0.0332
