# hypstar_221211_radcal_E_211004_swir.dat
# Calibrated by Joel Kuusk, Tartu Observatory, University of Tartu, 2021-10-04
#
# Applied corrections:
# nonlinearity	hypstar_221211_nonlin_corr_coefs_210715.dat
# wavelength	hypstar_221211_wl_coefs_210714.dat
# thermal	none
# stray light	none
#
# E [mW m-2 nm-1] = DN / inttime_ms * 1000 * cal_coef
# Pixel counting starts from 0
#
# px	wl	cal_coef	u_cal_coef(k=2)	u_lamp(k=1)	u_aging(k=1)	u_power(k=1)	u_align_lamp(k=1)	u_panel(k=1)	u_interp_panel(k=1)	u_align_panel(k=1)	u_wl_source(k=1)	u_lab_stray(k=1)	u_panel_backrefl(k=1)	u_dist(k=1)	u_align(k=1)	u_temp(k=1)	u_lin(k=1)	u_stray(k=1)	u_typeA(k=1)
0	880.02	2.80079e-02	1.68	0.613	0.102	0.0345	0.100	0	0	0	0.000989	0.100	0	0.440	0.100	0.300	0.0400	0	0.0113
1	883.65	2.48988e-02	1.68	0.613	0.102	0.0344	0.100	0	0	0	0.000650	0.100	0	0.440	0.100	0.300	0.0400	0	0.0105
2	887.27	2.36982e-02	1.68	0.613	0.102	0.0343	0.100	0	0	0	0.000309	0.100	0	0.440	0.100	0.300	0.0400	0	0.00918
3	890.89	2.26921e-02	1.68	0.613	0.102	0.0341	0.100	0	0	0	0.0000359	0.100	0	0.440	0.100	0.300	0.0400	0	0.00881
4	894.51	2.16834e-02	1.68	0.613	0.102	0.0340	0.100	0	0	0	0.000384	0.100	0	0.440	0.100	0.300	0.0400	0	0.00876
5	898.12	2.08114e-02	1.68	0.613	0.102	0.0338	0.100	0	0	0	0.000734	0.100	0	0.440	0.100	0.300	0.0400	0	0.00812
6	901.73	1.98769e-02	3.69	1.76	0.102	0.0337	0.100	0	0	0	0.000681	0.100	0	0.440	0.100	0.300	0.0400	0	0.00824
7	905.34	1.90457e-02	3.69	1.76	0.102	0.0336	0.100	0	0	0	0.000504	0.100	0	0.440	0.100	0.300	0.0400	0	0.00757
8	908.95	1.82413e-02	3.69	1.76	0.102	0.0334	0.100	0	0	0	0.000330	0.100	0	0.440	0.100	0.300	0.0400	0	0.00746
9	912.55	1.73109e-02	3.69	1.76	0.102	0.0333	0.100	0	0	0	0.000159	0.100	0	0.440	0.100	0.300	0.0400	0	0.00677
10	916.15	1.59796e-02	3.69	1.76	0.102	0.0332	0.100	0	0	0	0.00000888	0.100	0	0.440	0.100	0.300	0.0400	0	0.00702
11	919.75	1.43114e-02	3.69	1.76	0.102	0.0331	0.100	0	0	0	0.000174	0.100	0	0.440	0.100	0.300	0.0400	0	0.00705
12	923.34	1.27711e-02	3.69	1.76	0.102	0.0329	0.100	0	0	0	0.000337	0.100	0	0.440	0.100	0.300	0.0400	0	0.00540
13	926.93	1.16538e-02	3.69	1.76	0.102	0.0328	0.100	0	0	0	0.000497	0.100	0	0.440	0.100	0.300	0.0400	0	0.00571
14	930.52	1.09227e-02	3.69	1.76	0.102	0.0327	0.100	0	0	0	0.000655	0.100	0	0.440	0.100	0.300	0.0400	0	0.00476
15	934.11	1.04533e-02	3.69	1.76	0.102	0.0325	0.100	0	0	0	0.000810	0.100	0	0.440	0.100	0.300	0.0400	0	0.00486
16	937.69	1.01559e-02	3.69	1.76	0.102	0.0324	0.100	0	0	0	0.000962	0.100	0	0.440	0.100	0.300	0.0400	0	0.00478
17	941.27	9.93379e-03	3.69	1.76	0.102	0.0323	0.100	0	0	0	0.00111	0.100	0	0.440	0.100	0.300	0.0400	0	0.00471
18	944.85	9.73427e-03	3.69	1.76	0.102	0.0322	0.100	0	0	0	0.00126	0.100	0	0.440	0.100	0.300	0.0400	0	0.00438
19	948.43	9.57373e-03	3.69	1.76	0.102	0.0321	0.100	0	0	0	0.00140	0.100	0	0.440	0.100	0.300	0.0400	0	0.00432
20	952.00	9.44566e-03	3.69	1.76	0.102	0.0319	0.100	0	0	0	0.00155	0.100	0	0.440	0.100	0.300	0.0400	0	0.00413
21	955.57	9.34403e-03	3.69	1.76	0.102	0.0318	0.100	0	0	0	0.00169	0.100	0	0.440	0.100	0.300	0.0400	0	0.00435
22	959.14	9.18477e-03	3.69	1.76	0.102	0.0317	0.100	0	0	0	0.00182	0.100	0	0.440	0.100	0.300	0.0400	0	0.00395
23	962.70	9.01392e-03	3.69	1.76	0.102	0.0316	0.100	0	0	0	0.00196	0.100	0	0.440	0.100	0.300	0.0400	0	0.00426
24	966.26	8.86588e-03	3.69	1.76	0.102	0.0315	0.100	0	0	0	0.00209	0.100	0	0.440	0.100	0.300	0.0400	0	0.00411
25	969.82	8.72865e-03	3.69	1.76	0.102	0.0313	0.100	0	0	0	0.00223	0.100	0	0.440	0.100	0.300	0.0400	0	0.00393
26	973.37	8.56154e-03	3.69	1.76	0.102	0.0312	0.100	0	0	0	0.00235	0.100	0	0.440	0.100	0.300	0.0400	0	0.00374
27	976.93	8.3821e-03	3.69	1.76	0.102	0.0311	0.100	0	0	0	0.00248	0.100	0	0.440	0.100	0.300	0.0400	0	0.00403
28	980.47	8.20801e-03	3.69	1.76	0.102	0.0310	0.100	0	0	0	0.00261	0.100	0	0.440	0.100	0.300	0.0400	0	0.00353
29	984.02	8.0671e-03	3.69	1.76	0.102	0.0309	0.100	0	0	0	0.00273	0.100	0	0.440	0.100	0.300	0.0400	0	0.00413
30	987.56	7.94223e-03	3.69	1.76	0.102	0.0308	0.100	0	0	0	0.00285	0.100	0	0.440	0.100	0.300	0.0400	0	0.00384
31	991.10	7.80322e-03	3.69	1.76	0.102	0.0307	0.100	0	0	0	0.00297	0.100	0	0.440	0.100	0.300	0.0400	0	0.00384
32	994.64	7.64392e-03	3.69	1.76	0.102	0.0306	0.100	0	0	0	0.00309	0.100	0	0.440	0.100	0.300	0.0400	0	0.00352
33	998.18	7.50039e-03	3.69	1.76	0.102	0.0305	0.100	0	0	0	0.00320	0.100	0	0.440	0.100	0.300	0.0400	0	0.00385
34	1001.71	7.3881e-03	3.62	1.72	0.102	0.0303	0.100	0	0	0	0.00331	0.100	0	0.440	0.100	0.300	0.0400	0	0.00363
35	1005.23	7.3082e-03	3.48	1.65	0.102	0.0302	0.100	0	0	0	0.00342	0.100	0	0.440	0.100	0.300	0.0400	0	0.00349
36	1008.76	7.21351e-03	3.34	1.57	0.102	0.0301	0.100	0	0	0	0.00353	0.100	0	0.440	0.100	0.300	0.0400	0	0.00353
37	1012.28	7.10035e-03	3.29	1.54	0.102	0.0300	0.100	0	0	0	0.00364	0.100	0	0.440	0.100	0.300	0.0400	0	0.00366
38	1015.80	6.99328e-03	3.29	1.54	0.102	0.0299	0.100	0	0	0	0.00375	0.100	0	0.440	0.100	0.300	0.0400	0	0.00318
39	1019.32	6.91011e-03	3.29	1.54	0.102	0.0298	0.100	0	0	0	0.00385	0.100	0	0.440	0.100	0.300	0.0400	0	0.00324
40	1022.83	6.84859e-03	3.29	1.54	0.102	0.0297	0.100	0	0	0	0.00395	0.100	0	0.440	0.100	0.300	0.0400	0	0.00321
41	1026.34	6.79703e-03	3.29	1.54	0.102	0.0296	0.100	0	0	0	0.00405	0.100	0	0.440	0.100	0.300	0.0400	0	0.00309
42	1029.84	6.73214e-03	3.29	1.54	0.102	0.0295	0.100	0	0	0	0.00415	0.100	0	0.440	0.100	0.300	0.0400	0	0.00337
43	1033.35	6.65743e-03	3.29	1.54	0.102	0.0294	0.100	0	0	0	0.00425	0.100	0	0.440	0.100	0.300	0.0400	0	0.00338
44	1036.85	6.58405e-03	3.29	1.54	0.102	0.0293	0.100	0	0	0	0.00435	0.100	0	0.440	0.100	0.300	0.0400	0	0.00331
45	1040.34	6.55163e-03	3.29	1.54	0.102	0.0292	0.100	0	0	0	0.00444	0.100	0	0.440	0.100	0.300	0.0400	0	0.00337
46	1043.84	6.5311e-03	3.29	1.54	0.102	0.0291	0.100	0	0	0	0.00453	0.100	0	0.440	0.100	0.300	0.0400	0	0.00338
47	1047.33	6.51897e-03	3.29	1.54	0.102	0.0290	0.100	0	0	0	0.00462	0.100	0	0.440	0.100	0.300	0.0400	0	0.00336
48	1050.81	6.50269e-03	3.29	1.54	0.102	0.0289	0.100	0	0	0	0.00471	0.100	0	0.440	0.100	0.300	0.0400	0	0.00313
49	1054.30	6.47074e-03	3.29	1.54	0.102	0.0288	0.100	0	0	0	0.00480	0.100	0	0.440	0.100	0.300	0.0400	0	0.00352
50	1057.78	6.43969e-03	3.29	1.54	0.102	0.0287	0.100	0	0	0	0.00489	0.100	0	0.440	0.100	0.300	0.0400	0	0.00284
51	1061.26	6.43818e-03	3.29	1.54	0.102	0.0286	0.100	0	0	0	0.00497	0.100	0	0.440	0.100	0.300	0.0400	0	0.00340
52	1064.73	6.44158e-03	3.29	1.54	0.102	0.0286	0.100	0	0	0	0.00506	0.100	0	0.440	0.100	0.300	0.0400	0	0.00331
53	1068.20	6.44811e-03	3.29	1.54	0.102	0.0285	0.100	0	0	0	0.00514	0.100	0	0.440	0.100	0.300	0.0400	0	0.00338
54	1071.67	6.44472e-03	3.29	1.54	0.102	0.0284	0.100	0	0	0	0.00522	0.100	0	0.440	0.100	0.300	0.0400	0	0.00305
55	1075.13	6.43104e-03	3.29	1.54	0.102	0.0283	0.100	0	0	0	0.00530	0.100	0	0.440	0.100	0.300	0.0400	0	0.00337
56	1078.59	6.41332e-03	3.29	1.54	0.102	0.0282	0.100	0	0	0	0.00538	0.100	0	0.440	0.100	0.300	0.0400	0	0.00316
57	1082.05	6.40385e-03	3.29	1.54	0.102	0.0281	0.100	0	0	0	0.00546	0.100	0	0.440	0.100	0.300	0.0400	0	0.00328
58	1085.50	6.40752e-03	3.29	1.54	0.102	0.0280	0.100	0	0	0	0.00553	0.100	0	0.440	0.100	0.300	0.0400	0	0.00338
59	1088.95	6.41929e-03	3.29	1.54	0.102	0.0279	0.100	0	0	0	0.00561	0.100	0	0.440	0.100	0.300	0.0400	0	0.00365
60	1092.40	6.41538e-03	3.25	1.52	0.102	0.0278	0.100	0	0	0	0.00568	0.100	0	0.440	0.100	0.300	0.0400	0	0.00346
61	1095.85	6.39606e-03	3.20	1.49	0.102	0.0277	0.100	0	0	0	0.00575	0.100	0	0.440	0.100	0.300	0.0400	0	0.00358
62	1099.29	6.36445e-03	3.14	1.46	0.102	0.0277	0.100	0	0	0	0.00582	0.100	0	0.440	0.100	0.300	0.0400	0	0.00334
63	1102.72	6.33885e-03	3.13	1.46	0.102	0.0276	0.100	0	0	0	0.00589	0.100	0	0.440	0.100	0.300	0.0400	0	0.00341
64	1106.16	6.32131e-03	3.13	1.46	0.102	0.0275	0.100	0	0	0	0.00596	0.100	0	0.440	0.100	0.300	0.0400	0	0.00322
65	1109.59	6.3006e-03	3.13	1.46	0.102	0.0274	0.100	0	0	0	0.00603	0.100	0	0.440	0.100	0.300	0.0400	0	0.00313
66	1113.01	6.26896e-03	3.13	1.46	0.102	0.0273	0.100	0	0	0	0.00609	0.100	0	0.440	0.100	0.300	0.0400	0	0.00318
67	1116.44	6.21653e-03	3.13	1.46	0.102	0.0272	0.100	0	0	0	0.00616	0.100	0	0.440	0.100	0.300	0.0400	0	0.00335
68	1119.86	6.14455e-03	3.13	1.46	0.102	0.0271	0.100	0	0	0	0.00622	0.100	0	0.440	0.100	0.300	0.0400	0	0.00311
69	1123.27	6.0594e-03	3.13	1.46	0.102	0.0271	0.100	0	0	0	0.00629	0.100	0	0.440	0.100	0.300	0.0400	0	0.00343
70	1126.69	5.97526e-03	3.13	1.46	0.102	0.0270	0.100	0	0	0	0.00635	0.100	0	0.440	0.100	0.300	0.0400	0	0.00317
71	1130.10	5.90004e-03	3.13	1.46	0.102	0.0269	0.100	0	0	0	0.00641	0.100	0	0.440	0.100	0.300	0.0400	0	0.00307
72	1133.50	5.83379e-03	3.13	1.46	0.102	0.0268	0.100	0	0	0	0.00647	0.100	0	0.440	0.100	0.300	0.0400	0	0.00326
73	1136.91	5.77505e-03	3.13	1.46	0.102	0.0267	0.100	0	0	0	0.00653	0.100	0	0.440	0.100	0.300	0.0400	0	0.00331
74	1140.30	5.72278e-03	3.13	1.45	0.102	0.0267	0.100	0	0	0	0.00659	0.100	0	0.440	0.100	0.300	0.0400	0	0.00329
75	1143.70	5.66279e-03	3.12	1.45	0.102	0.0266	0.100	0	0	0	0.00664	0.100	0	0.440	0.100	0.300	0.0400	0	0.00318
76	1147.09	5.60548e-03	3.11	1.45	0.102	0.0265	0.100	0	0	0	0.00670	0.100	0	0.440	0.100	0.300	0.0400	0	0.00297
77	1150.48	5.56364e-03	3.11	1.44	0.102	0.0264	0.100	0	0	0	0.00676	0.100	0	0.440	0.100	0.300	0.0400	0	0.00261
78	1153.86	5.53189e-03	3.11	1.44	0.102	0.0263	0.100	0	0	0	0.00681	0.100	0	0.440	0.100	0.300	0.0400	0	0.00310
79	1157.24	5.51524e-03	3.11	1.44	0.102	0.0263	0.100	0	0	0	0.00686	0.100	0	0.440	0.100	0.300	0.0400	0	0.00319
80	1160.62	5.50638e-03	3.11	1.44	0.102	0.0262	0.100	0	0	0	0.00692	0.100	0	0.440	0.100	0.300	0.0400	0	0.00333
81	1164.00	5.50435e-03	3.11	1.44	0.102	0.0261	0.100	0	0	0	0.00697	0.100	0	0.440	0.100	0.300	0.0400	0	0.00307
82	1167.37	5.50119e-03	3.11	1.44	0.102	0.0260	0.100	0	0	0	0.00702	0.100	0	0.440	0.100	0.300	0.0400	0	0.00291
83	1170.73	5.48943e-03	3.11	1.44	0.102	0.0260	0.100	0	0	0	0.00707	0.100	0	0.440	0.100	0.300	0.0400	0	0.00287
84	1174.10	5.48076e-03	3.11	1.44	0.102	0.0259	0.100	0	0	0	0.00712	0.100	0	0.440	0.100	0.300	0.0400	0	0.00339
85	1177.45	5.46627e-03	3.11	1.44	0.102	0.0258	0.100	0	0	0	0.00717	0.100	0	0.440	0.100	0.300	0.0400	0	0.00310
86	1180.81	5.4618e-03	3.11	1.44	0.102	0.0257	0.100	0	0	0	0.00722	0.100	0	0.440	0.100	0.300	0.0400	0	0.00307
87	1184.16	5.45743e-03	3.11	1.44	0.102	0.0257	0.100	0	0	0	0.00726	0.100	0	0.440	0.100	0.300	0.0400	0	0.00315
88	1187.51	5.44176e-03	3.11	1.44	0.102	0.0256	0.100	0	0	0	0.00731	0.100	0	0.440	0.100	0.300	0.0400	0	0.00289
89	1190.85	5.42056e-03	3.11	1.44	0.102	0.0255	0.100	0	0	0	0.00736	0.100	0	0.440	0.100	0.300	0.0400	0	0.00335
90	1194.19	5.38334e-03	3.11	1.44	0.102	0.0255	0.100	0	0	0	0.00740	0.100	0	0.440	0.100	0.300	0.0400	0	0.00342
91	1197.53	5.33342e-03	3.11	1.44	0.102	0.0254	0.100	0	0	0	0.00745	0.100	0	0.440	0.100	0.300	0.0400	0	0.00314
92	1200.86	5.28109e-03	3.11	1.44	0.102	0.0253	0.100	0	0	0	0.00749	0.100	0	0.440	0.100	0.300	0.0400	0	0.00315
93	1204.19	5.22585e-03	3.11	1.44	0.102	0.0252	0.100	0	0	0	0.00753	0.100	0	0.440	0.100	0.300	0.0400	0	0.00272
94	1207.52	5.17593e-03	3.11	1.44	0.102	0.0252	0.100	0	0	0	0.00757	0.100	0	0.440	0.100	0.300	0.0400	0	0.00302
95	1210.84	5.13904e-03	3.11	1.44	0.102	0.0251	0.100	0	0	0	0.00762	0.100	0	0.440	0.100	0.300	0.0400	0	0.00306
96	1214.16	5.11163e-03	3.11	1.44	0.102	0.0250	0.100	0	0	0	0.00766	0.100	0	0.440	0.100	0.300	0.0400	0	0.00304
97	1217.47	5.08962e-03	3.11	1.44	0.102	0.0250	0.100	0	0	0	0.00770	0.100	0	0.440	0.100	0.300	0.0400	0	0.00306
98	1220.78	5.06382e-03	3.11	1.44	0.102	0.0249	0.100	0	0	0	0.00774	0.100	0	0.440	0.100	0.300	0.0400	0	0.00311
99	1224.09	5.04796e-03	3.11	1.44	0.102	0.0248	0.100	0	0	0	0.00778	0.100	0	0.440	0.100	0.300	0.0400	0	0.00306
100	1227.39	5.02672e-03	3.11	1.44	0.102	0.0248	0.100	0	0	0	0.00782	0.100	0	0.440	0.100	0.300	0.0400	0	0.00329
101	1230.69	5.00829e-03	3.11	1.44	0.102	0.0247	0.100	0	0	0	0.00785	0.100	0	0.440	0.100	0.300	0.0400	0	0.00292
102	1233.98	4.99682e-03	3.11	1.44	0.102	0.0246	0.100	0	0	0	0.00789	0.100	0	0.440	0.100	0.300	0.0400	0	0.00298
103	1237.27	4.99816e-03	3.11	1.44	0.102	0.0246	0.100	0	0	0	0.00793	0.100	0	0.440	0.100	0.300	0.0400	0	0.00320
104	1240.56	4.99988e-03	3.11	1.44	0.102	0.0245	0.100	0	0	0	0.00797	0.100	0	0.440	0.100	0.300	0.0400	0	0.00302
105	1243.84	5.00193e-03	3.11	1.44	0.102	0.0244	0.100	0	0	0	0.00800	0.100	0	0.440	0.100	0.300	0.0400	0	0.00322
106	1247.12	5.00539e-03	3.11	1.44	0.102	0.0244	0.100	0	0	0	0.00804	0.100	0	0.440	0.100	0.300	0.0400	0	0.00303
107	1250.40	4.99875e-03	3.11	1.44	0.102	0.0243	0.100	0	0	0	0.00807	0.100	0	0.440	0.100	0.300	0.0400	0	0.00304
108	1253.67	4.98481e-03	3.11	1.44	0.102	0.0242	0.100	0	0	0	0.00811	0.100	0	0.440	0.100	0.300	0.0400	0	0.00331
109	1256.93	4.95986e-03	3.11	1.44	0.102	0.0242	0.100	0	0	0	0.00814	0.100	0	0.440	0.100	0.300	0.0400	0	0.00317
110	1260.20	4.93427e-03	3.11	1.44	0.102	0.0241	0.100	0	0	0	0.00817	0.100	0	0.440	0.100	0.300	0.0400	0	0.00288
111	1263.46	4.90349e-03	3.11	1.44	0.102	0.0241	0.100	0	0	0	0.00821	0.100	0	0.440	0.100	0.300	0.0400	0	0.00322
112	1266.71	4.87205e-03	3.11	1.44	0.102	0.0240	0.100	0	0	0	0.00824	0.100	0	0.440	0.100	0.300	0.0400	0	0.00338
113	1269.96	4.84593e-03	3.11	1.44	0.102	0.0239	0.100	0	0	0	0.00827	0.100	0	0.440	0.100	0.300	0.0400	0	0.00316
114	1273.21	4.82396e-03	3.11	1.44	0.102	0.0239	0.100	0	0	0	0.00830	0.100	0	0.440	0.100	0.300	0.0400	0	0.00295
115	1276.45	4.78709e-03	3.11	1.44	0.102	0.0238	0.100	0	0	0	0.00834	0.100	0	0.440	0.100	0.300	0.0400	0	0.00303
116	1279.69	4.75197e-03	3.11	1.44	0.102	0.0238	0.100	0	0	0	0.00837	0.100	0	0.440	0.100	0.300	0.0400	0	0.00284
117	1282.93	4.70884e-03	3.11	1.44	0.102	0.0237	0.100	0	0	0	0.00840	0.100	0	0.440	0.100	0.300	0.0400	0	0.00296
118	1286.16	4.6616e-03	3.11	1.44	0.102	0.0236	0.100	0	0	0	0.00843	0.100	0	0.440	0.100	0.300	0.0400	0	0.00312
119	1289.38	4.62137e-03	3.11	1.44	0.102	0.0236	0.100	0	0	0	0.00846	0.100	0	0.440	0.100	0.300	0.0400	0	0.00291
120	1292.61	4.58341e-03	3.11	1.44	0.102	0.0235	0.100	0	0	0	0.00849	0.100	0	0.440	0.100	0.300	0.0400	0	0.00304
121	1295.83	4.56417e-03	3.11	1.44	0.102	0.0235	0.100	0	0	0	0.00851	0.100	0	0.440	0.100	0.300	0.0400	0	0.00293
122	1299.04	4.55836e-03	3.11	1.44	0.102	0.0234	0.100	0	0	0	0.00854	0.100	0	0.440	0.100	0.300	0.0400	0	0.00296
123	1302.25	4.55851e-03	3.11	1.44	0.102	0.0233	0.100	0	0	0	0.00857	0.100	0	0.440	0.100	0.300	0.0400	0	0.00313
124	1305.46	4.56773e-03	3.11	1.44	0.102	0.0233	0.100	0	0	0	0.00860	0.100	0	0.440	0.100	0.300	0.0400	0	0.00302
125	1308.66	4.57257e-03	3.11	1.44	0.102	0.0232	0.100	0	0	0	0.00863	0.100	0	0.440	0.100	0.300	0.0400	0	0.00288
126	1311.86	4.58059e-03	3.11	1.44	0.102	0.0232	0.100	0	0	0	0.00865	0.100	0	0.440	0.100	0.300	0.0400	0	0.00306
127	1315.05	4.58367e-03	3.11	1.44	0.102	0.0231	0.100	0	0	0	0.00868	0.100	0	0.440	0.100	0.300	0.0400	0	0.00322
128	1318.24	4.57992e-03	3.11	1.44	0.102	0.0231	0.100	0	0	0	0.00871	0.100	0	0.440	0.100	0.300	0.0400	0	0.00325
129	1321.42	4.57232e-03	3.11	1.44	0.102	0.0230	0.100	0	0	0	0.00873	0.100	0	0.440	0.100	0.300	0.0400	0	0.00310
130	1324.61	4.56673e-03	3.11	1.44	0.102	0.0230	0.100	0	0	0	0.00876	0.100	0	0.440	0.100	0.300	0.0400	0	0.00302
131	1327.78	4.55448e-03	3.11	1.44	0.102	0.0229	0.100	0	0	0	0.00879	0.100	0	0.440	0.100	0.300	0.0400	0	0.00297
132	1330.96	4.55152e-03	3.11	1.44	0.102	0.0228	0.100	0	0	0	0.00881	0.100	0	0.440	0.100	0.300	0.0400	0	0.00311
133	1334.12	4.54399e-03	3.11	1.44	0.102	0.0228	0.100	0	0	0	0.00884	0.100	0	0.440	0.100	0.300	0.0400	0	0.00316
134	1337.29	4.53756e-03	3.11	1.44	0.102	0.0227	0.100	0	0	0	0.00886	0.100	0	0.440	0.100	0.300	0.0400	0	0.00313
135	1340.45	4.53656e-03	3.11	1.44	0.102	0.0227	0.100	0	0	0	0.00889	0.100	0	0.440	0.100	0.300	0.0400	0	0.00313
136	1343.60	4.53571e-03	3.11	1.44	0.102	0.0226	0.100	0	0	0	0.00891	0.100	0	0.440	0.100	0.300	0.0400	0	0.00316
137	1346.75	4.53774e-03	3.11	1.44	0.102	0.0226	0.100	0	0	0	0.00893	0.100	0	0.440	0.100	0.300	0.0400	0	0.00350
138	1349.90	4.54611e-03	3.11	1.44	0.102	0.0225	0.100	0	0	0	0.00896	0.100	0	0.440	0.100	0.300	0.0400	0	0.00318
139	1353.04	4.56177e-03	3.11	1.44	0.102	0.0225	0.100	0	0	0	0.00898	0.100	0	0.440	0.100	0.300	0.0400	0	0.00312
140	1356.18	4.58029e-03	3.11	1.44	0.102	0.0224	0.100	0	0	0	0.00900	0.100	0	0.440	0.100	0.300	0.0400	0	0.00339
141	1359.32	4.60213e-03	3.11	1.44	0.102	0.0224	0.100	0	0	0	0.00903	0.100	0	0.440	0.100	0.300	0.0400	0	0.00343
142	1362.45	4.61251e-03	3.11	1.44	0.102	0.0223	0.100	0	0	0	0.00905	0.100	0	0.440	0.100	0.300	0.0400	0	0.00365
143	1365.57	4.60787e-03	3.11	1.44	0.102	0.0223	0.100	0	0	0	0.00907	0.100	0	0.440	0.100	0.300	0.0400	0	0.00311
144	1368.69	4.60117e-03	3.11	1.44	0.102	0.0222	0.100	0	0	0	0.00909	0.100	0	0.440	0.100	0.300	0.0400	0	0.00313
145	1371.81	4.60498e-03	3.11	1.44	0.102	0.0222	0.100	0	0	0	0.00912	0.100	0	0.440	0.100	0.300	0.0400	0	0.00316
146	1374.92	4.6524e-03	3.11	1.44	0.102	0.0221	0.100	0	0	0	0.00914	0.100	0	0.440	0.100	0.300	0.0400	0	0.00334
147	1378.03	4.73899e-03	3.11	1.44	0.102	0.0221	0.100	0	0	0	0.00916	0.100	0	0.440	0.100	0.300	0.0400	0	0.00334
148	1381.13	4.84932e-03	3.11	1.44	0.102	0.0220	0.100	0	0	0	0.00918	0.100	0	0.440	0.100	0.300	0.0400	0	0.00351
149	1384.23	4.90605e-03	3.11	1.44	0.102	0.0220	0.100	0	0	0	0.00920	0.100	0	0.440	0.100	0.300	0.0400	0	0.00352
150	1387.33	4.8982e-03	3.11	1.44	0.102	0.0219	0.100	0	0	0	0.00922	0.100	0	0.440	0.100	0.300	0.0400	0	0.00328
151	1390.42	4.87243e-03	3.11	1.45	0.102	0.0219	0.100	0	0	0	0.00924	0.100	0	0.440	0.100	0.300	0.0400	0	0.00321
152	1393.50	4.87181e-03	3.13	1.46	0.102	0.0218	0.100	0	0	0	0.00926	0.100	0	0.440	0.100	0.300	0.0400	0	0.00342
153	1396.58	4.86992e-03	3.14	1.46	0.102	0.0218	0.100	0	0	0	0.00928	0.100	0	0.440	0.100	0.300	0.0400	0	0.00326
154	1399.66	4.86076e-03	3.16	1.47	0.102	0.0217	0.100	0	0	0	0.00930	0.100	0	0.440	0.100	0.300	0.0400	0	0.00355
155	1402.73	4.85471e-03	3.17	1.48	0.102	0.0217	0.100	0	0	0	0.00932	0.100	0	0.440	0.100	0.300	0.0400	0	0.00308
156	1405.80	4.84176e-03	3.17	1.48	0.102	0.0216	0.100	0	0	0	0.00934	0.100	0	0.440	0.100	0.300	0.0400	0	0.00338
157	1408.86	4.82902e-03	3.17	1.48	0.102	0.0216	0.100	0	0	0	0.00936	0.100	0	0.440	0.100	0.300	0.0400	0	0.00358
158	1411.92	4.80537e-03	3.17	1.48	0.102	0.0215	0.100	0	0	0	0.00938	0.100	0	0.440	0.100	0.300	0.0400	0	0.00354
159	1414.98	4.79528e-03	3.17	1.48	0.102	0.0215	0.100	0	0	0	0.00940	0.100	0	0.440	0.100	0.300	0.0400	0	0.00370
160	1418.03	4.77361e-03	3.17	1.48	0.102	0.0214	0.100	0	0	0	0.00942	0.100	0	0.440	0.100	0.300	0.0400	0	0.00341
161	1421.07	4.75723e-03	3.17	1.48	0.102	0.0214	0.100	0	0	0	0.00944	0.100	0	0.440	0.100	0.300	0.0400	0	0.00372
162	1424.11	4.73954e-03	3.17	1.48	0.102	0.0213	0.100	0	0	0	0.00945	0.100	0	0.440	0.100	0.300	0.0400	0	0.00302
163	1427.15	4.72441e-03	3.17	1.48	0.102	0.0213	0.100	0	0	0	0.00947	0.100	0	0.440	0.100	0.300	0.0400	0	0.00364
164	1430.18	4.70762e-03	3.17	1.48	0.102	0.0213	0.100	0	0	0	0.00949	0.100	0	0.440	0.100	0.300	0.0400	0	0.00347
165	1433.21	4.68516e-03	3.17	1.48	0.102	0.0212	0.100	0	0	0	0.00951	0.100	0	0.440	0.100	0.300	0.0400	0	0.00363
166	1436.23	4.66986e-03	3.17	1.48	0.102	0.0212	0.100	0	0	0	0.00952	0.100	0	0.440	0.100	0.300	0.0400	0	0.00358
167	1439.25	4.65869e-03	3.17	1.48	0.102	0.0211	0.100	0	0	0	0.00954	0.100	0	0.440	0.100	0.300	0.0400	0	0.00321
168	1442.26	4.65033e-03	3.16	1.47	0.102	0.0211	0.100	0	0	0	0.00956	0.100	0	0.440	0.100	0.300	0.0400	0	0.00354
169	1445.27	4.63676e-03	3.14	1.46	0.102	0.0210	0.100	0	0	0	0.00958	0.100	0	0.440	0.100	0.300	0.0400	0	0.00363
170	1448.27	4.61987e-03	3.12	1.45	0.102	0.0210	0.100	0	0	0	0.00959	0.100	0	0.440	0.100	0.300	0.0400	0	0.00355
171	1451.27	4.61198e-03	3.12	1.45	0.102	0.0209	0.100	0	0	0	0.00961	0.100	0	0.440	0.100	0.300	0.0400	0	0.00354
172	1454.26	4.60366e-03	3.16	1.47	0.102	0.0209	0.100	0	0	0	0.00963	0.100	0	0.440	0.100	0.300	0.0400	0	0.00342
173	1457.25	4.60577e-03	3.19	1.49	0.102	0.0209	0.100	0	0	0	0.00964	0.100	0	0.440	0.100	0.300	0.0400	0	0.00358
174	1460.24	4.61714e-03	3.22	1.51	0.102	0.0208	0.100	0	0	0	0.00966	0.100	0	0.440	0.100	0.300	0.0400	0	0.00374
175	1463.22	4.62198e-03	3.22	1.51	0.102	0.0208	0.100	0	0	0	0.00967	0.100	0	0.440	0.100	0.300	0.0400	0	0.00342
176	1466.20	4.63635e-03	3.23	1.51	0.102	0.0207	0.100	0	0	0	0.00969	0.100	0	0.440	0.100	0.300	0.0400	0	0.00352
177	1469.17	4.64169e-03	3.23	1.51	0.102	0.0207	0.100	0	0	0	0.00970	0.100	0	0.440	0.100	0.300	0.0400	0	0.00361
178	1472.13	4.65298e-03	3.23	1.51	0.102	0.0207	0.100	0	0	0	0.00972	0.100	0	0.440	0.100	0.300	0.0400	0	0.00378
179	1475.09	4.66117e-03	3.23	1.51	0.102	0.0206	0.100	0	0	0	0.00974	0.100	0	0.440	0.100	0.300	0.0400	0	0.00350
180	1478.05	4.664e-03	3.23	1.51	0.102	0.0206	0.100	0	0	0	0.00975	0.100	0	0.440	0.100	0.300	0.0400	0	0.00403
181	1481.00	4.67919e-03	3.23	1.51	0.102	0.0205	0.100	0	0	0	0.00977	0.100	0	0.440	0.100	0.300	0.0400	0	0.00388
182	1483.95	4.6886e-03	3.23	1.51	0.102	0.0205	0.100	0	0	0	0.00978	0.100	0	0.440	0.100	0.300	0.0400	0	0.00367
183	1486.89	4.70562e-03	3.22	1.51	0.102	0.0204	0.100	0	0	0	0.00979	0.100	0	0.440	0.100	0.300	0.0400	0	0.00386
184	1489.83	4.72955e-03	3.22	1.51	0.102	0.0204	0.100	0	0	0	0.00981	0.100	0	0.440	0.100	0.300	0.0400	0	0.00387
185	1492.76	4.74464e-03	3.21	1.50	0.102	0.0204	0.100	0	0	0	0.00982	0.100	0	0.440	0.100	0.300	0.0400	0	0.00369
186	1495.69	4.76132e-03	3.20	1.50	0.102	0.0203	0.100	0	0	0	0.00984	0.100	0	0.440	0.100	0.300	0.0400	0	0.00380
187	1498.61	4.78031e-03	3.20	1.49	0.102	0.0203	0.100	0	0	0	0.00985	0.100	0	0.440	0.100	0.300	0.0400	0	0.00399
188	1501.53	4.80057e-03	3.19	1.49	0.102	0.0202	0.100	0	0	0	0.00986	0.100	0	0.440	0.100	0.300	0.0400	0	0.00361
189	1504.44	4.82367e-03	3.19	1.49	0.102	0.0202	0.100	0	0	0	0.00988	0.100	0	0.440	0.100	0.300	0.0400	0	0.00373
190	1507.35	4.84357e-03	3.19	1.49	0.102	0.0202	0.100	0	0	0	0.00989	0.100	0	0.440	0.100	0.300	0.0400	0	0.00368
191	1510.26	4.85953e-03	3.19	1.49	0.102	0.0201	0.100	0	0	0	0.00990	0.100	0	0.440	0.100	0.300	0.0400	0	0.00366
192	1513.16	4.8756e-03	3.19	1.49	0.102	0.0201	0.100	0	0	0	0.00992	0.100	0	0.440	0.100	0.300	0.0400	0	0.00414
193	1516.05	4.89187e-03	3.19	1.49	0.102	0.0201	0.100	0	0	0	0.00993	0.100	0	0.440	0.100	0.300	0.0400	0	0.00385
194	1518.94	4.90292e-03	3.19	1.49	0.102	0.0200	0.100	0	0	0	0.00994	0.100	0	0.440	0.100	0.300	0.0400	0	0.00404
195	1521.82	4.92196e-03	3.19	1.49	0.102	0.0200	0.100	0	0	0	0.00995	0.100	0	0.440	0.100	0.300	0.0400	0	0.00387
196	1524.70	4.93031e-03	3.19	1.49	0.102	0.0199	0.100	0	0	0	0.00997	0.100	0	0.440	0.100	0.300	0.0400	0	0.00363
197	1527.58	4.94695e-03	3.19	1.49	0.102	0.0199	0.100	0	0	0	0.00998	0.100	0	0.440	0.100	0.300	0.0400	0	0.00399
198	1530.45	4.96583e-03	3.19	1.49	0.102	0.0199	0.100	0	0	0	0.00999	0.100	0	0.440	0.100	0.300	0.0400	0	0.00390
199	1533.31	4.97919e-03	3.19	1.49	0.102	0.0198	0.100	0	0	0	0.0100	0.100	0	0.440	0.100	0.300	0.0400	0	0.00419
200	1536.17	5.00232e-03	3.19	1.49	0.102	0.0198	0.100	0	0	0	0.0100	0.100	0	0.440	0.100	0.300	0.0400	0	0.00397
201	1539.02	5.02379e-03	3.19	1.49	0.102	0.0198	0.100	0	0	0	0.0100	0.100	0	0.440	0.100	0.300	0.0400	0	0.00403
202	1541.87	5.0466e-03	3.18	1.48	0.102	0.0197	0.100	0	0	0	0.0100	0.100	0	0.440	0.100	0.300	0.0400	0	0.00399
203	1544.72	5.06835e-03	3.16	1.47	0.102	0.0197	0.100	0	0	0	0.0100	0.100	0	0.440	0.100	0.300	0.0400	0	0.00396
204	1547.56	5.0866e-03	3.14	1.46	0.102	0.0196	0.100	0	0	0	0.0101	0.100	0	0.440	0.100	0.300	0.0400	0	0.00484
205	1550.39	5.10595e-03	3.13	1.46	0.102	0.0196	0.100	0	0	0	0.0101	0.100	0	0.440	0.100	0.300	0.0400	0	0.00427
206	1553.22	5.12125e-03	3.13	1.46	0.102	0.0196	0.100	0	0	0	0.0101	0.100	0	0.440	0.100	0.300	0.0400	0	0.00407
207	1556.05	5.14765e-03	3.13	1.46	0.102	0.0195	0.100	0	0	0	0.0101	0.100	0	0.440	0.100	0.300	0.0400	0	0.00417
208	1558.87	5.1624e-03	3.13	1.46	0.102	0.0195	0.100	0	0	0	0.0101	0.100	0	0.440	0.100	0.300	0.0400	0	0.00464
209	1561.68	5.187e-03	3.13	1.46	0.102	0.0195	0.100	0	0	0	0.0101	0.100	0	0.440	0.100	0.300	0.0400	0	0.00394
210	1564.49	5.20656e-03	3.13	1.46	0.102	0.0194	0.100	0	0	0	0.0101	0.100	0	0.440	0.100	0.300	0.0400	0	0.00482
211	1567.29	5.22488e-03	3.13	1.46	0.102	0.0194	0.100	0	0	0	0.0101	0.100	0	0.440	0.100	0.300	0.0400	0	0.00419
212	1570.09	5.2548e-03	3.13	1.46	0.102	0.0194	0.100	0	0	0	0.0101	0.100	0	0.440	0.100	0.300	0.0400	0	0.00441
213	1572.89	5.27377e-03	3.13	1.46	0.102	0.0193	0.100	0	0	0	0.0101	0.100	0	0.440	0.100	0.300	0.0400	0	0.00432
214	1575.68	5.30073e-03	3.13	1.46	0.102	0.0193	0.100	0	0	0	0.0102	0.100	0	0.440	0.100	0.300	0.0400	0	0.00417
215	1578.46	5.33076e-03	3.13	1.46	0.102	0.0193	0.100	0	0	0	0.0102	0.100	0	0.440	0.100	0.300	0.0400	0	0.00441
216	1581.24	5.35319e-03	3.13	1.46	0.102	0.0192	0.100	0	0	0	0.0102	0.100	0	0.440	0.100	0.300	0.0400	0	0.00415
217	1584.01	5.37998e-03	3.13	1.46	0.102	0.0192	0.100	0	0	0	0.0102	0.100	0	0.440	0.100	0.300	0.0400	0	0.00452
218	1586.78	5.41025e-03	3.13	1.46	0.102	0.0192	0.100	0	0	0	0.0102	0.100	0	0.440	0.100	0.300	0.0400	0	0.00440
219	1589.55	5.44457e-03	3.13	1.46	0.102	0.0191	0.100	0	0	0	0.0102	0.100	0	0.440	0.100	0.300	0.0400	0	0.00449
220	1592.30	5.47501e-03	3.12	1.45	0.102	0.0191	0.100	0	0	0	0.0102	0.100	0	0.440	0.100	0.300	0.0400	0	0.00489
221	1595.06	5.4966e-03	3.12	1.45	0.102	0.0191	0.100	0	0	0	0.0102	0.100	0	0.440	0.100	0.300	0.0400	0	0.00430
222	1597.80	5.52739e-03	3.12	1.45	0.102	0.0190	0.100	0	0	0	0.0102	0.100	0	0.440	0.100	0.300	0.0400	0	0.00524
223	1600.55	5.54674e-03	3.12	1.45	0.102	0.0190	0.100	0	0	0	0.0102	0.100	0	0.440	0.100	0.300	0.0400	0	0.00506
224	1603.29	5.57845e-03	3.15	1.47	0.102	0.0190	0.100	0	0	0	0.0102	0.100	0	0.440	0.100	0.300	0.0400	0	0.00498
225	1606.02	5.60449e-03	3.18	1.48	0.102	0.0189	0.100	0	0	0	0.0102	0.100	0	0.440	0.100	0.300	0.0400	0	0.00502
226	1608.74	5.64269e-03	3.21	1.50	0.102	0.0189	0.100	0	0	0	0.0103	0.100	0	0.440	0.100	0.300	0.0400	0	0.00505
227	1611.47	5.66803e-03	3.22	1.50	0.102	0.0189	0.100	0	0	0	0.0103	0.100	0	0.440	0.100	0.300	0.0400	0	0.00486
228	1614.18	5.70454e-03	3.22	1.50	0.102	0.0188	0.100	0	0	0	0.0103	0.100	0	0.440	0.100	0.300	0.0400	0	0.00515
229	1616.89	5.74543e-03	3.22	1.50	0.102	0.0188	0.100	0	0	0	0.0103	0.100	0	0.440	0.100	0.300	0.0400	0	0.00512
230	1619.60	5.78332e-03	3.22	1.50	0.102	0.0188	0.100	0	0	0	0.0103	0.100	0	0.440	0.100	0.300	0.0400	0	0.00433
231	1622.30	5.82957e-03	3.22	1.50	0.102	0.0187	0.100	0	0	0	0.0103	0.100	0	0.440	0.100	0.300	0.0400	0	0.00549
232	1625.00	5.8862e-03	3.22	1.50	0.102	0.0187	0.100	0	0	0	0.0103	0.100	0	0.440	0.100	0.300	0.0400	0	0.00543
233	1627.69	5.94846e-03	3.22	1.50	0.102	0.0187	0.100	0	0	0	0.0103	0.100	0	0.440	0.100	0.300	0.0400	0	0.00529
234	1630.37	6.01198e-03	3.22	1.50	0.102	0.0186	0.100	0	0	0	0.0103	0.100	0	0.440	0.100	0.300	0.0400	0	0.00544
235	1633.05	6.08848e-03	3.22	1.50	0.102	0.0186	0.100	0	0	0	0.0103	0.100	0	0.440	0.100	0.300	0.0400	0	0.00514
236	1635.73	6.16923e-03	3.22	1.50	0.102	0.0186	0.100	0	0	0	0.0103	0.100	0	0.440	0.100	0.300	0.0400	0	0.00549
237	1638.40	6.26933e-03	3.22	1.50	0.102	0.0186	0.100	0	0	0	0.0103	0.100	0	0.440	0.100	0.300	0.0400	0	0.00559
238	1641.06	6.39213e-03	3.22	1.50	0.102	0.0185	0.100	0	0	0	0.0103	0.100	0	0.440	0.100	0.300	0.0400	0	0.00613
239	1643.72	6.5676e-03	3.22	1.50	0.102	0.0185	0.100	0	0	0	0.0103	0.100	0	0.440	0.100	0.300	0.0400	0	0.00547
240	1646.37	6.79451e-03	3.22	1.50	0.102	0.0185	0.100	0	0	0	0.0103	0.100	0	0.440	0.100	0.300	0.0400	0	0.00630
241	1649.02	7.10222e-03	3.22	1.50	0.102	0.0184	0.100	0	0	0	0.0103	0.100	0	0.440	0.100	0.300	0.0400	0	0.00638
242	1651.66	7.57662e-03	3.22	1.50	0.102	0.0184	0.100	0	0	0	0.0103	0.100	0	0.440	0.100	0.300	0.0400	0	0.00663
243	1654.30	8.25051e-03	3.22	1.50	0.102	0.0184	0.100	0	0	0	0.0103	0.100	0	0.440	0.100	0.300	0.0400	0	0.00733
244	1656.93	9.17842e-03	3.22	1.50	0.102	0.0183	0.100	0	0	0	0.0104	0.100	0	0.440	0.100	0.300	0.0400	0	0.00778
245	1659.56	1.04296e-02	3.22	1.50	0.102	0.0183	0.100	0	0	0	0.0104	0.100	0	0.440	0.100	0.300	0.0400	0	0.00994
246	1662.18	1.20758e-02	3.22	1.50	0.102	0.0183	0.100	0	0	0	0.0104	0.100	0	0.440	0.100	0.300	0.0400	0	0.0113
247	1664.80	1.41616e-02	3.22	1.50	0.102	0.0183	0.100	0	0	0	0.0104	0.100	0	0.440	0.100	0.300	0.0400	0	0.0120
248	1667.41	1.66815e-02	3.22	1.50	0.102	0.0182	0.100	0	0	0	0.0104	0.100	0	0.440	0.100	0.300	0.0400	0	0.0145
249	1670.01	1.96585e-02	3.22	1.50	0.102	0.0182	0.100	0	0	0	0.0104	0.100	0	0.440	0.100	0.300	0.0400	0	0.0166
250	1672.61	2.3077e-02	3.22	1.50	0.102	0.0182	0.100	0	0	0	0.0104	0.100	0	0.440	0.100	0.300	0.0400	0	0.0181
251	1675.20	2.71733e-02	3.22	1.50	0.102	0.0181	0.100	0	0	0	0.0104	0.100	0	0.440	0.100	0.300	0.0400	0	0.0243
252	1677.79	3.16334e-02	3.22	1.50	0.102	0.0181	0.100	0	0	0	0.0104	0.100	0	0.440	0.100	0.300	0.0400	0	0.0264
253	1680.37	3.67133e-02	3.22	1.50	0.102	0.0181	0.100	0	0	0	0.0104	0.100	0	0.440	0.100	0.300	0.0400	0	0.0316
254	1682.95	4.25432e-02	3.22	1.50	0.102	0.0181	0.100	0	0	0	0.0104	0.100	0	0.440	0.100	0.300	0.0400	0	0.0430
255	1685.52	4.94287e-02	3.22	1.50	0.102	0.0180	0.100	0	0	0	0.0104	0.100	0	0.440	0.100	0.300	0.0400	0	0.0415
