# hypstar_220241_radcal_L_200728_swir.dat																			
# Calibrated by Joel Kuusk, Tartu Observatory, University of Tartu, 2020-07-28																			
#																			
# Applied corrections:																			
# nonlinearity	hypstar_220241_nonlin_corr_coefs_200728.dat																		
# wavelength	hypstar_220241_wl_coefs_200910.dat																		
# thermal	none																		
# stray light	none																		
#																			
# L [mW m-2 nm-1 sr-1] = DN / inttime_ms * 1000 * cal_coef																			
# Pixel counting starts from 0																			
#																			
# px	wl	cal_coef	u_cal_coef(k=2)	u_lamp(k=1)	u_aging(k=1)	u_power(k=1)	u_align_lamp(k=1)	u_panel(k=1)	u_interp_panel(k=1)	u_align_panel(k=1)	u_wl_source(k=1)	u_lab_stray(k=1)	u_panel_backrefl(k=1)	u_dist(k=1)	u_align(k=1)	u_temp(k=1)	u_lin(k=1)	u_stray(k=1)	u_typeA(k=1)
0	873.82	3.20637e-03	1.59	0.613	0.0277	0.0348	0.100	0.305	0.100	0.100	0.00184	0.100	0.100	0.0800	0.100	0.300	0.0200	0	0.0434
1	877.47	1.44974e-03	1.58	0.613	0.0277	0.0346	0.100	0.305	0.100	0.100	0.00139	0.100	0.100	0.0800	0.100	0.300	0.0200	0	0.0213
2	881.11	8.36989e-04	1.58	0.613	0.0277	0.0345	0.100	0.305	0.100	0.100	0.000928	0.100	0.100	0.0800	0.100	0.300	0.0200	0	0.0120
3	884.74	6.19179e-04	1.58	0.613	0.0277	0.0344	0.100	0.305	0.100	0.100	0.000455	0.100	0.100	0.0800	0.100	0.300	0.0200	0	0.00889
4	888.38	5.38715e-04	1.58	0.613	0.0277	0.0342	0.100	0.305	0.100	0.100	0.0000376	0.100	0.100	0.0800	0.100	0.300	0.0200	0	0.00817
5	892.01	5.05662e-04	1.58	0.613	0.0277	0.0341	0.100	0.305	0.100	0.100	0.000538	0.100	0.100	0.0800	0.100	0.300	0.0200	0	0.00731
6	895.64	4.84292e-04	1.58	0.613	0.0277	0.0339	0.100	0.305	0.100	0.100	0.00105	0.100	0.100	0.0800	0.100	0.300	0.0200	0	0.00758
7	899.26	4.65853e-04	1.58	0.613	0.0277	0.0338	0.100	0.305	0.100	0.100	0.00156	0.100	0.100	0.0800	0.100	0.300	0.0200	0	0.00698
8	902.89	4.44938e-04	3.65	1.76	0.0277	0.0337	0.100	0.305	0.100	0.100	0.000320	0.100	0.100	0.0800	0.100	0.300	0.0200	0	0.00676
9	906.51	4.26138e-04	3.65	1.76	0.0277	0.0335	0.100	0.305	0.100	0.100	0.0000503	0.100	0.100	0.0800	0.100	0.300	0.0200	0	0.00642
10	910.12	4.0334e-04	3.65	1.76	0.0277	0.0334	0.100	0.305	0.100	0.100	0.000207	0.100	0.100	0.0800	0.100	0.300	0.0200	0	0.00623
11	913.74	3.76012e-04	3.65	1.76	0.0277	0.0333	0.100	0.305	0.100	0.100	0.000450	0.100	0.100	0.0800	0.100	0.300	0.0200	0	0.00623
12	917.35	3.4366e-04	3.65	1.76	0.0277	0.0331	0.100	0.305	0.100	0.100	0.000681	0.100	0.100	0.0800	0.100	0.300	0.0200	0	0.00548
13	920.95	3.11241e-04	3.65	1.76	0.0277	0.0330	0.100	0.305	0.100	0.100	0.000866	0.100	0.100	0.0800	0.100	0.300	0.0200	0	0.00507
14	924.56	2.84984e-04	3.65	1.76	0.0277	0.0329	0.100	0.305	0.100	0.100	0.000995	0.100	0.100	0.0800	0.100	0.300	0.0200	0	0.00503
15	928.16	2.67777e-04	3.65	1.76	0.0277	0.0328	0.100	0.305	0.100	0.100	0.00105	0.100	0.100	0.0800	0.100	0.300	0.0200	0	0.00474
16	931.75	2.56563e-04	3.65	1.76	0.0277	0.0326	0.100	0.305	0.100	0.100	0.00110	0.100	0.100	0.0800	0.100	0.300	0.0200	0	0.00434
17	935.35	2.4872e-04	3.65	1.76	0.0277	0.0325	0.100	0.305	0.100	0.100	0.00103	0.100	0.100	0.0800	0.100	0.300	0.0200	0	0.00444
18	938.94	2.42723e-04	3.65	1.76	0.0277	0.0324	0.100	0.305	0.100	0.100	0.000961	0.100	0.100	0.0800	0.100	0.300	0.0200	0	0.00447
19	942.53	2.38097e-04	3.65	1.76	0.0277	0.0323	0.100	0.305	0.100	0.100	0.000911	0.100	0.100	0.0800	0.100	0.300	0.0200	0	0.00402
20	946.11	2.34033e-04	3.65	1.76	0.0277	0.0321	0.100	0.305	0.100	0.100	0.000950	0.100	0.100	0.0800	0.100	0.300	0.0200	0	0.00414
21	949.69	2.2996e-04	3.65	1.76	0.0277	0.0320	0.100	0.305	0.100	0.100	0.00109	0.100	0.100	0.0800	0.100	0.300	0.0200	0	0.00416
22	953.27	2.25665e-04	3.65	1.76	0.0277	0.0319	0.100	0.305	0.100	0.100	0.00131	0.100	0.100	0.0800	0.100	0.300	0.0200	0	0.00406
23	956.85	2.21456e-04	3.65	1.76	0.0277	0.0318	0.100	0.305	0.100	0.100	0.00160	0.100	0.100	0.0800	0.100	0.300	0.0200	0	0.00399
24	960.42	2.17464e-04	3.65	1.76	0.0277	0.0317	0.100	0.305	0.100	0.100	0.00202	0.100	0.100	0.0800	0.100	0.300	0.0200	0	0.00410
25	963.99	2.12815e-04	3.65	1.76	0.0277	0.0315	0.100	0.305	0.100	0.100	0.00244	0.100	0.100	0.0800	0.100	0.300	0.0200	0	0.00391
26	967.55	2.08168e-04	3.65	1.76	0.0277	0.0314	0.100	0.305	0.100	0.100	0.00282	0.100	0.100	0.0800	0.100	0.300	0.0200	0	0.00410
27	971.11	2.03543e-04	3.65	1.76	0.0277	0.0313	0.100	0.305	0.100	0.100	0.00317	0.100	0.100	0.0800	0.100	0.300	0.0200	0	0.00389
28	974.67	1.99374e-04	3.65	1.76	0.0277	0.0312	0.100	0.305	0.100	0.100	0.00344	0.100	0.100	0.0800	0.100	0.300	0.0200	0	0.00397
29	978.23	1.95028e-04	3.65	1.76	0.0277	0.0311	0.100	0.305	0.100	0.100	0.00368	0.100	0.100	0.0800	0.100	0.300	0.0200	0	0.00360
30	981.78	1.90489e-04	3.65	1.76	0.0277	0.0310	0.100	0.305	0.100	0.100	0.00386	0.100	0.100	0.0800	0.100	0.300	0.0200	0	0.00346
31	985.33	1.8623e-04	3.65	1.76	0.0277	0.0309	0.100	0.305	0.100	0.100	0.00400	0.100	0.100	0.0800	0.100	0.300	0.0200	0	0.00377
32	988.87	1.82738e-04	3.65	1.76	0.0277	0.0307	0.100	0.305	0.100	0.100	0.00414	0.100	0.100	0.0800	0.100	0.300	0.0200	0	0.00329
33	992.42	1.79503e-04	3.65	1.76	0.0277	0.0306	0.100	0.305	0.100	0.100	0.00428	0.100	0.100	0.0800	0.100	0.300	0.0200	0	0.00357
34	995.95	1.76351e-04	3.65	1.76	0.0277	0.0305	0.100	0.305	0.100	0.100	0.00442	0.100	0.100	0.0800	0.100	0.300	0.0200	0	0.00338
35	999.49	1.73232e-04	3.65	1.76	0.0277	0.0304	0.100	0.305	0.100	0.100	0.00456	0.100	0.100	0.0800	0.100	0.300	0.0200	0	0.00354
36	1003.02	1.70329e-04	3.53	1.69	0.0277	0.0303	0.100	0.305	0.100	0.100	0.00470	0.100	0.100	0.0800	0.100	0.300	0.0200	0	0.00353
37	1006.55	1.67955e-04	3.39	1.62	0.0277	0.0302	0.100	0.305	0.100	0.100	0.00484	0.100	0.100	0.0800	0.100	0.300	0.0200	0	0.00357
38	1010.07	1.6613e-04	3.25	1.54	0.0277	0.0301	0.100	0.305	0.100	0.100	0.00497	0.100	0.100	0.0800	0.100	0.300	0.0200	0	0.00347
39	1013.60	1.64391e-04	3.25	1.54	0.0277	0.0300	0.100	0.305	0.100	0.100	0.00508	0.100	0.100	0.0800	0.100	0.300	0.0200	0	0.00357
40	1017.11	1.6234e-04	3.25	1.54	0.0277	0.0299	0.100	0.305	0.100	0.100	0.00518	0.100	0.100	0.0800	0.100	0.300	0.0200	0	0.00329
41	1020.63	1.6066e-04	3.25	1.54	0.0277	0.0298	0.100	0.305	0.100	0.100	0.00527	0.100	0.100	0.0800	0.100	0.300	0.0200	0	0.00322
42	1024.14	1.58812e-04	3.25	1.54	0.0277	0.0297	0.100	0.305	0.100	0.100	0.00533	0.100	0.100	0.0800	0.100	0.300	0.0200	0	0.00346
43	1027.65	1.57917e-04	3.25	1.54	0.0277	0.0296	0.100	0.305	0.100	0.100	0.00540	0.100	0.100	0.0800	0.100	0.300	0.0200	0	0.00344
44	1031.15	1.56987e-04	3.25	1.54	0.0277	0.0295	0.100	0.305	0.100	0.100	0.00546	0.100	0.100	0.0800	0.100	0.300	0.0200	0	0.00330
45	1034.65	1.56e-04	3.25	1.54	0.0277	0.0294	0.100	0.305	0.100	0.100	0.00556	0.100	0.100	0.0800	0.100	0.300	0.0200	0	0.00332
46	1038.15	1.55097e-04	3.25	1.54	0.0277	0.0293	0.100	0.305	0.100	0.100	0.00568	0.100	0.100	0.0800	0.100	0.300	0.0200	0	0.00321
47	1041.65	1.54151e-04	3.25	1.54	0.0277	0.0292	0.100	0.305	0.100	0.100	0.00581	0.100	0.100	0.0800	0.100	0.300	0.0200	0	0.00337
48	1045.14	1.53431e-04	3.25	1.54	0.0277	0.0291	0.100	0.305	0.100	0.100	0.00598	0.100	0.100	0.0800	0.100	0.300	0.0200	0	0.00312
49	1048.62	1.53118e-04	3.25	1.54	0.0277	0.0290	0.100	0.305	0.100	0.100	0.00616	0.100	0.100	0.0800	0.100	0.300	0.0200	0	0.00339
50	1052.11	1.52867e-04	3.25	1.54	0.0277	0.0289	0.100	0.305	0.100	0.100	0.00637	0.100	0.100	0.0800	0.100	0.300	0.0200	0	0.00308
51	1055.59	1.52156e-04	3.25	1.54	0.0277	0.0288	0.100	0.305	0.100	0.100	0.00654	0.100	0.100	0.0800	0.100	0.300	0.0200	0	0.00323
52	1059.06	1.51359e-04	3.25	1.54	0.0277	0.0287	0.100	0.305	0.100	0.100	0.00670	0.100	0.100	0.0800	0.100	0.300	0.0200	0	0.00316
53	1062.54	1.50372e-04	3.25	1.54	0.0277	0.0286	0.100	0.305	0.100	0.100	0.00683	0.100	0.100	0.0800	0.100	0.300	0.0200	0	0.00312
54	1066.00	1.49507e-04	3.25	1.54	0.0277	0.0285	0.100	0.305	0.100	0.100	0.00693	0.100	0.100	0.0800	0.100	0.300	0.0200	0	0.00325
55	1069.47	1.48565e-04	3.25	1.54	0.0277	0.0284	0.100	0.305	0.100	0.100	0.00701	0.100	0.100	0.0800	0.100	0.300	0.0200	0	0.00359
56	1072.93	1.47471e-04	3.25	1.54	0.0277	0.0283	0.100	0.305	0.100	0.100	0.00707	0.100	0.100	0.0800	0.100	0.300	0.0200	0	0.00305
57	1076.39	1.46198e-04	3.25	1.54	0.0277	0.0282	0.100	0.305	0.100	0.100	0.00712	0.100	0.100	0.0800	0.100	0.300	0.0200	0	0.00350
58	1079.85	1.44619e-04	3.25	1.54	0.0277	0.0282	0.100	0.305	0.100	0.100	0.00717	0.100	0.100	0.0800	0.100	0.300	0.0200	0	0.00324
59	1083.30	1.42757e-04	3.25	1.54	0.0277	0.0281	0.100	0.305	0.100	0.100	0.00722	0.100	0.100	0.0800	0.100	0.300	0.0200	0	0.00333
60	1086.75	1.41044e-04	3.25	1.54	0.0277	0.0280	0.100	0.305	0.100	0.100	0.00727	0.100	0.100	0.0800	0.100	0.300	0.0200	0	0.00328
61	1090.19	1.39048e-04	3.25	1.54	0.0277	0.0279	0.100	0.305	0.100	0.100	0.00731	0.100	0.100	0.0800	0.100	0.300	0.0200	0	0.00319
62	1093.63	1.36943e-04	3.19	1.51	0.0277	0.0278	0.100	0.305	0.100	0.100	0.00736	0.100	0.100	0.0800	0.100	0.300	0.0200	0	0.00335
63	1097.07	1.3471e-04	3.13	1.48	0.0277	0.0277	0.100	0.305	0.100	0.100	0.00742	0.100	0.100	0.0800	0.100	0.300	0.0200	0	0.00320
64	1100.50	1.3256e-04	3.08	1.46	0.0277	0.0276	0.100	0.305	0.100	0.100	0.00750	0.100	0.100	0.0800	0.100	0.300	0.0200	0	0.00304
65	1103.93	1.30627e-04	3.08	1.46	0.0277	0.0275	0.100	0.305	0.100	0.100	0.00761	0.100	0.100	0.0800	0.100	0.300	0.0200	0	0.00311
66	1107.36	1.28604e-04	3.08	1.46	0.0277	0.0275	0.100	0.305	0.100	0.100	0.00776	0.100	0.100	0.0800	0.100	0.300	0.0200	0	0.00288
67	1110.78	1.26857e-04	3.08	1.46	0.0277	0.0274	0.100	0.305	0.100	0.100	0.00792	0.100	0.100	0.0800	0.100	0.300	0.0200	0	0.00305
68	1114.20	1.25331e-04	3.08	1.46	0.0277	0.0273	0.100	0.305	0.100	0.100	0.00813	0.100	0.100	0.0800	0.100	0.300	0.0200	0	0.00298
69	1117.61	1.24151e-04	3.08	1.46	0.0277	0.0272	0.100	0.305	0.100	0.100	0.00833	0.100	0.100	0.0800	0.100	0.300	0.0200	0	0.00291
70	1121.02	1.22898e-04	3.08	1.46	0.0277	0.0271	0.100	0.305	0.100	0.100	0.00854	0.100	0.100	0.0800	0.100	0.300	0.0200	0	0.00301
71	1124.43	1.21741e-04	3.08	1.46	0.0277	0.0270	0.100	0.305	0.100	0.100	0.00871	0.100	0.100	0.0800	0.100	0.300	0.0200	0	0.00315
72	1127.84	1.20491e-04	3.08	1.46	0.0277	0.0270	0.100	0.305	0.100	0.100	0.00884	0.100	0.100	0.0800	0.100	0.300	0.0200	0	0.00283
73	1131.24	1.19642e-04	3.08	1.46	0.0277	0.0269	0.100	0.305	0.100	0.100	0.00896	0.100	0.100	0.0800	0.100	0.300	0.0200	0	0.00308
74	1134.63	1.19147e-04	3.08	1.46	0.0277	0.0268	0.100	0.305	0.100	0.100	0.00905	0.100	0.100	0.0800	0.100	0.300	0.0200	0	0.00284
75	1138.03	1.19068e-04	3.08	1.46	0.0277	0.0267	0.100	0.305	0.100	0.100	0.00911	0.100	0.100	0.0800	0.100	0.300	0.0200	0	0.00311
76	1141.41	1.19385e-04	3.08	1.45	0.0277	0.0266	0.100	0.305	0.100	0.100	0.00916	0.100	0.100	0.0800	0.100	0.300	0.0200	0	0.00298
77	1144.80	1.19772e-04	3.07	1.45	0.0277	0.0266	0.100	0.305	0.100	0.100	0.00922	0.100	0.100	0.0800	0.100	0.300	0.0200	0	0.00302
78	1148.18	1.20376e-04	3.06	1.45	0.0277	0.0265	0.100	0.305	0.100	0.100	0.00929	0.100	0.100	0.0800	0.100	0.300	0.0200	0	0.00297
79	1151.56	1.20695e-04	3.06	1.44	0.0277	0.0264	0.100	0.305	0.100	0.100	0.00938	0.100	0.100	0.0800	0.100	0.300	0.0200	0	0.00296
80	1154.93	1.20923e-04	3.06	1.44	0.0277	0.0263	0.100	0.305	0.100	0.100	0.00947	0.100	0.100	0.0800	0.100	0.300	0.0200	0	0.00329
81	1158.30	1.21133e-04	3.06	1.44	0.0277	0.0262	0.100	0.305	0.100	0.100	0.00958	0.100	0.100	0.0800	0.100	0.300	0.0200	0	0.00311
82	1161.67	1.21281e-04	3.06	1.44	0.0277	0.0262	0.100	0.305	0.100	0.100	0.00969	0.100	0.100	0.0800	0.100	0.300	0.0200	0	0.00310
83	1165.03	1.21621e-04	3.06	1.44	0.0277	0.0261	0.100	0.305	0.100	0.100	0.00980	0.100	0.100	0.0800	0.100	0.300	0.0200	0	0.00314
84	1168.39	1.21732e-04	3.06	1.44	0.0277	0.0260	0.100	0.305	0.100	0.100	0.00988	0.100	0.100	0.0800	0.100	0.300	0.0200	0	0.00308
85	1171.75	1.21764e-04	3.06	1.44	0.0277	0.0259	0.100	0.305	0.100	0.100	0.00994	0.100	0.100	0.0800	0.100	0.300	0.0200	0	0.00300
86	1175.10	1.2148e-04	3.06	1.44	0.0277	0.0259	0.100	0.305	0.100	0.100	0.00997	0.100	0.100	0.0800	0.100	0.300	0.0200	0	0.00311
87	1178.45	1.20776e-04	3.06	1.44	0.0277	0.0258	0.100	0.305	0.100	0.100	0.00999	0.100	0.100	0.0800	0.100	0.300	0.0200	0	0.00305
88	1181.79	1.19886e-04	3.06	1.44	0.0277	0.0257	0.100	0.305	0.100	0.100	0.00999	0.100	0.100	0.0800	0.100	0.300	0.0200	0	0.00292
89	1185.13	1.18741e-04	3.06	1.44	0.0277	0.0257	0.100	0.305	0.100	0.100	0.00995	0.100	0.100	0.0800	0.100	0.300	0.0200	0	0.00305
90	1188.47	1.17489e-04	3.06	1.44	0.0277	0.0256	0.100	0.305	0.100	0.100	0.00992	0.100	0.100	0.0800	0.100	0.300	0.0200	0	0.00311
91	1191.80	1.16188e-04	3.06	1.44	0.0277	0.0255	0.100	0.305	0.100	0.100	0.00988	0.100	0.100	0.0800	0.100	0.300	0.0200	0	0.00289
92	1195.13	1.14658e-04	3.06	1.44	0.0277	0.0254	0.100	0.305	0.100	0.100	0.00981	0.100	0.100	0.0800	0.100	0.300	0.0200	0	0.00316
93	1198.45	1.13346e-04	3.06	1.44	0.0277	0.0254	0.100	0.305	0.100	0.100	0.00976	0.100	0.100	0.0800	0.100	0.300	0.0200	0	0.00311
94	1201.77	1.12118e-04	3.06	1.44	0.0277	0.0253	0.100	0.305	0.100	0.100	0.00970	0.100	0.100	0.0800	0.100	0.300	0.0200	0	0.00296
95	1205.09	1.11088e-04	3.06	1.44	0.0277	0.0252	0.100	0.305	0.100	0.100	0.00960	0.100	0.100	0.0800	0.100	0.300	0.0200	0	0.00298
96	1208.40	1.10337e-04	3.06	1.44	0.0277	0.0252	0.100	0.305	0.100	0.100	0.00954	0.100	0.100	0.0800	0.100	0.300	0.0200	0	0.00299
97	1211.71	1.0982e-04	3.06	1.44	0.0277	0.0251	0.100	0.305	0.100	0.100	0.00952	0.100	0.100	0.0800	0.100	0.300	0.0200	0	0.00293
98	1215.01	1.09567e-04	3.06	1.44	0.0277	0.0250	0.100	0.305	0.100	0.100	0.00953	0.100	0.100	0.0800	0.100	0.300	0.0200	0	0.00298
99	1218.32	1.09509e-04	3.06	1.44	0.0277	0.0250	0.100	0.305	0.100	0.100	0.00957	0.100	0.100	0.0800	0.100	0.300	0.0200	0	0.00281
100	1221.61	1.09406e-04	3.06	1.44	0.0277	0.0249	0.100	0.305	0.100	0.100	0.00964	0.100	0.100	0.0800	0.100	0.300	0.0200	0	0.00298
101	1224.91	1.0904e-04	3.06	1.44	0.0277	0.0248	0.100	0.305	0.100	0.100	0.00975	0.100	0.100	0.0800	0.100	0.300	0.0200	0	0.00311
102	1228.20	1.08502e-04	3.06	1.44	0.0277	0.0248	0.100	0.305	0.100	0.100	0.00990	0.100	0.100	0.0800	0.100	0.300	0.0200	0	0.00292
103	1231.48	1.0804e-04	3.06	1.44	0.0277	0.0247	0.100	0.305	0.100	0.100	0.0100	0.100	0.100	0.0800	0.100	0.300	0.0200	0	0.00300
104	1234.76	1.07596e-04	3.06	1.44	0.0277	0.0246	0.100	0.305	0.100	0.100	0.0101	0.100	0.100	0.0800	0.100	0.300	0.0200	0	0.00303
105	1238.04	1.07281e-04	3.06	1.44	0.0277	0.0246	0.100	0.305	0.100	0.100	0.0102	0.100	0.100	0.0800	0.100	0.300	0.0200	0	0.00297
106	1241.31	1.06998e-04	3.06	1.44	0.0277	0.0245	0.100	0.305	0.100	0.100	0.0103	0.100	0.100	0.0800	0.100	0.300	0.0200	0	0.00285
107	1244.58	1.07025e-04	3.06	1.44	0.0277	0.0244	0.100	0.305	0.100	0.100	0.0104	0.100	0.100	0.0800	0.100	0.300	0.0200	0	0.00283
108	1247.85	1.06996e-04	3.06	1.44	0.0277	0.0244	0.100	0.305	0.100	0.100	0.0104	0.100	0.100	0.0800	0.100	0.300	0.0200	0	0.00305
109	1251.11	1.0719e-04	3.06	1.44	0.0277	0.0243	0.100	0.305	0.100	0.100	0.0104	0.100	0.100	0.0800	0.100	0.300	0.0200	0	0.00289
110	1254.37	1.07148e-04	3.06	1.44	0.0277	0.0242	0.100	0.305	0.100	0.100	0.0104	0.100	0.100	0.0800	0.100	0.300	0.0200	0	0.00292
111	1257.62	1.06977e-04	3.06	1.44	0.0277	0.0242	0.100	0.305	0.100	0.100	0.0105	0.100	0.100	0.0800	0.100	0.300	0.0200	0	0.00329
112	1260.87	1.06676e-04	3.06	1.44	0.0277	0.0241	0.100	0.305	0.100	0.100	0.0105	0.100	0.100	0.0800	0.100	0.300	0.0200	0	0.00305
113	1264.12	1.06088e-04	3.06	1.44	0.0277	0.0240	0.100	0.305	0.100	0.100	0.0106	0.100	0.100	0.0800	0.100	0.300	0.0200	0	0.00312
114	1267.36	1.054e-04	3.06	1.44	0.0277	0.0240	0.100	0.305	0.100	0.100	0.0107	0.100	0.100	0.0800	0.100	0.300	0.0200	0	0.00293
115	1270.60	1.04506e-04	3.06	1.44	0.0277	0.0239	0.100	0.305	0.100	0.100	0.0108	0.100	0.100	0.0800	0.100	0.300	0.0200	0	0.00288
116	1273.83	1.03705e-04	3.06	1.44	0.0277	0.0239	0.100	0.305	0.100	0.100	0.0109	0.100	0.100	0.0800	0.100	0.300	0.0200	0	0.00305
117	1277.06	1.02932e-04	3.06	1.44	0.0277	0.0238	0.100	0.305	0.100	0.100	0.0110	0.100	0.100	0.0800	0.100	0.300	0.0200	0	0.00292
118	1280.29	1.02181e-04	3.06	1.44	0.0277	0.0237	0.100	0.305	0.100	0.100	0.0111	0.100	0.100	0.0800	0.100	0.300	0.0200	0	0.00288
119	1283.51	1.01445e-04	3.06	1.44	0.0277	0.0237	0.100	0.305	0.100	0.100	0.0112	0.100	0.100	0.0800	0.100	0.300	0.0200	0	0.00313
120	1286.73	1.00824e-04	3.06	1.44	0.0277	0.0236	0.100	0.305	0.100	0.100	0.0112	0.100	0.100	0.0800	0.100	0.300	0.0200	0	0.00286
121	1289.94	1.00199e-04	3.06	1.44	0.0277	0.0236	0.100	0.305	0.100	0.100	0.0113	0.100	0.100	0.0800	0.100	0.300	0.0200	0	0.00302
122	1293.15	9.94816e-05	3.06	1.44	0.0277	0.0235	0.100	0.305	0.100	0.100	0.0114	0.100	0.100	0.0800	0.100	0.300	0.0200	0	0.00285
123	1296.36	9.88368e-05	3.06	1.44	0.0277	0.0235	0.100	0.305	0.100	0.100	0.0114	0.100	0.100	0.0800	0.100	0.300	0.0200	0	0.00306
124	1299.56	9.81848e-05	3.06	1.44	0.0277	0.0234	0.100	0.305	0.100	0.100	0.0114	0.100	0.100	0.0800	0.100	0.300	0.0200	0	0.00292
125	1302.76	9.7564e-05	3.06	1.44	0.0277	0.0233	0.100	0.305	0.100	0.100	0.0115	0.100	0.100	0.0800	0.100	0.300	0.0200	0	0.00286
126	1305.95	9.70763e-05	3.06	1.44	0.0277	0.0233	0.100	0.305	0.100	0.100	0.0115	0.100	0.100	0.0800	0.100	0.300	0.0200	0	0.00303
127	1309.14	9.66523e-05	3.06	1.44	0.0277	0.0232	0.100	0.305	0.100	0.100	0.0115	0.100	0.100	0.0800	0.100	0.300	0.0200	0	0.00305
128	1312.33	9.64264e-05	3.06	1.44	0.0277	0.0232	0.100	0.305	0.100	0.100	0.0115	0.100	0.100	0.0800	0.100	0.300	0.0200	0	0.00287
129	1315.51	9.60913e-05	3.06	1.44	0.0277	0.0231	0.100	0.305	0.100	0.100	0.0115	0.100	0.100	0.0800	0.100	0.300	0.0200	0	0.00302
130	1318.69	9.5789e-05	3.06	1.44	0.0277	0.0231	0.100	0.305	0.100	0.100	0.0115	0.100	0.100	0.0800	0.100	0.300	0.0200	0	0.00313
131	1321.86	9.54998e-05	3.06	1.44	0.0277	0.0230	0.100	0.305	0.100	0.100	0.0115	0.100	0.100	0.0800	0.100	0.300	0.0200	0	0.00292
132	1325.03	9.5001e-05	3.06	1.44	0.0277	0.0229	0.100	0.305	0.100	0.100	0.0116	0.100	0.100	0.0800	0.100	0.300	0.0200	0	0.00308
133	1328.20	9.44141e-05	3.06	1.44	0.0277	0.0229	0.100	0.305	0.100	0.100	0.0118	0.100	0.100	0.0800	0.100	0.300	0.0200	0	0.00303
134	1331.36	9.36959e-05	3.06	1.44	0.0277	0.0228	0.100	0.305	0.100	0.100	0.0121	0.100	0.100	0.0800	0.100	0.300	0.0200	0	0.00319
135	1334.51	9.30751e-05	3.06	1.44	0.0277	0.0228	0.100	0.305	0.100	0.100	0.0123	0.100	0.100	0.0800	0.100	0.300	0.0200	0	0.00270
136	1337.67	9.26351e-05	3.06	1.44	0.0277	0.0227	0.100	0.305	0.100	0.100	0.0127	0.100	0.100	0.0800	0.100	0.300	0.0200	0	0.00294
137	1340.82	9.2347e-05	3.06	1.44	0.0277	0.0227	0.100	0.305	0.100	0.100	0.0130	0.100	0.100	0.0800	0.100	0.300	0.0200	0	0.00307
138	1343.96	9.24873e-05	3.06	1.44	0.0277	0.0226	0.100	0.305	0.100	0.100	0.0134	0.100	0.100	0.0800	0.100	0.300	0.0200	0	0.00291
139	1347.10	9.295e-05	3.06	1.44	0.0277	0.0226	0.100	0.305	0.100	0.100	0.0136	0.100	0.100	0.0800	0.100	0.300	0.0200	0	0.00296
140	1350.24	9.40766e-05	3.06	1.44	0.0277	0.0225	0.100	0.305	0.100	0.100	0.0137	0.100	0.100	0.0800	0.100	0.300	0.0200	0	0.00302
141	1353.37	9.54236e-05	3.06	1.44	0.0277	0.0225	0.100	0.305	0.100	0.100	0.0138	0.100	0.100	0.0800	0.100	0.300	0.0200	0	0.00289
142	1356.50	9.68747e-05	3.06	1.44	0.0277	0.0224	0.100	0.305	0.100	0.100	0.0138	0.100	0.100	0.0800	0.100	0.300	0.0200	0	0.00308
143	1359.62	9.81229e-05	3.06	1.44	0.0277	0.0224	0.100	0.305	0.100	0.100	0.0138	0.100	0.100	0.0800	0.100	0.300	0.0200	0	0.00290
144	1362.74	9.86607e-05	3.06	1.44	0.0277	0.0223	0.100	0.305	0.100	0.100	0.0137	0.100	0.100	0.0800	0.100	0.300	0.0200	0	0.00271
145	1365.86	9.86346e-05	3.06	1.44	0.0277	0.0223	0.100	0.305	0.100	0.100	0.0136	0.100	0.100	0.0800	0.100	0.300	0.0200	0	0.00289
146	1368.97	9.81427e-05	3.06	1.44	0.0277	0.0222	0.100	0.305	0.100	0.100	0.0134	0.100	0.100	0.0800	0.100	0.300	0.0200	0	0.00288
147	1372.08	9.79545e-05	3.06	1.44	0.0277	0.0222	0.100	0.305	0.100	0.100	0.0133	0.100	0.100	0.0800	0.100	0.300	0.0200	0	0.00284
148	1375.18	9.83161e-05	3.06	1.44	0.0277	0.0221	0.100	0.305	0.100	0.100	0.0132	0.100	0.100	0.0800	0.100	0.300	0.0200	0	0.00295
149	1378.28	9.99437e-05	3.06	1.44	0.0277	0.0221	0.100	0.305	0.100	0.100	0.0130	0.100	0.100	0.0800	0.100	0.300	0.0200	0	0.00274
150	1381.38	1.01599e-04	3.06	1.44	0.0277	0.0220	0.100	0.305	0.100	0.100	0.0129	0.100	0.100	0.0800	0.100	0.300	0.0200	0	0.00279
151	1384.47	1.02297e-04	3.06	1.44	0.0277	0.0220	0.100	0.305	0.100	0.100	0.0128	0.100	0.100	0.0800	0.100	0.300	0.0200	0	0.00290
152	1387.55	1.0193e-04	3.06	1.44	0.0277	0.0219	0.100	0.305	0.100	0.100	0.0127	0.100	0.100	0.0800	0.100	0.300	0.0200	0	0.00311
153	1390.64	1.02075e-04	3.06	1.45	0.0277	0.0219	0.100	0.305	0.100	0.100	0.0126	0.100	0.100	0.0800	0.100	0.300	0.0200	0	0.00293
154	1393.72	1.02586e-04	3.08	1.46	0.0277	0.0218	0.100	0.305	0.100	0.100	0.0125	0.100	0.100	0.0800	0.100	0.300	0.0200	0	0.00281
155	1396.79	1.03163e-04	3.10	1.47	0.0277	0.0218	0.100	0.305	0.100	0.100	0.0124	0.100	0.100	0.0800	0.100	0.300	0.0200	0	0.00310
156	1399.86	1.0315e-04	3.11	1.47	0.0277	0.0217	0.100	0.305	0.100	0.100	0.0124	0.100	0.100	0.0800	0.100	0.300	0.0200	0	0.00319
157	1402.93	1.03295e-04	3.12	1.48	0.0277	0.0217	0.100	0.305	0.100	0.100	0.0123	0.100	0.100	0.0800	0.100	0.300	0.0200	0	0.00292
158	1405.99	1.02831e-04	3.12	1.48	0.0277	0.0216	0.100	0.305	0.100	0.100	0.0123	0.100	0.100	0.0800	0.100	0.300	0.0200	0	0.00315
159	1409.05	1.02383e-04	3.12	1.48	0.0277	0.0216	0.100	0.305	0.100	0.100	0.0123	0.100	0.100	0.0800	0.100	0.300	0.0200	0	0.00320
160	1412.10	1.01846e-04	3.13	1.48	0.0277	0.0215	0.100	0.305	0.100	0.100	0.0123	0.100	0.100	0.0800	0.100	0.300	0.0200	0	0.00332
161	1415.15	1.01265e-04	3.13	1.48	0.0277	0.0215	0.100	0.305	0.100	0.100	0.0122	0.100	0.100	0.0800	0.100	0.300	0.0200	0	0.00323
162	1418.19	1.00739e-04	3.13	1.48	0.0277	0.0214	0.100	0.305	0.100	0.100	0.0122	0.100	0.100	0.0800	0.100	0.300	0.0200	0	0.00317
163	1421.24	1.00285e-04	3.13	1.48	0.0277	0.0214	0.100	0.305	0.100	0.100	0.0122	0.100	0.100	0.0800	0.100	0.300	0.0200	0	0.00358
164	1424.27	9.99849e-05	3.13	1.48	0.0277	0.0213	0.100	0.305	0.100	0.100	0.0121	0.100	0.100	0.0800	0.100	0.300	0.0200	0	0.00323
165	1427.30	9.9718e-05	3.13	1.48	0.0277	0.0213	0.100	0.305	0.100	0.100	0.0121	0.100	0.100	0.0800	0.100	0.300	0.0200	0	0.00330
166	1430.33	9.94872e-05	3.13	1.48	0.0277	0.0213	0.100	0.305	0.100	0.100	0.0120	0.100	0.100	0.0800	0.100	0.300	0.0200	0	0.00322
167	1433.36	9.93711e-05	3.13	1.48	0.0277	0.0212	0.100	0.305	0.100	0.100	0.0120	0.100	0.100	0.0800	0.100	0.300	0.0200	0	0.00326
168	1436.38	9.91961e-05	3.13	1.48	0.0277	0.0212	0.100	0.305	0.100	0.100	0.0120	0.100	0.100	0.0800	0.100	0.300	0.0200	0	0.00315
169	1439.39	9.89644e-05	3.13	1.48	0.0277	0.0211	0.100	0.305	0.100	0.100	0.0120	0.100	0.100	0.0800	0.100	0.300	0.0200	0	0.00329
170	1442.40	9.88777e-05	3.11	1.47	0.0277	0.0211	0.100	0.305	0.100	0.100	0.0121	0.100	0.100	0.0800	0.100	0.300	0.0200	0	0.00306
171	1445.41	9.88312e-05	3.09	1.46	0.0277	0.0210	0.100	0.305	0.100	0.100	0.0121	0.100	0.100	0.0800	0.100	0.300	0.0200	0	0.00343
172	1448.41	9.86647e-05	3.07	1.45	0.0277	0.0210	0.100	0.305	0.100	0.100	0.0122	0.100	0.100	0.0800	0.100	0.300	0.0200	0	0.00327
173	1451.41	9.86197e-05	3.07	1.45	0.0277	0.0209	0.100	0.305	0.100	0.100	0.0123	0.100	0.100	0.0800	0.100	0.300	0.0200	0	0.00308
174	1454.41	9.86081e-05	3.11	1.47	0.0277	0.0209	0.100	0.305	0.100	0.100	0.0123	0.100	0.100	0.0800	0.100	0.300	0.0200	0	0.00339
175	1457.40	9.87139e-05	3.14	1.49	0.0277	0.0209	0.100	0.305	0.100	0.100	0.0124	0.100	0.100	0.0800	0.100	0.300	0.0200	0	0.00323
176	1460.39	9.90175e-05	3.17	1.51	0.0277	0.0208	0.100	0.305	0.100	0.100	0.0124	0.100	0.100	0.0800	0.100	0.300	0.0200	0	0.00328
177	1463.37	9.931e-05	3.18	1.51	0.0277	0.0208	0.100	0.305	0.100	0.100	0.0125	0.100	0.100	0.0800	0.100	0.300	0.0200	0	0.00328
178	1466.35	9.9666e-05	3.18	1.51	0.0277	0.0207	0.100	0.305	0.100	0.100	0.0125	0.100	0.100	0.0800	0.100	0.300	0.0200	0	0.00339
179	1469.32	9.98427e-05	3.18	1.51	0.0277	0.0207	0.100	0.305	0.100	0.100	0.0125	0.100	0.100	0.0800	0.100	0.300	0.0200	0	0.00322
180	1472.29	1.00151e-04	3.18	1.51	0.0277	0.0206	0.100	0.305	0.100	0.100	0.0125	0.100	0.100	0.0800	0.100	0.300	0.0200	0	0.00330
181	1475.25	1.00407e-04	3.18	1.51	0.0277	0.0206	0.100	0.305	0.100	0.100	0.0125	0.100	0.100	0.0800	0.100	0.300	0.0200	0	0.00337
182	1478.21	1.00522e-04	3.18	1.51	0.0277	0.0206	0.100	0.305	0.100	0.100	0.0125	0.100	0.100	0.0800	0.100	0.300	0.0200	0	0.00344
183	1481.17	1.00779e-04	3.18	1.51	0.0277	0.0205	0.100	0.305	0.100	0.100	0.0125	0.100	0.100	0.0800	0.100	0.300	0.0200	0	0.00361
184	1484.12	1.00864e-04	3.18	1.51	0.0277	0.0205	0.100	0.305	0.100	0.100	0.0125	0.100	0.100	0.0800	0.100	0.300	0.0200	0	0.00319
185	1487.07	1.011e-04	3.18	1.51	0.0277	0.0204	0.100	0.305	0.100	0.100	0.0125	0.100	0.100	0.0800	0.100	0.300	0.0200	0	0.00368
186	1490.02	1.01287e-04	3.17	1.50	0.0277	0.0204	0.100	0.305	0.100	0.100	0.0125	0.100	0.100	0.0800	0.100	0.300	0.0200	0	0.00324
187	1492.96	1.01557e-04	3.16	1.50	0.0277	0.0204	0.100	0.305	0.100	0.100	0.0126	0.100	0.100	0.0800	0.100	0.300	0.0200	0	0.00362
188	1495.89	1.01778e-04	3.16	1.50	0.0277	0.0203	0.100	0.305	0.100	0.100	0.0126	0.100	0.100	0.0800	0.100	0.300	0.0200	0	0.00327
189	1498.82	1.02132e-04	3.15	1.49	0.0277	0.0203	0.100	0.305	0.100	0.100	0.0127	0.100	0.100	0.0800	0.100	0.300	0.0200	0	0.00390
190	1501.75	1.02452e-04	3.14	1.49	0.0277	0.0202	0.100	0.305	0.100	0.100	0.0127	0.100	0.100	0.0800	0.100	0.300	0.0200	0	0.00348
191	1504.67	1.02921e-04	3.14	1.49	0.0277	0.0202	0.100	0.305	0.100	0.100	0.0128	0.100	0.100	0.0800	0.100	0.300	0.0200	0	0.00348
192	1507.59	1.03367e-04	3.14	1.49	0.0277	0.0202	0.100	0.305	0.100	0.100	0.0128	0.100	0.100	0.0800	0.100	0.300	0.0200	0	0.00337
193	1510.50	1.03668e-04	3.14	1.49	0.0277	0.0201	0.100	0.305	0.100	0.100	0.0129	0.100	0.100	0.0800	0.100	0.300	0.0200	0	0.00342
194	1513.41	1.04113e-04	3.14	1.49	0.0277	0.0201	0.100	0.305	0.100	0.100	0.0129	0.100	0.100	0.0800	0.100	0.300	0.0200	0	0.00358
195	1516.32	1.04492e-04	3.14	1.49	0.0277	0.0200	0.100	0.305	0.100	0.100	0.0129	0.100	0.100	0.0800	0.100	0.300	0.0200	0	0.00370
196	1519.22	1.04988e-04	3.14	1.49	0.0277	0.0200	0.100	0.305	0.100	0.100	0.0130	0.100	0.100	0.0800	0.100	0.300	0.0200	0	0.00351
197	1522.12	1.05374e-04	3.14	1.49	0.0277	0.0200	0.100	0.305	0.100	0.100	0.0130	0.100	0.100	0.0800	0.100	0.300	0.0200	0	0.00332
198	1525.01	1.05653e-04	3.14	1.49	0.0277	0.0199	0.100	0.305	0.100	0.100	0.0130	0.100	0.100	0.0800	0.100	0.300	0.0200	0	0.00372
199	1527.90	1.06119e-04	3.14	1.49	0.0277	0.0199	0.100	0.305	0.100	0.100	0.0131	0.100	0.100	0.0800	0.100	0.300	0.0200	0	0.00383
200	1530.78	1.06478e-04	3.14	1.49	0.0277	0.0199	0.100	0.305	0.100	0.100	0.0131	0.100	0.100	0.0800	0.100	0.300	0.0200	0	0.00353
201	1533.66	1.0693e-04	3.14	1.49	0.0277	0.0198	0.100	0.305	0.100	0.100	0.0131	0.100	0.100	0.0800	0.100	0.300	0.0200	0	0.00355
202	1536.54	1.07342e-04	3.14	1.49	0.0277	0.0198	0.100	0.305	0.100	0.100	0.0131	0.100	0.100	0.0800	0.100	0.300	0.0200	0	0.00373
203	1539.41	1.077e-04	3.14	1.49	0.0277	0.0197	0.100	0.305	0.100	0.100	0.0131	0.100	0.100	0.0800	0.100	0.300	0.0200	0	0.00370
204	1542.28	1.08314e-04	3.13	1.48	0.0277	0.0197	0.100	0.305	0.100	0.100	0.0131	0.100	0.100	0.0800	0.100	0.300	0.0200	0	0.00380
205	1545.14	1.08817e-04	3.11	1.47	0.0277	0.0197	0.100	0.305	0.100	0.100	0.0131	0.100	0.100	0.0800	0.100	0.300	0.0200	0	0.00390
206	1548.00	1.09243e-04	3.09	1.46	0.0277	0.0196	0.100	0.305	0.100	0.100	0.0131	0.100	0.100	0.0800	0.100	0.300	0.0200	0	0.00369
207	1550.86	1.09833e-04	3.08	1.46	0.0277	0.0196	0.100	0.305	0.100	0.100	0.0131	0.100	0.100	0.0800	0.100	0.300	0.0200	0	0.00383
208	1553.71	1.10334e-04	3.08	1.46	0.0277	0.0196	0.100	0.305	0.100	0.100	0.0131	0.100	0.100	0.0800	0.100	0.300	0.0200	0	0.00369
209	1556.55	1.10823e-04	3.08	1.46	0.0277	0.0195	0.100	0.305	0.100	0.100	0.0131	0.100	0.100	0.0800	0.100	0.300	0.0200	0	0.00376
210	1559.39	1.11305e-04	3.08	1.46	0.0277	0.0195	0.100	0.305	0.100	0.100	0.0131	0.100	0.100	0.0800	0.100	0.300	0.0200	0	0.00385
211	1562.23	1.1189e-04	3.08	1.46	0.0277	0.0195	0.100	0.305	0.100	0.100	0.0132	0.100	0.100	0.0800	0.100	0.300	0.0200	0	0.00366
212	1565.07	1.12486e-04	3.08	1.46	0.0277	0.0194	0.100	0.305	0.100	0.100	0.0132	0.100	0.100	0.0800	0.100	0.300	0.0200	0	0.00393
213	1567.89	1.13038e-04	3.08	1.46	0.0277	0.0194	0.100	0.305	0.100	0.100	0.0132	0.100	0.100	0.0800	0.100	0.300	0.0200	0	0.00382
214	1570.72	1.13569e-04	3.08	1.46	0.0277	0.0194	0.100	0.305	0.100	0.100	0.0133	0.100	0.100	0.0800	0.100	0.300	0.0200	0	0.00399
215	1573.54	1.14235e-04	3.08	1.46	0.0277	0.0193	0.100	0.305	0.100	0.100	0.0133	0.100	0.100	0.0800	0.100	0.300	0.0200	0	0.00377
216	1576.36	1.14892e-04	3.08	1.46	0.0277	0.0193	0.100	0.305	0.100	0.100	0.0133	0.100	0.100	0.0800	0.100	0.300	0.0200	0	0.00375
217	1579.17	1.15562e-04	3.08	1.46	0.0277	0.0193	0.100	0.305	0.100	0.100	0.0133	0.100	0.100	0.0800	0.100	0.300	0.0200	0	0.00399
218	1581.98	1.16295e-04	3.08	1.46	0.0277	0.0192	0.100	0.305	0.100	0.100	0.0134	0.100	0.100	0.0800	0.100	0.300	0.0200	0	0.00373
219	1584.78	1.17131e-04	3.08	1.46	0.0277	0.0192	0.100	0.305	0.100	0.100	0.0134	0.100	0.100	0.0800	0.100	0.300	0.0200	0	0.00398
220	1587.58	1.17942e-04	3.08	1.46	0.0277	0.0191	0.100	0.305	0.100	0.100	0.0134	0.100	0.100	0.0800	0.100	0.300	0.0200	0	0.00386
221	1590.37	1.18706e-04	3.08	1.45	0.0277	0.0191	0.100	0.305	0.100	0.100	0.0135	0.100	0.100	0.0800	0.100	0.300	0.0200	0	0.00404
222	1593.16	1.19699e-04	3.07	1.45	0.0277	0.0191	0.100	0.305	0.100	0.100	0.0136	0.100	0.100	0.0800	0.100	0.300	0.0200	0	0.00399
223	1595.95	1.20565e-04	3.07	1.45	0.0277	0.0190	0.100	0.305	0.100	0.100	0.0136	0.100	0.100	0.0800	0.100	0.300	0.0200	0	0.00418
224	1598.73	1.21473e-04	3.07	1.45	0.0277	0.0190	0.100	0.305	0.100	0.100	0.0137	0.100	0.100	0.0800	0.100	0.300	0.0200	0	0.00393
225	1601.51	1.22646e-04	3.08	1.46	0.0277	0.0190	0.100	0.305	0.100	0.100	0.0138	0.100	0.100	0.0800	0.100	0.300	0.0200	0	0.00422
226	1604.28	1.23448e-04	3.11	1.47	0.0277	0.0189	0.100	0.305	0.100	0.100	0.0139	0.100	0.100	0.0800	0.100	0.300	0.0200	0	0.00406
227	1607.05	1.2455e-04	3.14	1.49	0.0277	0.0189	0.100	0.305	0.100	0.100	0.0140	0.100	0.100	0.0800	0.100	0.300	0.0200	0	0.00405
228	1609.82	1.25389e-04	3.17	1.50	0.0277	0.0189	0.100	0.305	0.100	0.100	0.0141	0.100	0.100	0.0800	0.100	0.300	0.0200	0	0.00407
229	1612.58	1.26617e-04	3.17	1.50	0.0277	0.0189	0.100	0.305	0.100	0.100	0.0142	0.100	0.100	0.0800	0.100	0.300	0.0200	0	0.00419
230	1615.34	1.27552e-04	3.17	1.50	0.0277	0.0188	0.100	0.305	0.100	0.100	0.0143	0.100	0.100	0.0800	0.100	0.300	0.0200	0	0.00450
231	1618.09	1.28752e-04	3.17	1.50	0.0277	0.0188	0.100	0.305	0.100	0.100	0.0144	0.100	0.100	0.0800	0.100	0.300	0.0200	0	0.00427
232	1620.84	1.2984e-04	3.17	1.50	0.0277	0.0188	0.100	0.305	0.100	0.100	0.0145	0.100	0.100	0.0800	0.100	0.300	0.0200	0	0.00445
233	1623.58	1.31221e-04	3.17	1.50	0.0277	0.0187	0.100	0.305	0.100	0.100	0.0145	0.100	0.100	0.0800	0.100	0.300	0.0200	0	0.00438
234	1626.32	1.32524e-04	3.17	1.50	0.0277	0.0187	0.100	0.305	0.100	0.100	0.0146	0.100	0.100	0.0800	0.100	0.300	0.0200	0	0.00445
235	1629.06	1.34105e-04	3.17	1.50	0.0277	0.0187	0.100	0.305	0.100	0.100	0.0147	0.100	0.100	0.0800	0.100	0.300	0.0200	0	0.00479
236	1631.79	1.35846e-04	3.17	1.50	0.0277	0.0186	0.100	0.305	0.100	0.100	0.0147	0.100	0.100	0.0800	0.100	0.300	0.0200	0	0.00420
237	1634.51	1.3816e-04	3.17	1.50	0.0277	0.0186	0.100	0.305	0.100	0.100	0.0148	0.100	0.100	0.0800	0.100	0.300	0.0200	0	0.00493
238	1637.24	1.40748e-04	3.17	1.50	0.0277	0.0186	0.100	0.305	0.100	0.100	0.0148	0.100	0.100	0.0800	0.100	0.300	0.0200	0	0.00466
239	1639.95	1.43999e-04	3.17	1.50	0.0277	0.0185	0.100	0.305	0.100	0.100	0.0148	0.100	0.100	0.0800	0.100	0.300	0.0200	0	0.00467
240	1642.67	1.4858e-04	3.17	1.50	0.0277	0.0185	0.100	0.305	0.100	0.100	0.0149	0.100	0.100	0.0800	0.100	0.300	0.0200	0	0.00530
241	1645.38	1.54983e-04	3.17	1.50	0.0277	0.0185	0.100	0.305	0.100	0.100	0.0149	0.100	0.100	0.0800	0.100	0.300	0.0200	0	0.00502
242	1648.08	1.63834e-04	3.17	1.50	0.0277	0.0184	0.100	0.305	0.100	0.100	0.0149	0.100	0.100	0.0800	0.100	0.300	0.0200	0	0.00593
243	1650.79	1.76128e-04	3.17	1.50	0.0277	0.0184	0.100	0.305	0.100	0.100	0.0149	0.100	0.100	0.0800	0.100	0.300	0.0200	0	0.00664
244	1653.48	1.93029e-04	3.17	1.50	0.0277	0.0184	0.100	0.305	0.100	0.100	0.0150	0.100	0.100	0.0800	0.100	0.300	0.0200	0	0.00736
245	1656.18	2.1605e-04	3.17	1.50	0.0277	0.0184	0.100	0.305	0.100	0.100	0.0150	0.100	0.100	0.0800	0.100	0.300	0.0200	0	0.00813
246	1658.86	2.45808e-04	3.17	1.50	0.0277	0.0183	0.100	0.305	0.100	0.100	0.0150	0.100	0.100	0.0800	0.100	0.300	0.0200	0	0.00915
247	1661.55	2.83202e-04	3.17	1.50	0.0277	0.0183	0.100	0.305	0.100	0.100	0.0150	0.100	0.100	0.0800	0.100	0.300	0.0200	0	0.00930
248	1664.23	3.29906e-04	3.17	1.50	0.0277	0.0183	0.100	0.305	0.100	0.100	0.0150	0.100	0.100	0.0800	0.100	0.300	0.0200	0	0.0124
249	1666.91	3.85035e-04	3.17	1.50	0.0277	0.0182	0.100	0.305	0.100	0.100	0.0151	0.100	0.100	0.0800	0.100	0.300	0.0200	0	0.0137
250	1669.58	4.49614e-04	3.17	1.50	0.0277	0.0182	0.100	0.305	0.100	0.100	0.0151	0.100	0.100	0.0800	0.100	0.300	0.0200	0	0.0156
251	1672.25	5.23083e-04	3.17	1.50	0.0277	0.0182	0.100	0.305	0.100	0.100	0.0151	0.100	0.100	0.0800	0.100	0.300	0.0200	0	0.0169
252	1674.91	6.08175e-04	3.17	1.50	0.0277	0.0182	0.100	0.305	0.100	0.100	0.0151	0.100	0.100	0.0800	0.100	0.300	0.0200	0	0.0190
253	1677.57	7.04578e-04	3.17	1.50	0.0277	0.0181	0.100	0.305	0.100	0.100	0.0151	0.100	0.100	0.0800	0.100	0.300	0.0200	0	0.0258
254	1680.22	8.12847e-04	3.17	1.50	0.0277	0.0181	0.100	0.305	0.100	0.100	0.0150	0.100	0.100	0.0800	0.100	0.300	0.0200	0	0.0281
255	1682.87	9.39213e-04	3.17	1.50	0.0277	0.0181	0.100	0.305	0.100	0.100	0.0150	0.100	0.100	0.0800	0.100	0.300	0.0200	0	0.0264
