# hypstar_220261_radcal_L_211101_swir.dat
# Calibrated by Joel Kuusk, Tartu Observatory, University of Tartu, 2021-11-01
#
# Applied corrections:
# nonlinearity	hypstar_220261_nonlin_corr_coefs_210715.dat
# wavelength	hypstar_220261_wl_coefs_210714.dat
# thermal	none
# stray light	none
#
# L [mW m-2 nm-1 sr-1] = DN / inttime_ms * 1000 * cal_coef
# Pixel counting starts from 0
#
# px	wl	cal_coef	u_cal_coef(k=2)	u_lamp(k=1)	u_aging(k=1)	u_power(k=1)	u_align_lamp(k=1)	u_panel(k=1)	u_interp_panel(k=1)	u_align_panel(k=1)	u_wl_source(k=1)	u_lab_stray(k=1)	u_panel_backrefl(k=1)	u_dist(k=1)	u_align(k=1)	u_temp(k=1)	u_lin(k=1)	u_stray(k=1)	u_typeA(k=1)
0	874.44	2.07249e-03	1.61	0.613	0.110	0.0348	0.100	0.305	0.100	0.100	0.000623	0.100	0.100	0.120	0.100	0.300	0.0350	0	0.0212
1	878.08	1.08902e-03	1.61	0.613	0.110	0.0346	0.100	0.305	0.100	0.100	0.000464	0.100	0.100	0.120	0.100	0.300	0.0350	0	0.0118
2	881.71	7.44057e-04	1.61	0.613	0.110	0.0345	0.100	0.305	0.100	0.100	0.000301	0.100	0.100	0.120	0.100	0.300	0.0350	0	0.00799
3	885.33	6.20562e-04	1.61	0.613	0.110	0.0343	0.100	0.305	0.100	0.100	0.000132	0.100	0.100	0.120	0.100	0.300	0.0350	0	0.00805
4	888.96	5.73131e-04	1.61	0.613	0.110	0.0342	0.100	0.305	0.100	0.100	0.0000392	0.100	0.100	0.120	0.100	0.300	0.0350	0	0.00706
5	892.58	5.48263e-04	1.61	0.613	0.110	0.0341	0.100	0.305	0.100	0.100	0.000218	0.100	0.100	0.120	0.100	0.300	0.0350	0	0.00781
6	896.20	5.27897e-04	1.61	0.613	0.110	0.0339	0.100	0.305	0.100	0.100	0.000400	0.100	0.100	0.120	0.100	0.300	0.0350	0	0.00743
7	899.81	5.08449e-04	1.61	0.613	0.110	0.0338	0.100	0.305	0.100	0.100	0.000577	0.100	0.100	0.120	0.100	0.300	0.0350	0	0.00643
8	903.42	4.86034e-04	3.66	1.76	0.110	0.0336	0.100	0.305	0.100	0.100	0.0000975	0.100	0.100	0.120	0.100	0.300	0.0350	0	0.00637
9	907.03	4.64577e-04	3.66	1.76	0.110	0.0335	0.100	0.305	0.100	0.100	0.00000368	0.100	0.100	0.120	0.100	0.300	0.0350	0	0.00578
10	910.64	4.37719e-04	3.66	1.76	0.110	0.0334	0.100	0.305	0.100	0.100	0.0000848	0.100	0.100	0.120	0.100	0.300	0.0350	0	0.00590
11	914.24	4.04278e-04	3.66	1.76	0.110	0.0333	0.100	0.305	0.100	0.100	0.000171	0.100	0.100	0.120	0.100	0.300	0.0350	0	0.00525
12	917.84	3.68023e-04	3.66	1.76	0.110	0.0331	0.100	0.305	0.100	0.100	0.000251	0.100	0.100	0.120	0.100	0.300	0.0350	0	0.00524
13	921.44	3.35108e-04	3.66	1.76	0.110	0.0330	0.100	0.305	0.100	0.100	0.000312	0.100	0.100	0.120	0.100	0.300	0.0350	0	0.00454
14	925.03	3.11386e-04	3.66	1.76	0.110	0.0329	0.100	0.305	0.100	0.100	0.000352	0.100	0.100	0.120	0.100	0.300	0.0350	0	0.00447
15	928.62	2.96284e-04	3.66	1.76	0.110	0.0327	0.100	0.305	0.100	0.100	0.000380	0.100	0.100	0.120	0.100	0.300	0.0350	0	0.00423
16	932.21	2.86157e-04	3.66	1.76	0.110	0.0326	0.100	0.305	0.100	0.100	0.000374	0.100	0.100	0.120	0.100	0.300	0.0350	0	0.00411
17	935.80	2.787e-04	3.66	1.76	0.110	0.0325	0.100	0.305	0.100	0.100	0.000372	0.100	0.100	0.120	0.100	0.300	0.0350	0	0.00415
18	939.38	2.73402e-04	3.66	1.76	0.110	0.0324	0.100	0.305	0.100	0.100	0.000329	0.100	0.100	0.120	0.100	0.300	0.0350	0	0.00393
19	942.96	2.68782e-04	3.66	1.76	0.110	0.0322	0.100	0.305	0.100	0.100	0.000327	0.100	0.100	0.120	0.100	0.300	0.0350	0	0.00374
20	946.53	2.64463e-04	3.66	1.76	0.110	0.0321	0.100	0.305	0.100	0.100	0.000341	0.100	0.100	0.120	0.100	0.300	0.0350	0	0.00374
21	950.11	2.59952e-04	3.66	1.76	0.110	0.0320	0.100	0.305	0.100	0.100	0.000392	0.100	0.100	0.120	0.100	0.300	0.0350	0	0.00396
22	953.68	2.55264e-04	3.66	1.76	0.110	0.0319	0.100	0.305	0.100	0.100	0.000471	0.100	0.100	0.120	0.100	0.300	0.0350	0	0.00378
23	957.24	2.50798e-04	3.66	1.76	0.110	0.0318	0.100	0.305	0.100	0.100	0.000589	0.100	0.100	0.120	0.100	0.300	0.0350	0	0.00382
24	960.80	2.45992e-04	3.66	1.76	0.110	0.0316	0.100	0.305	0.100	0.100	0.000718	0.100	0.100	0.120	0.100	0.300	0.0350	0	0.00365
25	964.37	2.41067e-04	3.66	1.76	0.110	0.0315	0.100	0.305	0.100	0.100	0.000880	0.100	0.100	0.120	0.100	0.300	0.0350	0	0.00371
26	967.92	2.35978e-04	3.66	1.76	0.110	0.0314	0.100	0.305	0.100	0.100	0.00100	0.100	0.100	0.120	0.100	0.300	0.0350	0	0.00310
27	971.48	2.31231e-04	3.66	1.76	0.110	0.0313	0.100	0.305	0.100	0.100	0.00113	0.100	0.100	0.120	0.100	0.300	0.0350	0	0.00375
28	975.03	2.26542e-04	3.66	1.76	0.110	0.0312	0.100	0.305	0.100	0.100	0.00122	0.100	0.100	0.120	0.100	0.300	0.0350	0	0.00311
29	978.57	2.21586e-04	3.66	1.76	0.110	0.0311	0.100	0.305	0.100	0.100	0.00130	0.100	0.100	0.120	0.100	0.300	0.0350	0	0.00364
30	982.12	2.16925e-04	3.66	1.76	0.110	0.0310	0.100	0.305	0.100	0.100	0.00137	0.100	0.100	0.120	0.100	0.300	0.0350	0	0.00334
31	985.66	2.12766e-04	3.66	1.76	0.110	0.0308	0.100	0.305	0.100	0.100	0.00142	0.100	0.100	0.120	0.100	0.300	0.0350	0	0.00330
32	989.20	2.09256e-04	3.66	1.76	0.110	0.0307	0.100	0.305	0.100	0.100	0.00147	0.100	0.100	0.120	0.100	0.300	0.0350	0	0.00333
33	992.73	2.0595e-04	3.66	1.76	0.110	0.0306	0.100	0.305	0.100	0.100	0.00152	0.100	0.100	0.120	0.100	0.300	0.0350	0	0.00333
34	996.26	2.02888e-04	3.66	1.76	0.110	0.0305	0.100	0.305	0.100	0.100	0.00157	0.100	0.100	0.120	0.100	0.300	0.0350	0	0.00294
35	999.79	1.99501e-04	3.66	1.76	0.110	0.0304	0.100	0.305	0.100	0.100	0.00162	0.100	0.100	0.120	0.100	0.300	0.0350	0	0.00315
36	1003.32	1.97034e-04	3.53	1.69	0.110	0.0303	0.100	0.305	0.100	0.100	0.00166	0.100	0.100	0.120	0.100	0.300	0.0350	0	0.00298
37	1006.84	1.94922e-04	3.39	1.61	0.110	0.0302	0.100	0.305	0.100	0.100	0.00171	0.100	0.100	0.120	0.100	0.300	0.0350	0	0.00312
38	1010.36	1.93245e-04	3.26	1.54	0.110	0.0301	0.100	0.305	0.100	0.100	0.00176	0.100	0.100	0.120	0.100	0.300	0.0350	0	0.00342
39	1013.87	1.91097e-04	3.26	1.54	0.110	0.0300	0.100	0.305	0.100	0.100	0.00180	0.100	0.100	0.120	0.100	0.300	0.0350	0	0.00330
40	1017.38	1.89264e-04	3.26	1.54	0.110	0.0299	0.100	0.305	0.100	0.100	0.00183	0.100	0.100	0.120	0.100	0.300	0.0350	0	0.00309
41	1020.89	1.8747e-04	3.26	1.54	0.110	0.0298	0.100	0.305	0.100	0.100	0.00186	0.100	0.100	0.120	0.100	0.300	0.0350	0	0.00289
42	1024.40	1.86215e-04	3.26	1.54	0.110	0.0297	0.100	0.305	0.100	0.100	0.00188	0.100	0.100	0.120	0.100	0.300	0.0350	0	0.00309
43	1027.90	1.85142e-04	3.26	1.54	0.110	0.0296	0.100	0.305	0.100	0.100	0.00191	0.100	0.100	0.120	0.100	0.300	0.0350	0	0.00323
44	1031.40	1.84135e-04	3.26	1.54	0.110	0.0295	0.100	0.305	0.100	0.100	0.00193	0.100	0.100	0.120	0.100	0.300	0.0350	0	0.00294
45	1034.89	1.83171e-04	3.26	1.54	0.110	0.0294	0.100	0.305	0.100	0.100	0.00197	0.100	0.100	0.120	0.100	0.300	0.0350	0	0.00303
46	1038.38	1.81844e-04	3.26	1.54	0.110	0.0293	0.100	0.305	0.100	0.100	0.00201	0.100	0.100	0.120	0.100	0.300	0.0350	0	0.00291
47	1041.87	1.81003e-04	3.26	1.54	0.110	0.0292	0.100	0.305	0.100	0.100	0.00206	0.100	0.100	0.120	0.100	0.300	0.0350	0	0.00301
48	1045.36	1.80458e-04	3.26	1.54	0.110	0.0291	0.100	0.305	0.100	0.100	0.00211	0.100	0.100	0.120	0.100	0.300	0.0350	0	0.00304
49	1048.84	1.79995e-04	3.26	1.54	0.110	0.0290	0.100	0.305	0.100	0.100	0.00218	0.100	0.100	0.120	0.100	0.300	0.0350	0	0.00315
50	1052.32	1.79511e-04	3.26	1.54	0.110	0.0289	0.100	0.305	0.100	0.100	0.00225	0.100	0.100	0.120	0.100	0.300	0.0350	0	0.00296
51	1055.79	1.78606e-04	3.26	1.54	0.110	0.0288	0.100	0.305	0.100	0.100	0.00231	0.100	0.100	0.120	0.100	0.300	0.0350	0	0.00314
52	1059.27	1.77585e-04	3.26	1.54	0.110	0.0287	0.100	0.305	0.100	0.100	0.00237	0.100	0.100	0.120	0.100	0.300	0.0350	0	0.00277
53	1062.73	1.76503e-04	3.26	1.54	0.110	0.0286	0.100	0.305	0.100	0.100	0.00241	0.100	0.100	0.120	0.100	0.300	0.0350	0	0.00281
54	1066.20	1.75324e-04	3.26	1.54	0.110	0.0285	0.100	0.305	0.100	0.100	0.00245	0.100	0.100	0.120	0.100	0.300	0.0350	0	0.00292
55	1069.66	1.74333e-04	3.26	1.54	0.110	0.0284	0.100	0.305	0.100	0.100	0.00248	0.100	0.100	0.120	0.100	0.300	0.0350	0	0.00303
56	1073.12	1.72993e-04	3.26	1.54	0.110	0.0283	0.100	0.305	0.100	0.100	0.00249	0.100	0.100	0.120	0.100	0.300	0.0350	0	0.00344
57	1076.57	1.7117e-04	3.26	1.54	0.110	0.0282	0.100	0.305	0.100	0.100	0.00251	0.100	0.100	0.120	0.100	0.300	0.0350	0	0.00281
58	1080.02	1.69127e-04	3.26	1.54	0.110	0.0281	0.100	0.305	0.100	0.100	0.00253	0.100	0.100	0.120	0.100	0.300	0.0350	0	0.00281
59	1083.47	1.67078e-04	3.26	1.54	0.110	0.0281	0.100	0.305	0.100	0.100	0.00255	0.100	0.100	0.120	0.100	0.300	0.0350	0	0.00280
60	1086.91	1.64866e-04	3.26	1.54	0.110	0.0280	0.100	0.305	0.100	0.100	0.00257	0.100	0.100	0.120	0.100	0.300	0.0350	0	0.00302
61	1090.35	1.62118e-04	3.26	1.54	0.110	0.0279	0.100	0.305	0.100	0.100	0.00258	0.100	0.100	0.120	0.100	0.300	0.0350	0	0.00275
62	1093.79	1.59705e-04	3.20	1.51	0.110	0.0278	0.100	0.305	0.100	0.100	0.00260	0.100	0.100	0.120	0.100	0.300	0.0350	0	0.00321
63	1097.23	1.57616e-04	3.14	1.48	0.110	0.0277	0.100	0.305	0.100	0.100	0.00262	0.100	0.100	0.120	0.100	0.300	0.0350	0	0.00283
64	1100.65	1.55083e-04	3.09	1.46	0.110	0.0276	0.100	0.305	0.100	0.100	0.00265	0.100	0.100	0.120	0.100	0.300	0.0350	0	0.00253
65	1104.08	1.52843e-04	3.09	1.46	0.110	0.0275	0.100	0.305	0.100	0.100	0.00269	0.100	0.100	0.120	0.100	0.300	0.0350	0	0.00276
66	1107.50	1.50664e-04	3.09	1.46	0.110	0.0274	0.100	0.305	0.100	0.100	0.00274	0.100	0.100	0.120	0.100	0.300	0.0350	0	0.00280
67	1110.92	1.48897e-04	3.09	1.46	0.110	0.0274	0.100	0.305	0.100	0.100	0.00279	0.100	0.100	0.120	0.100	0.300	0.0350	0	0.00290
68	1114.34	1.47313e-04	3.09	1.46	0.110	0.0273	0.100	0.305	0.100	0.100	0.00287	0.100	0.100	0.120	0.100	0.300	0.0350	0	0.00275
69	1117.75	1.45907e-04	3.09	1.46	0.110	0.0272	0.100	0.305	0.100	0.100	0.00294	0.100	0.100	0.120	0.100	0.300	0.0350	0	0.00264
70	1121.16	1.44517e-04	3.09	1.46	0.110	0.0271	0.100	0.305	0.100	0.100	0.00302	0.100	0.100	0.120	0.100	0.300	0.0350	0	0.00255
71	1124.56	1.43284e-04	3.09	1.46	0.110	0.0270	0.100	0.305	0.100	0.100	0.00307	0.100	0.100	0.120	0.100	0.300	0.0350	0	0.00246
72	1127.97	1.42197e-04	3.09	1.46	0.110	0.0270	0.100	0.305	0.100	0.100	0.00312	0.100	0.100	0.120	0.100	0.300	0.0350	0	0.00265
73	1131.36	1.41524e-04	3.09	1.46	0.110	0.0269	0.100	0.305	0.100	0.100	0.00316	0.100	0.100	0.120	0.100	0.300	0.0350	0	0.00257
74	1134.76	1.41092e-04	3.09	1.46	0.110	0.0268	0.100	0.305	0.100	0.100	0.00319	0.100	0.100	0.120	0.100	0.300	0.0350	0	0.00271
75	1138.15	1.41156e-04	3.09	1.46	0.110	0.0267	0.100	0.305	0.100	0.100	0.00321	0.100	0.100	0.120	0.100	0.300	0.0350	0	0.00278
76	1141.54	1.41461e-04	3.09	1.45	0.110	0.0266	0.100	0.305	0.100	0.100	0.00323	0.100	0.100	0.120	0.100	0.300	0.0350	0	0.00279
77	1144.92	1.41837e-04	3.08	1.45	0.110	0.0266	0.100	0.305	0.100	0.100	0.00326	0.100	0.100	0.120	0.100	0.300	0.0350	0	0.00264
78	1148.30	1.42178e-04	3.08	1.45	0.110	0.0265	0.100	0.305	0.100	0.100	0.00328	0.100	0.100	0.120	0.100	0.300	0.0350	0	0.00274
79	1151.67	1.42369e-04	3.07	1.44	0.110	0.0264	0.100	0.305	0.100	0.100	0.00331	0.100	0.100	0.120	0.100	0.300	0.0350	0	0.00272
80	1155.05	1.42485e-04	3.07	1.44	0.110	0.0263	0.100	0.305	0.100	0.100	0.00335	0.100	0.100	0.120	0.100	0.300	0.0350	0	0.00251
81	1158.41	1.42691e-04	3.07	1.44	0.110	0.0262	0.100	0.305	0.100	0.100	0.00338	0.100	0.100	0.120	0.100	0.300	0.0350	0	0.00292
82	1161.78	1.42789e-04	3.07	1.44	0.110	0.0262	0.100	0.305	0.100	0.100	0.00342	0.100	0.100	0.120	0.100	0.300	0.0350	0	0.00256
83	1165.14	1.43023e-04	3.07	1.44	0.110	0.0261	0.100	0.305	0.100	0.100	0.00346	0.100	0.100	0.120	0.100	0.300	0.0350	0	0.00250
84	1168.50	1.43216e-04	3.07	1.44	0.110	0.0260	0.100	0.305	0.100	0.100	0.00349	0.100	0.100	0.120	0.100	0.300	0.0350	0	0.00257
85	1171.85	1.43098e-04	3.07	1.44	0.110	0.0259	0.100	0.305	0.100	0.100	0.00351	0.100	0.100	0.120	0.100	0.300	0.0350	0	0.00278
86	1175.20	1.42482e-04	3.07	1.44	0.110	0.0259	0.100	0.305	0.100	0.100	0.00352	0.100	0.100	0.120	0.100	0.300	0.0350	0	0.00292
87	1178.55	1.41723e-04	3.07	1.44	0.110	0.0258	0.100	0.305	0.100	0.100	0.00353	0.100	0.100	0.120	0.100	0.300	0.0350	0	0.00257
88	1181.89	1.40655e-04	3.07	1.44	0.110	0.0257	0.100	0.305	0.100	0.100	0.00353	0.100	0.100	0.120	0.100	0.300	0.0350	0	0.00279
89	1185.23	1.39403e-04	3.07	1.44	0.110	0.0256	0.100	0.305	0.100	0.100	0.00351	0.100	0.100	0.120	0.100	0.300	0.0350	0	0.00265
90	1188.56	1.37977e-04	3.07	1.44	0.110	0.0256	0.100	0.305	0.100	0.100	0.00350	0.100	0.100	0.120	0.100	0.300	0.0350	0	0.00273
91	1191.89	1.36628e-04	3.07	1.44	0.110	0.0255	0.100	0.305	0.100	0.100	0.00349	0.100	0.100	0.120	0.100	0.300	0.0350	0	0.00269
92	1195.22	1.35293e-04	3.07	1.44	0.110	0.0254	0.100	0.305	0.100	0.100	0.00346	0.100	0.100	0.120	0.100	0.300	0.0350	0	0.00279
93	1198.54	1.33881e-04	3.07	1.44	0.110	0.0254	0.100	0.305	0.100	0.100	0.00344	0.100	0.100	0.120	0.100	0.300	0.0350	0	0.00276
94	1201.86	1.32674e-04	3.07	1.44	0.110	0.0253	0.100	0.305	0.100	0.100	0.00342	0.100	0.100	0.120	0.100	0.300	0.0350	0	0.00261
95	1205.18	1.31751e-04	3.07	1.44	0.110	0.0252	0.100	0.305	0.100	0.100	0.00339	0.100	0.100	0.120	0.100	0.300	0.0350	0	0.00260
96	1208.49	1.31026e-04	3.07	1.44	0.110	0.0252	0.100	0.305	0.100	0.100	0.00337	0.100	0.100	0.120	0.100	0.300	0.0350	0	0.00271
97	1211.80	1.30526e-04	3.07	1.44	0.110	0.0251	0.100	0.305	0.100	0.100	0.00336	0.100	0.100	0.120	0.100	0.300	0.0350	0	0.00255
98	1215.10	1.30224e-04	3.07	1.44	0.110	0.0250	0.100	0.305	0.100	0.100	0.00336	0.100	0.100	0.120	0.100	0.300	0.0350	0	0.00259
99	1218.40	1.29901e-04	3.07	1.44	0.110	0.0250	0.100	0.305	0.100	0.100	0.00338	0.100	0.100	0.120	0.100	0.300	0.0350	0	0.00265
100	1221.70	1.29657e-04	3.07	1.44	0.110	0.0249	0.100	0.305	0.100	0.100	0.00340	0.100	0.100	0.120	0.100	0.300	0.0350	0	0.00252
101	1224.99	1.29167e-04	3.07	1.44	0.110	0.0248	0.100	0.305	0.100	0.100	0.00344	0.100	0.100	0.120	0.100	0.300	0.0350	0	0.00272
102	1228.28	1.28552e-04	3.07	1.44	0.110	0.0248	0.100	0.305	0.100	0.100	0.00350	0.100	0.100	0.120	0.100	0.300	0.0350	0	0.00254
103	1231.57	1.28098e-04	3.07	1.44	0.110	0.0247	0.100	0.305	0.100	0.100	0.00354	0.100	0.100	0.120	0.100	0.300	0.0350	0	0.00251
104	1234.85	1.27537e-04	3.07	1.44	0.110	0.0246	0.100	0.305	0.100	0.100	0.00358	0.100	0.100	0.120	0.100	0.300	0.0350	0	0.00257
105	1238.12	1.2701e-04	3.07	1.44	0.110	0.0246	0.100	0.305	0.100	0.100	0.00361	0.100	0.100	0.120	0.100	0.300	0.0350	0	0.00272
106	1241.40	1.26874e-04	3.07	1.44	0.110	0.0245	0.100	0.305	0.100	0.100	0.00364	0.100	0.100	0.120	0.100	0.300	0.0350	0	0.00254
107	1244.67	1.26951e-04	3.07	1.44	0.110	0.0244	0.100	0.305	0.100	0.100	0.00366	0.100	0.100	0.120	0.100	0.300	0.0350	0	0.00283
108	1247.93	1.27094e-04	3.07	1.44	0.110	0.0244	0.100	0.305	0.100	0.100	0.00367	0.100	0.100	0.120	0.100	0.300	0.0350	0	0.00241
109	1251.19	1.27159e-04	3.07	1.44	0.110	0.0243	0.100	0.305	0.100	0.100	0.00368	0.100	0.100	0.120	0.100	0.300	0.0350	0	0.00290
110	1254.45	1.27199e-04	3.07	1.44	0.110	0.0242	0.100	0.305	0.100	0.100	0.00369	0.100	0.100	0.120	0.100	0.300	0.0350	0	0.00263
111	1257.70	1.27099e-04	3.07	1.44	0.110	0.0242	0.100	0.305	0.100	0.100	0.00370	0.100	0.100	0.120	0.100	0.300	0.0350	0	0.00276
112	1260.95	1.2676e-04	3.07	1.44	0.110	0.0241	0.100	0.305	0.100	0.100	0.00372	0.100	0.100	0.120	0.100	0.300	0.0350	0	0.00271
113	1264.20	1.26323e-04	3.07	1.44	0.110	0.0240	0.100	0.305	0.100	0.100	0.00374	0.100	0.100	0.120	0.100	0.300	0.0350	0	0.00285
114	1267.44	1.25695e-04	3.07	1.44	0.110	0.0240	0.100	0.305	0.100	0.100	0.00377	0.100	0.100	0.120	0.100	0.300	0.0350	0	0.00298
115	1270.67	1.24925e-04	3.07	1.44	0.110	0.0239	0.100	0.305	0.100	0.100	0.00380	0.100	0.100	0.120	0.100	0.300	0.0350	0	0.00279
116	1273.91	1.24174e-04	3.07	1.44	0.110	0.0239	0.100	0.305	0.100	0.100	0.00384	0.100	0.100	0.120	0.100	0.300	0.0350	0	0.00265
117	1277.14	1.23483e-04	3.07	1.44	0.110	0.0238	0.100	0.305	0.100	0.100	0.00388	0.100	0.100	0.120	0.100	0.300	0.0350	0	0.00259
118	1280.36	1.22658e-04	3.07	1.44	0.110	0.0237	0.100	0.305	0.100	0.100	0.00391	0.100	0.100	0.120	0.100	0.300	0.0350	0	0.00263
119	1283.58	1.21919e-04	3.07	1.44	0.110	0.0237	0.100	0.305	0.100	0.100	0.00394	0.100	0.100	0.120	0.100	0.300	0.0350	0	0.00273
120	1286.80	1.2111e-04	3.07	1.44	0.110	0.0236	0.100	0.305	0.100	0.100	0.00396	0.100	0.100	0.120	0.100	0.300	0.0350	0	0.00254
121	1290.01	1.20252e-04	3.07	1.44	0.110	0.0236	0.100	0.305	0.100	0.100	0.00399	0.100	0.100	0.120	0.100	0.300	0.0350	0	0.00283
122	1293.22	1.19477e-04	3.07	1.44	0.110	0.0235	0.100	0.305	0.100	0.100	0.00401	0.100	0.100	0.120	0.100	0.300	0.0350	0	0.00277
123	1296.42	1.18761e-04	3.07	1.44	0.110	0.0234	0.100	0.305	0.100	0.100	0.00402	0.100	0.100	0.120	0.100	0.300	0.0350	0	0.00273
124	1299.63	1.18016e-04	3.07	1.44	0.110	0.0234	0.100	0.305	0.100	0.100	0.00404	0.100	0.100	0.120	0.100	0.300	0.0350	0	0.00277
125	1302.82	1.17416e-04	3.07	1.44	0.110	0.0233	0.100	0.305	0.100	0.100	0.00404	0.100	0.100	0.120	0.100	0.300	0.0350	0	0.00265
126	1306.01	1.1689e-04	3.07	1.44	0.110	0.0233	0.100	0.305	0.100	0.100	0.00405	0.100	0.100	0.120	0.100	0.300	0.0350	0	0.00272
127	1309.20	1.16441e-04	3.07	1.44	0.110	0.0232	0.100	0.305	0.100	0.100	0.00405	0.100	0.100	0.120	0.100	0.300	0.0350	0	0.00253
128	1312.39	1.16126e-04	3.07	1.44	0.110	0.0232	0.100	0.305	0.100	0.100	0.00405	0.100	0.100	0.120	0.100	0.300	0.0350	0	0.00259
129	1315.57	1.15796e-04	3.07	1.44	0.110	0.0231	0.100	0.305	0.100	0.100	0.00404	0.100	0.100	0.120	0.100	0.300	0.0350	0	0.00286
130	1318.74	1.15556e-04	3.07	1.44	0.110	0.0231	0.100	0.305	0.100	0.100	0.00404	0.100	0.100	0.120	0.100	0.300	0.0350	0	0.00257
131	1321.91	1.15103e-04	3.07	1.44	0.110	0.0230	0.100	0.305	0.100	0.100	0.00406	0.100	0.100	0.120	0.100	0.300	0.0350	0	0.00285
132	1325.08	1.14565e-04	3.07	1.44	0.110	0.0229	0.100	0.305	0.100	0.100	0.00411	0.100	0.100	0.120	0.100	0.300	0.0350	0	0.00284
133	1328.24	1.14031e-04	3.07	1.44	0.110	0.0229	0.100	0.305	0.100	0.100	0.00418	0.100	0.100	0.120	0.100	0.300	0.0350	0	0.00259
134	1331.40	1.1341e-04	3.07	1.44	0.110	0.0228	0.100	0.305	0.100	0.100	0.00426	0.100	0.100	0.120	0.100	0.300	0.0350	0	0.00240
135	1334.56	1.12917e-04	3.07	1.44	0.110	0.0228	0.100	0.305	0.100	0.100	0.00436	0.100	0.100	0.120	0.100	0.300	0.0350	0	0.00262
136	1337.71	1.12311e-04	3.07	1.44	0.110	0.0227	0.100	0.305	0.100	0.100	0.00448	0.100	0.100	0.120	0.100	0.300	0.0350	0	0.00262
137	1340.85	1.11904e-04	3.07	1.44	0.110	0.0227	0.100	0.305	0.100	0.100	0.00460	0.100	0.100	0.120	0.100	0.300	0.0350	0	0.00283
138	1343.99	1.11935e-04	3.07	1.44	0.110	0.0226	0.100	0.305	0.100	0.100	0.00471	0.100	0.100	0.120	0.100	0.300	0.0350	0	0.00275
139	1347.13	1.12013e-04	3.07	1.44	0.110	0.0226	0.100	0.305	0.100	0.100	0.00480	0.100	0.100	0.120	0.100	0.300	0.0350	0	0.00277
140	1350.27	1.12621e-04	3.07	1.44	0.110	0.0225	0.100	0.305	0.100	0.100	0.00485	0.100	0.100	0.120	0.100	0.300	0.0350	0	0.00259
141	1353.39	1.13508e-04	3.07	1.44	0.110	0.0225	0.100	0.305	0.100	0.100	0.00488	0.100	0.100	0.120	0.100	0.300	0.0350	0	0.00267
142	1356.52	1.14356e-04	3.07	1.44	0.110	0.0224	0.100	0.305	0.100	0.100	0.00488	0.100	0.100	0.120	0.100	0.300	0.0350	0	0.00262
143	1359.64	1.15037e-04	3.07	1.44	0.110	0.0224	0.100	0.305	0.100	0.100	0.00486	0.100	0.100	0.120	0.100	0.300	0.0350	0	0.00273
144	1362.76	1.15515e-04	3.07	1.44	0.110	0.0223	0.100	0.305	0.100	0.100	0.00483	0.100	0.100	0.120	0.100	0.300	0.0350	0	0.00289
145	1365.87	1.15649e-04	3.07	1.44	0.110	0.0223	0.100	0.305	0.100	0.100	0.00478	0.100	0.100	0.120	0.100	0.300	0.0350	0	0.00270
146	1368.98	1.1571e-04	3.07	1.44	0.110	0.0222	0.100	0.305	0.100	0.100	0.00474	0.100	0.100	0.120	0.100	0.300	0.0350	0	0.00274
147	1372.08	1.16065e-04	3.07	1.44	0.110	0.0222	0.100	0.305	0.100	0.100	0.00468	0.100	0.100	0.120	0.100	0.300	0.0350	0	0.00271
148	1375.18	1.1711e-04	3.07	1.44	0.110	0.0221	0.100	0.305	0.100	0.100	0.00464	0.100	0.100	0.120	0.100	0.300	0.0350	0	0.00270
149	1378.27	1.1886e-04	3.07	1.44	0.110	0.0221	0.100	0.305	0.100	0.100	0.00460	0.100	0.100	0.120	0.100	0.300	0.0350	0	0.00284
150	1381.36	1.20103e-04	3.07	1.44	0.110	0.0220	0.100	0.305	0.100	0.100	0.00456	0.100	0.100	0.120	0.100	0.300	0.0350	0	0.00269
151	1384.45	1.20905e-04	3.07	1.44	0.110	0.0220	0.100	0.305	0.100	0.100	0.00451	0.100	0.100	0.120	0.100	0.300	0.0350	0	0.00246
152	1387.53	1.2117e-04	3.07	1.44	0.110	0.0219	0.100	0.305	0.100	0.100	0.00448	0.100	0.100	0.120	0.100	0.300	0.0350	0	0.00293
153	1390.61	1.21799e-04	3.08	1.45	0.110	0.0219	0.100	0.305	0.100	0.100	0.00444	0.100	0.100	0.120	0.100	0.300	0.0350	0	0.00302
154	1393.68	1.22424e-04	3.09	1.46	0.110	0.0218	0.100	0.305	0.100	0.100	0.00441	0.100	0.100	0.120	0.100	0.300	0.0350	0	0.00261
155	1396.75	1.23192e-04	3.11	1.47	0.110	0.0218	0.100	0.305	0.100	0.100	0.00439	0.100	0.100	0.120	0.100	0.300	0.0350	0	0.00272
156	1399.81	1.23551e-04	3.13	1.47	0.110	0.0217	0.100	0.305	0.100	0.100	0.00437	0.100	0.100	0.120	0.100	0.300	0.0350	0	0.00309
157	1402.87	1.23865e-04	3.13	1.48	0.110	0.0217	0.100	0.305	0.100	0.100	0.00436	0.100	0.100	0.120	0.100	0.300	0.0350	0	0.00298
158	1405.93	1.23744e-04	3.13	1.48	0.110	0.0216	0.100	0.305	0.100	0.100	0.00435	0.100	0.100	0.120	0.100	0.300	0.0350	0	0.00268
159	1408.98	1.23628e-04	3.14	1.48	0.110	0.0216	0.100	0.305	0.100	0.100	0.00434	0.100	0.100	0.120	0.100	0.300	0.0350	0	0.00296
160	1412.02	1.23362e-04	3.14	1.48	0.110	0.0215	0.100	0.305	0.100	0.100	0.00433	0.100	0.100	0.120	0.100	0.300	0.0350	0	0.00312
161	1415.07	1.23105e-04	3.14	1.48	0.110	0.0215	0.100	0.305	0.100	0.100	0.00431	0.100	0.100	0.120	0.100	0.300	0.0350	0	0.00282
162	1418.10	1.22693e-04	3.14	1.48	0.110	0.0214	0.100	0.305	0.100	0.100	0.00430	0.100	0.100	0.120	0.100	0.300	0.0350	0	0.00296
163	1421.14	1.22629e-04	3.14	1.48	0.110	0.0214	0.100	0.305	0.100	0.100	0.00429	0.100	0.100	0.120	0.100	0.300	0.0350	0	0.00268
164	1424.16	1.22348e-04	3.14	1.48	0.110	0.0213	0.100	0.305	0.100	0.100	0.00428	0.100	0.100	0.120	0.100	0.300	0.0350	0	0.00279
165	1427.19	1.22153e-04	3.14	1.48	0.110	0.0213	0.100	0.305	0.100	0.100	0.00426	0.100	0.100	0.120	0.100	0.300	0.0350	0	0.00325
166	1430.21	1.2218e-04	3.14	1.48	0.110	0.0213	0.100	0.305	0.100	0.100	0.00425	0.100	0.100	0.120	0.100	0.300	0.0350	0	0.00304
167	1433.22	1.22012e-04	3.14	1.48	0.110	0.0212	0.100	0.305	0.100	0.100	0.00424	0.100	0.100	0.120	0.100	0.300	0.0350	0	0.00298
168	1436.23	1.22078e-04	3.14	1.48	0.110	0.0212	0.100	0.305	0.100	0.100	0.00424	0.100	0.100	0.120	0.100	0.300	0.0350	0	0.00282
169	1439.24	1.22002e-04	3.14	1.48	0.110	0.0211	0.100	0.305	0.100	0.100	0.00425	0.100	0.100	0.120	0.100	0.300	0.0350	0	0.00285
170	1442.24	1.21967e-04	3.12	1.47	0.110	0.0211	0.100	0.305	0.100	0.100	0.00426	0.100	0.100	0.120	0.100	0.300	0.0350	0	0.00287
171	1445.23	1.2188e-04	3.10	1.46	0.110	0.0210	0.100	0.305	0.100	0.100	0.00428	0.100	0.100	0.120	0.100	0.300	0.0350	0	0.00265
172	1448.23	1.21996e-04	3.08	1.45	0.110	0.0210	0.100	0.305	0.100	0.100	0.00430	0.100	0.100	0.120	0.100	0.300	0.0350	0	0.00292
173	1451.21	1.22166e-04	3.09	1.45	0.110	0.0209	0.100	0.305	0.100	0.100	0.00433	0.100	0.100	0.120	0.100	0.300	0.0350	0	0.00275
174	1454.20	1.22333e-04	3.12	1.47	0.110	0.0209	0.100	0.305	0.100	0.100	0.00435	0.100	0.100	0.120	0.100	0.300	0.0350	0	0.00321
175	1457.18	1.22722e-04	3.15	1.49	0.110	0.0209	0.100	0.305	0.100	0.100	0.00437	0.100	0.100	0.120	0.100	0.300	0.0350	0	0.00285
176	1460.15	1.23102e-04	3.19	1.51	0.110	0.0208	0.100	0.305	0.100	0.100	0.00439	0.100	0.100	0.120	0.100	0.300	0.0350	0	0.00318
177	1463.12	1.23595e-04	3.19	1.51	0.110	0.0208	0.100	0.305	0.100	0.100	0.00440	0.100	0.100	0.120	0.100	0.300	0.0350	0	0.00276
178	1466.08	1.24079e-04	3.19	1.51	0.110	0.0207	0.100	0.305	0.100	0.100	0.00440	0.100	0.100	0.120	0.100	0.300	0.0350	0	0.00295
179	1469.04	1.24687e-04	3.19	1.51	0.110	0.0207	0.100	0.305	0.100	0.100	0.00441	0.100	0.100	0.120	0.100	0.300	0.0350	0	0.00301
180	1472.00	1.2509e-04	3.19	1.51	0.110	0.0207	0.100	0.305	0.100	0.100	0.00440	0.100	0.100	0.120	0.100	0.300	0.0350	0	0.00301
181	1474.95	1.25622e-04	3.19	1.51	0.110	0.0206	0.100	0.305	0.100	0.100	0.00440	0.100	0.100	0.120	0.100	0.300	0.0350	0	0.00314
182	1477.89	1.26073e-04	3.19	1.51	0.110	0.0206	0.100	0.305	0.100	0.100	0.00440	0.100	0.100	0.120	0.100	0.300	0.0350	0	0.00344
183	1480.83	1.26362e-04	3.19	1.51	0.110	0.0205	0.100	0.305	0.100	0.100	0.00440	0.100	0.100	0.120	0.100	0.300	0.0350	0	0.00313
184	1483.77	1.26757e-04	3.19	1.51	0.110	0.0205	0.100	0.305	0.100	0.100	0.00441	0.100	0.100	0.120	0.100	0.300	0.0350	0	0.00299
185	1486.70	1.27252e-04	3.19	1.51	0.110	0.0204	0.100	0.305	0.100	0.100	0.00441	0.100	0.100	0.120	0.100	0.300	0.0350	0	0.00323
186	1489.63	1.27628e-04	3.19	1.51	0.110	0.0204	0.100	0.305	0.100	0.100	0.00442	0.100	0.100	0.120	0.100	0.300	0.0350	0	0.00325
187	1492.55	1.28237e-04	3.18	1.50	0.110	0.0204	0.100	0.305	0.100	0.100	0.00444	0.100	0.100	0.120	0.100	0.300	0.0350	0	0.00316
188	1495.47	1.28725e-04	3.17	1.50	0.110	0.0203	0.100	0.305	0.100	0.100	0.00445	0.100	0.100	0.120	0.100	0.300	0.0350	0	0.00324
189	1498.38	1.29326e-04	3.16	1.49	0.110	0.0203	0.100	0.305	0.100	0.100	0.00447	0.100	0.100	0.120	0.100	0.300	0.0350	0	0.00336
190	1501.29	1.30018e-04	3.16	1.49	0.110	0.0202	0.100	0.305	0.100	0.100	0.00449	0.100	0.100	0.120	0.100	0.300	0.0350	0	0.00358
191	1504.20	1.30702e-04	3.16	1.49	0.110	0.0202	0.100	0.305	0.100	0.100	0.00450	0.100	0.100	0.120	0.100	0.300	0.0350	0	0.00332
192	1507.09	1.31329e-04	3.16	1.49	0.110	0.0202	0.100	0.305	0.100	0.100	0.00452	0.100	0.100	0.120	0.100	0.300	0.0350	0	0.00320
193	1509.99	1.32073e-04	3.16	1.49	0.110	0.0201	0.100	0.305	0.100	0.100	0.00453	0.100	0.100	0.120	0.100	0.300	0.0350	0	0.00351
194	1512.88	1.32815e-04	3.16	1.49	0.110	0.0201	0.100	0.305	0.100	0.100	0.00455	0.100	0.100	0.120	0.100	0.300	0.0350	0	0.00297
195	1515.76	1.33571e-04	3.16	1.49	0.110	0.0201	0.100	0.305	0.100	0.100	0.00457	0.100	0.100	0.120	0.100	0.300	0.0350	0	0.00327
196	1518.64	1.34295e-04	3.16	1.49	0.110	0.0200	0.100	0.305	0.100	0.100	0.00458	0.100	0.100	0.120	0.100	0.300	0.0350	0	0.00323
197	1521.52	1.34999e-04	3.16	1.49	0.110	0.0200	0.100	0.305	0.100	0.100	0.00459	0.100	0.100	0.120	0.100	0.300	0.0350	0	0.00369
198	1524.39	1.35608e-04	3.16	1.49	0.110	0.0199	0.100	0.305	0.100	0.100	0.00460	0.100	0.100	0.120	0.100	0.300	0.0350	0	0.00295
199	1527.25	1.36435e-04	3.16	1.49	0.110	0.0199	0.100	0.305	0.100	0.100	0.00461	0.100	0.100	0.120	0.100	0.300	0.0350	0	0.00356
200	1530.11	1.37161e-04	3.16	1.49	0.110	0.0199	0.100	0.305	0.100	0.100	0.00462	0.100	0.100	0.120	0.100	0.300	0.0350	0	0.00332
201	1532.97	1.37818e-04	3.16	1.49	0.110	0.0198	0.100	0.305	0.100	0.100	0.00462	0.100	0.100	0.120	0.100	0.300	0.0350	0	0.00342
202	1535.82	1.38515e-04	3.16	1.49	0.110	0.0198	0.100	0.305	0.100	0.100	0.00462	0.100	0.100	0.120	0.100	0.300	0.0350	0	0.00367
203	1538.66	1.39408e-04	3.16	1.49	0.110	0.0198	0.100	0.305	0.100	0.100	0.00462	0.100	0.100	0.120	0.100	0.300	0.0350	0	0.00352
204	1541.51	1.40338e-04	3.15	1.48	0.110	0.0197	0.100	0.305	0.100	0.100	0.00461	0.100	0.100	0.120	0.100	0.300	0.0350	0	0.00350
205	1544.34	1.41255e-04	3.13	1.47	0.110	0.0197	0.100	0.305	0.100	0.100	0.00461	0.100	0.100	0.120	0.100	0.300	0.0350	0	0.00366
206	1547.17	1.42277e-04	3.11	1.46	0.110	0.0196	0.100	0.305	0.100	0.100	0.00461	0.100	0.100	0.120	0.100	0.300	0.0350	0	0.00373
207	1550.00	1.43151e-04	3.09	1.46	0.110	0.0196	0.100	0.305	0.100	0.100	0.00462	0.100	0.100	0.120	0.100	0.300	0.0350	0	0.00383
208	1552.82	1.44109e-04	3.09	1.46	0.110	0.0196	0.100	0.305	0.100	0.100	0.00462	0.100	0.100	0.120	0.100	0.300	0.0350	0	0.00388
209	1555.64	1.45018e-04	3.09	1.46	0.110	0.0195	0.100	0.305	0.100	0.100	0.00463	0.100	0.100	0.120	0.100	0.300	0.0350	0	0.00341
210	1558.45	1.4584e-04	3.09	1.46	0.110	0.0195	0.100	0.305	0.100	0.100	0.00464	0.100	0.100	0.120	0.100	0.300	0.0350	0	0.00371
211	1561.26	1.46835e-04	3.09	1.46	0.110	0.0195	0.100	0.305	0.100	0.100	0.00465	0.100	0.100	0.120	0.100	0.300	0.0350	0	0.00375
212	1564.06	1.4776e-04	3.09	1.46	0.110	0.0194	0.100	0.305	0.100	0.100	0.00466	0.100	0.100	0.120	0.100	0.300	0.0350	0	0.00429
213	1566.85	1.48886e-04	3.09	1.46	0.110	0.0194	0.100	0.305	0.100	0.100	0.00466	0.100	0.100	0.120	0.100	0.300	0.0350	0	0.00396
214	1569.65	1.49724e-04	3.09	1.46	0.110	0.0194	0.100	0.305	0.100	0.100	0.00467	0.100	0.100	0.120	0.100	0.300	0.0350	0	0.00371
215	1572.43	1.50846e-04	3.09	1.46	0.110	0.0193	0.100	0.305	0.100	0.100	0.00468	0.100	0.100	0.120	0.100	0.300	0.0350	0	0.00390
216	1575.22	1.51963e-04	3.09	1.46	0.110	0.0193	0.100	0.305	0.100	0.100	0.00469	0.100	0.100	0.120	0.100	0.300	0.0350	0	0.00376
217	1577.99	1.53136e-04	3.09	1.46	0.110	0.0193	0.100	0.305	0.100	0.100	0.00470	0.100	0.100	0.120	0.100	0.300	0.0350	0	0.00404
218	1580.76	1.54287e-04	3.09	1.46	0.110	0.0192	0.100	0.305	0.100	0.100	0.00471	0.100	0.100	0.120	0.100	0.300	0.0350	0	0.00397
219	1583.53	1.55704e-04	3.09	1.46	0.110	0.0192	0.100	0.305	0.100	0.100	0.00472	0.100	0.100	0.120	0.100	0.300	0.0350	0	0.00385
220	1586.29	1.5719e-04	3.09	1.46	0.110	0.0192	0.100	0.305	0.100	0.100	0.00474	0.100	0.100	0.120	0.100	0.300	0.0350	0	0.00431
221	1589.05	1.58663e-04	3.09	1.46	0.110	0.0191	0.100	0.305	0.100	0.100	0.00475	0.100	0.100	0.120	0.100	0.300	0.0350	0	0.00432
222	1591.80	1.60209e-04	3.09	1.45	0.110	0.0191	0.100	0.305	0.100	0.100	0.00477	0.100	0.100	0.120	0.100	0.300	0.0350	0	0.00440
223	1594.55	1.61688e-04	3.09	1.45	0.110	0.0191	0.100	0.305	0.100	0.100	0.00479	0.100	0.100	0.120	0.100	0.300	0.0350	0	0.00408
224	1597.29	1.63289e-04	3.08	1.45	0.110	0.0190	0.100	0.305	0.100	0.100	0.00482	0.100	0.100	0.120	0.100	0.300	0.0350	0	0.00406
225	1600.03	1.64892e-04	3.08	1.45	0.110	0.0190	0.100	0.305	0.100	0.100	0.00485	0.100	0.100	0.120	0.100	0.300	0.0350	0	0.00457
226	1602.76	1.66567e-04	3.11	1.47	0.110	0.0190	0.100	0.305	0.100	0.100	0.00488	0.100	0.100	0.120	0.100	0.300	0.0350	0	0.00446
227	1605.49	1.68197e-04	3.14	1.48	0.110	0.0189	0.100	0.305	0.100	0.100	0.00492	0.100	0.100	0.120	0.100	0.300	0.0350	0	0.00420
228	1608.21	1.69981e-04	3.17	1.50	0.110	0.0189	0.100	0.305	0.100	0.100	0.00496	0.100	0.100	0.120	0.100	0.300	0.0350	0	0.00432
229	1610.93	1.71582e-04	3.19	1.50	0.110	0.0189	0.100	0.305	0.100	0.100	0.00499	0.100	0.100	0.120	0.100	0.300	0.0350	0	0.00436
230	1613.64	1.73295e-04	3.19	1.50	0.110	0.0188	0.100	0.305	0.100	0.100	0.00503	0.100	0.100	0.120	0.100	0.300	0.0350	0	0.00432
231	1616.34	1.75148e-04	3.19	1.50	0.110	0.0188	0.100	0.305	0.100	0.100	0.00506	0.100	0.100	0.120	0.100	0.300	0.0350	0	0.00504
232	1619.04	1.77134e-04	3.19	1.50	0.110	0.0188	0.100	0.305	0.100	0.100	0.00509	0.100	0.100	0.120	0.100	0.300	0.0350	0	0.00427
233	1621.74	1.79106e-04	3.19	1.50	0.110	0.0187	0.100	0.305	0.100	0.100	0.00511	0.100	0.100	0.120	0.100	0.300	0.0350	0	0.00485
234	1624.43	1.81457e-04	3.19	1.50	0.110	0.0187	0.100	0.305	0.100	0.100	0.00514	0.100	0.100	0.120	0.100	0.300	0.0350	0	0.00455
235	1627.12	1.8403e-04	3.19	1.50	0.110	0.0187	0.100	0.305	0.100	0.100	0.00516	0.100	0.100	0.120	0.100	0.300	0.0350	0	0.00471
236	1629.80	1.86731e-04	3.19	1.50	0.110	0.0187	0.100	0.305	0.100	0.100	0.00518	0.100	0.100	0.120	0.100	0.300	0.0350	0	0.00476
237	1632.47	1.89904e-04	3.19	1.50	0.110	0.0186	0.100	0.305	0.100	0.100	0.00520	0.100	0.100	0.120	0.100	0.300	0.0350	0	0.00503
238	1635.14	1.94176e-04	3.19	1.50	0.110	0.0186	0.100	0.305	0.100	0.100	0.00522	0.100	0.100	0.120	0.100	0.300	0.0350	0	0.00521
239	1637.81	1.99219e-04	3.19	1.50	0.110	0.0186	0.100	0.305	0.100	0.100	0.00523	0.100	0.100	0.120	0.100	0.300	0.0350	0	0.00531
240	1640.47	2.05814e-04	3.19	1.50	0.110	0.0185	0.100	0.305	0.100	0.100	0.00524	0.100	0.100	0.120	0.100	0.300	0.0350	0	0.00529
241	1643.12	2.14986e-04	3.19	1.50	0.110	0.0185	0.100	0.305	0.100	0.100	0.00525	0.100	0.100	0.120	0.100	0.300	0.0350	0	0.00553
242	1645.77	2.27518e-04	3.19	1.50	0.110	0.0185	0.100	0.305	0.100	0.100	0.00526	0.100	0.100	0.120	0.100	0.300	0.0350	0	0.00555
243	1648.42	2.4486e-04	3.19	1.50	0.110	0.0184	0.100	0.305	0.100	0.100	0.00527	0.100	0.100	0.120	0.100	0.300	0.0350	0	0.00622
244	1651.06	2.68582e-04	3.19	1.50	0.110	0.0184	0.100	0.305	0.100	0.100	0.00528	0.100	0.100	0.120	0.100	0.300	0.0350	0	0.00698
245	1653.69	3.0102e-04	3.19	1.50	0.110	0.0184	0.100	0.305	0.100	0.100	0.00528	0.100	0.100	0.120	0.100	0.300	0.0350	0	0.00750
246	1656.32	3.42167e-04	3.19	1.50	0.110	0.0184	0.100	0.305	0.100	0.100	0.00529	0.100	0.100	0.120	0.100	0.300	0.0350	0	0.00787
247	1658.94	3.94318e-04	3.19	1.50	0.110	0.0183	0.100	0.305	0.100	0.100	0.00529	0.100	0.100	0.120	0.100	0.300	0.0350	0	0.00933
248	1661.56	4.58474e-04	3.19	1.50	0.110	0.0183	0.100	0.305	0.100	0.100	0.00530	0.100	0.100	0.120	0.100	0.300	0.0350	0	0.0108
249	1664.17	5.35376e-04	3.19	1.50	0.110	0.0183	0.100	0.305	0.100	0.100	0.00531	0.100	0.100	0.120	0.100	0.300	0.0350	0	0.0138
250	1666.78	6.25676e-04	3.19	1.50	0.110	0.0182	0.100	0.305	0.100	0.100	0.00531	0.100	0.100	0.120	0.100	0.300	0.0350	0	0.0164
251	1669.38	7.29055e-04	3.19	1.50	0.110	0.0182	0.100	0.305	0.100	0.100	0.00532	0.100	0.100	0.120	0.100	0.300	0.0350	0	0.0191
252	1671.98	8.48379e-04	3.19	1.50	0.110	0.0182	0.100	0.305	0.100	0.100	0.00533	0.100	0.100	0.120	0.100	0.300	0.0350	0	0.0211
253	1674.57	9.8127e-04	3.19	1.50	0.110	0.0182	0.100	0.305	0.100	0.100	0.00534	0.100	0.100	0.120	0.100	0.300	0.0350	0	0.0233
254	1677.16	1.13182e-03	3.19	1.50	0.110	0.0181	0.100	0.305	0.100	0.100	0.00533	0.100	0.100	0.120	0.100	0.300	0.0350	0	0.0296
255	1679.74	1.30323e-03	3.19	1.50	0.110	0.0181	0.100	0.305	0.100	0.100	0.00532	0.100	0.100	0.120	0.100	0.300	0.0350	0	0.0332
