# hypstar_220261_radcal_E_211101_swir.dat
# Calibrated by Joel Kuusk, Tartu Observatory, University of Tartu, 2021-11-01
#
# Applied corrections:
# nonlinearity	hypstar_220261_nonlin_corr_coefs_210715.dat
# wavelength	hypstar_220261_wl_coefs_210714.dat
# thermal	none
# stray light	none
#
# E [mW m-2 nm-1] = DN / inttime_ms * 1000 * cal_coef
# Pixel counting starts from 0
#
# px	wl	cal_coef	u_cal_coef(k=2)	u_lamp(k=1)	u_aging(k=1)	u_power(k=1)	u_align_lamp(k=1)	u_panel(k=1)	u_interp_panel(k=1)	u_align_panel(k=1)	u_wl_source(k=1)	u_lab_stray(k=1)	u_panel_backrefl(k=1)	u_dist(k=1)	u_align(k=1)	u_temp(k=1)	u_lin(k=1)	u_stray(k=1)	u_typeA(k=1)
0	874.43	9.00002e-02	1.68	0.613	0.110	0.0348	0.100	0	0	0	0.000347	0.100	0	0.440	0.100	0.300	0.0350	0	0.0434
1	878.07	4.28236e-02	1.68	0.613	0.110	0.0346	0.100	0	0	0	0.000270	0.100	0	0.440	0.100	0.300	0.0350	0	0.0209
2	881.71	2.85813e-02	1.68	0.613	0.110	0.0345	0.100	0	0	0	0.000192	0.100	0	0.440	0.100	0.300	0.0350	0	0.0148
3	885.35	2.4154e-02	1.68	0.613	0.110	0.0343	0.100	0	0	0	0.000113	0.100	0	0.440	0.100	0.300	0.0350	0	0.0115
4	888.98	2.25593e-02	1.68	0.613	0.110	0.0342	0.100	0	0	0	0.0000339	0.100	0	0.440	0.100	0.300	0.0350	0	0.0109
5	892.60	2.16364e-02	1.68	0.613	0.110	0.0341	0.100	0	0	0	0.0000462	0.100	0	0.440	0.100	0.300	0.0350	0	0.0102
6	896.23	2.08066e-02	1.68	0.613	0.110	0.0339	0.100	0	0	0	0.000127	0.100	0	0.440	0.100	0.300	0.0350	0	0.00926
7	899.85	2.00074e-02	1.68	0.613	0.110	0.0338	0.100	0	0	0	0.000208	0.100	0	0.440	0.100	0.300	0.0350	0	0.00848
8	903.47	1.91344e-02	3.69	1.76	0.110	0.0336	0.100	0	0	0	0.000138	0.100	0	0.440	0.100	0.300	0.0350	0	0.00877
9	907.08	1.82823e-02	3.69	1.76	0.110	0.0335	0.100	0	0	0	0.0000969	0.100	0	0.440	0.100	0.300	0.0350	0	0.00763
10	910.69	1.72259e-02	3.69	1.76	0.110	0.0334	0.100	0	0	0	0.0000570	0.100	0	0.440	0.100	0.300	0.0350	0	0.00831
11	914.30	1.58959e-02	3.69	1.76	0.110	0.0332	0.100	0	0	0	0.0000178	0.100	0	0.440	0.100	0.300	0.0350	0	0.00760
12	917.91	1.43871e-02	3.69	1.76	0.110	0.0331	0.100	0	0	0	0.0000208	0.100	0	0.440	0.100	0.300	0.0350	0	0.00712
13	921.51	1.30512e-02	3.69	1.76	0.110	0.0330	0.100	0	0	0	0.0000587	0.100	0	0.440	0.100	0.300	0.0350	0	0.00628
14	925.11	1.21206e-02	3.69	1.76	0.110	0.0329	0.100	0	0	0	0.0000960	0.100	0	0.440	0.100	0.300	0.0350	0	0.00610
15	928.70	1.15512e-02	3.69	1.76	0.110	0.0327	0.100	0	0	0	0.000133	0.100	0	0.440	0.100	0.300	0.0350	0	0.00557
16	932.30	1.11553e-02	3.69	1.76	0.110	0.0326	0.100	0	0	0	0.000169	0.100	0	0.440	0.100	0.300	0.0350	0	0.00484
17	935.89	1.08549e-02	3.69	1.76	0.110	0.0325	0.100	0	0	0	0.000204	0.100	0	0.440	0.100	0.300	0.0350	0	0.00552
18	939.47	1.06492e-02	3.69	1.76	0.110	0.0324	0.100	0	0	0	0.000239	0.100	0	0.440	0.100	0.300	0.0350	0	0.00489
19	943.05	1.047e-02	3.69	1.76	0.110	0.0322	0.100	0	0	0	0.000274	0.100	0	0.440	0.100	0.300	0.0350	0	0.00499
20	946.63	1.02847e-02	3.69	1.76	0.110	0.0321	0.100	0	0	0	0.000307	0.100	0	0.440	0.100	0.300	0.0350	0	0.00530
21	950.21	1.00894e-02	3.69	1.76	0.110	0.0320	0.100	0	0	0	0.000341	0.100	0	0.440	0.100	0.300	0.0350	0	0.00500
22	953.78	9.9015e-03	3.69	1.76	0.110	0.0319	0.100	0	0	0	0.000373	0.100	0	0.440	0.100	0.300	0.0350	0	0.00461
23	957.35	9.72375e-03	3.69	1.76	0.110	0.0318	0.100	0	0	0	0.000405	0.100	0	0.440	0.100	0.300	0.0350	0	0.00478
24	960.92	9.52523e-03	3.69	1.76	0.110	0.0316	0.100	0	0	0	0.000437	0.100	0	0.440	0.100	0.300	0.0350	0	0.00500
25	964.48	9.31429e-03	3.69	1.76	0.110	0.0315	0.100	0	0	0	0.000468	0.100	0	0.440	0.100	0.300	0.0350	0	0.00516
26	968.04	9.11078e-03	3.69	1.76	0.110	0.0314	0.100	0	0	0	0.000498	0.100	0	0.440	0.100	0.300	0.0350	0	0.00503
27	971.60	8.9302e-03	3.69	1.76	0.110	0.0313	0.100	0	0	0	0.000528	0.100	0	0.440	0.100	0.300	0.0350	0	0.00458
28	975.15	8.74542e-03	3.69	1.76	0.110	0.0312	0.100	0	0	0	0.000558	0.100	0	0.440	0.100	0.300	0.0350	0	0.00486
29	978.70	8.54086e-03	3.69	1.76	0.110	0.0311	0.100	0	0	0	0.000587	0.100	0	0.440	0.100	0.300	0.0350	0	0.00505
30	982.25	8.35059e-03	3.69	1.76	0.110	0.0309	0.100	0	0	0	0.000616	0.100	0	0.440	0.100	0.300	0.0350	0	0.00493
31	985.79	8.18521e-03	3.69	1.76	0.110	0.0308	0.100	0	0	0	0.000644	0.100	0	0.440	0.100	0.300	0.0350	0	0.00410
32	989.33	8.05194e-03	3.69	1.76	0.110	0.0307	0.100	0	0	0	0.000671	0.100	0	0.440	0.100	0.300	0.0350	0	0.00459
33	992.86	7.9224e-03	3.69	1.76	0.110	0.0306	0.100	0	0	0	0.000699	0.100	0	0.440	0.100	0.300	0.0350	0	0.00439
34	996.40	7.79619e-03	3.69	1.76	0.110	0.0305	0.100	0	0	0	0.000725	0.100	0	0.440	0.100	0.300	0.0350	0	0.00457
35	999.93	7.65648e-03	3.69	1.76	0.110	0.0304	0.100	0	0	0	0.000752	0.100	0	0.440	0.100	0.300	0.0350	0	0.00408
36	1003.45	7.55772e-03	3.55	1.68	0.110	0.0303	0.100	0	0	0	0.000777	0.100	0	0.440	0.100	0.300	0.0350	0	0.00416
37	1006.98	7.47793e-03	3.41	1.61	0.110	0.0302	0.100	0	0	0	0.000803	0.100	0	0.440	0.100	0.300	0.0350	0	0.00427
38	1010.50	7.41259e-03	3.30	1.54	0.110	0.0301	0.100	0	0	0	0.000828	0.100	0	0.440	0.100	0.300	0.0350	0	0.00436
39	1014.01	7.32695e-03	3.30	1.54	0.110	0.0300	0.100	0	0	0	0.000852	0.100	0	0.440	0.100	0.300	0.0350	0	0.00418
40	1017.53	7.24691e-03	3.30	1.54	0.110	0.0299	0.100	0	0	0	0.000877	0.100	0	0.440	0.100	0.300	0.0350	0	0.00382
41	1021.03	7.17e-03	3.30	1.54	0.110	0.0298	0.100	0	0	0	0.000900	0.100	0	0.440	0.100	0.300	0.0350	0	0.00431
42	1024.54	7.11796e-03	3.30	1.54	0.110	0.0297	0.100	0	0	0	0.000924	0.100	0	0.440	0.100	0.300	0.0350	0	0.00383
43	1028.04	7.07688e-03	3.30	1.54	0.110	0.0296	0.100	0	0	0	0.000947	0.100	0	0.440	0.100	0.300	0.0350	0	0.00417
44	1031.54	7.03547e-03	3.30	1.54	0.110	0.0295	0.100	0	0	0	0.000969	0.100	0	0.440	0.100	0.300	0.0350	0	0.00408
45	1035.04	6.9922e-03	3.30	1.54	0.110	0.0294	0.100	0	0	0	0.000992	0.100	0	0.440	0.100	0.300	0.0350	0	0.00433
46	1038.53	6.92968e-03	3.30	1.54	0.110	0.0293	0.100	0	0	0	0.00101	0.100	0	0.440	0.100	0.300	0.0350	0	0.00420
47	1042.02	6.89182e-03	3.30	1.54	0.110	0.0292	0.100	0	0	0	0.00103	0.100	0	0.440	0.100	0.300	0.0350	0	0.00383
48	1045.50	6.86952e-03	3.30	1.54	0.110	0.0291	0.100	0	0	0	0.00106	0.100	0	0.440	0.100	0.300	0.0350	0	0.00396
49	1048.99	6.85559e-03	3.30	1.54	0.110	0.0290	0.100	0	0	0	0.00108	0.100	0	0.440	0.100	0.300	0.0350	0	0.00418
50	1052.46	6.8342e-03	3.30	1.54	0.110	0.0289	0.100	0	0	0	0.00110	0.100	0	0.440	0.100	0.300	0.0350	0	0.00406
51	1055.94	6.79296e-03	3.30	1.54	0.110	0.0288	0.100	0	0	0	0.00112	0.100	0	0.440	0.100	0.300	0.0350	0	0.00416
52	1059.41	6.7487e-03	3.30	1.54	0.110	0.0287	0.100	0	0	0	0.00114	0.100	0	0.440	0.100	0.300	0.0350	0	0.00409
53	1062.88	6.70397e-03	3.30	1.54	0.110	0.0286	0.100	0	0	0	0.00116	0.100	0	0.440	0.100	0.300	0.0350	0	0.00411
54	1066.34	6.65664e-03	3.30	1.54	0.110	0.0285	0.100	0	0	0	0.00118	0.100	0	0.440	0.100	0.300	0.0350	0	0.00449
55	1069.80	6.61832e-03	3.30	1.54	0.110	0.0284	0.100	0	0	0	0.00119	0.100	0	0.440	0.100	0.300	0.0350	0	0.00406
56	1073.26	6.56567e-03	3.30	1.54	0.110	0.0283	0.100	0	0	0	0.00121	0.100	0	0.440	0.100	0.300	0.0350	0	0.00417
57	1076.72	6.49129e-03	3.30	1.54	0.110	0.0282	0.100	0	0	0	0.00123	0.100	0	0.440	0.100	0.300	0.0350	0	0.00421
58	1080.17	6.40614e-03	3.30	1.54	0.110	0.0281	0.100	0	0	0	0.00125	0.100	0	0.440	0.100	0.300	0.0350	0	0.00401
59	1083.61	6.3226e-03	3.30	1.54	0.110	0.0281	0.100	0	0	0	0.00127	0.100	0	0.440	0.100	0.300	0.0350	0	0.00392
60	1087.06	6.23497e-03	3.30	1.54	0.110	0.0280	0.100	0	0	0	0.00128	0.100	0	0.440	0.100	0.300	0.0350	0	0.00375
61	1090.50	6.12624e-03	3.29	1.54	0.110	0.0279	0.100	0	0	0	0.00130	0.100	0	0.440	0.100	0.300	0.0350	0	0.00361
62	1093.93	6.03466e-03	3.23	1.51	0.110	0.0278	0.100	0	0	0	0.00132	0.100	0	0.440	0.100	0.300	0.0350	0	0.00398
63	1097.36	5.95337e-03	3.17	1.48	0.110	0.0277	0.100	0	0	0	0.00133	0.100	0	0.440	0.100	0.300	0.0350	0	0.00363
64	1100.79	5.85297e-03	3.13	1.46	0.110	0.0276	0.100	0	0	0	0.00135	0.100	0	0.440	0.100	0.300	0.0350	0	0.00366
65	1104.22	5.75987e-03	3.13	1.46	0.110	0.0275	0.100	0	0	0	0.00137	0.100	0	0.440	0.100	0.300	0.0350	0	0.00380
66	1107.64	5.67161e-03	3.13	1.46	0.110	0.0274	0.100	0	0	0	0.00138	0.100	0	0.440	0.100	0.300	0.0350	0	0.00345
67	1111.06	5.60162e-03	3.13	1.46	0.110	0.0274	0.100	0	0	0	0.00140	0.100	0	0.440	0.100	0.300	0.0350	0	0.00368
68	1114.47	5.54e-03	3.13	1.46	0.110	0.0273	0.100	0	0	0	0.00141	0.100	0	0.440	0.100	0.300	0.0350	0	0.00360
69	1117.89	5.48652e-03	3.13	1.46	0.110	0.0272	0.100	0	0	0	0.00143	0.100	0	0.440	0.100	0.300	0.0350	0	0.00354
70	1121.29	5.43329e-03	3.13	1.46	0.110	0.0271	0.100	0	0	0	0.00144	0.100	0	0.440	0.100	0.300	0.0350	0	0.00348
71	1124.70	5.38251e-03	3.13	1.46	0.110	0.0270	0.100	0	0	0	0.00146	0.100	0	0.440	0.100	0.300	0.0350	0	0.00344
72	1128.10	5.33572e-03	3.13	1.46	0.110	0.0269	0.100	0	0	0	0.00147	0.100	0	0.440	0.100	0.300	0.0350	0	0.00323
73	1131.49	5.30845e-03	3.13	1.46	0.110	0.0269	0.100	0	0	0	0.00148	0.100	0	0.440	0.100	0.300	0.0350	0	0.00351
74	1134.89	5.29107e-03	3.13	1.46	0.110	0.0268	0.100	0	0	0	0.00150	0.100	0	0.440	0.100	0.300	0.0350	0	0.00366
75	1138.28	5.29579e-03	3.13	1.46	0.110	0.0267	0.100	0	0	0	0.00151	0.100	0	0.440	0.100	0.300	0.0350	0	0.00384
76	1141.66	5.31046e-03	3.12	1.45	0.110	0.0266	0.100	0	0	0	0.00153	0.100	0	0.440	0.100	0.300	0.0350	0	0.00340
77	1145.04	5.32509e-03	3.12	1.45	0.110	0.0265	0.100	0	0	0	0.00154	0.100	0	0.440	0.100	0.300	0.0350	0	0.00344
78	1148.42	5.33647e-03	3.11	1.45	0.110	0.0265	0.100	0	0	0	0.00155	0.100	0	0.440	0.100	0.300	0.0350	0	0.00369
79	1151.80	5.33914e-03	3.11	1.44	0.110	0.0264	0.100	0	0	0	0.00156	0.100	0	0.440	0.100	0.300	0.0350	0	0.00371
80	1155.17	5.33947e-03	3.11	1.44	0.110	0.0263	0.100	0	0	0	0.00158	0.100	0	0.440	0.100	0.300	0.0350	0	0.00376
81	1158.53	5.3425e-03	3.11	1.44	0.110	0.0262	0.100	0	0	0	0.00159	0.100	0	0.440	0.100	0.300	0.0350	0	0.00343
82	1161.90	5.34219e-03	3.11	1.44	0.110	0.0262	0.100	0	0	0	0.00160	0.100	0	0.440	0.100	0.300	0.0350	0	0.00359
83	1165.26	5.35289e-03	3.11	1.44	0.110	0.0261	0.100	0	0	0	0.00161	0.100	0	0.440	0.100	0.300	0.0350	0	0.00343
84	1168.61	5.35866e-03	3.11	1.44	0.110	0.0260	0.100	0	0	0	0.00162	0.100	0	0.440	0.100	0.300	0.0350	0	0.00386
85	1171.96	5.35466e-03	3.11	1.44	0.110	0.0259	0.100	0	0	0	0.00164	0.100	0	0.440	0.100	0.300	0.0350	0	0.00334
86	1175.31	5.32709e-03	3.11	1.44	0.110	0.0259	0.100	0	0	0	0.00165	0.100	0	0.440	0.100	0.300	0.0350	0	0.00370
87	1178.66	5.29641e-03	3.11	1.44	0.110	0.0258	0.100	0	0	0	0.00166	0.100	0	0.440	0.100	0.300	0.0350	0	0.00346
88	1182.00	5.24818e-03	3.11	1.44	0.110	0.0257	0.100	0	0	0	0.00167	0.100	0	0.440	0.100	0.300	0.0350	0	0.00327
89	1185.34	5.1982e-03	3.11	1.44	0.110	0.0256	0.100	0	0	0	0.00168	0.100	0	0.440	0.100	0.300	0.0350	0	0.00337
90	1188.67	5.1412e-03	3.11	1.44	0.110	0.0256	0.100	0	0	0	0.00169	0.100	0	0.440	0.100	0.300	0.0350	0	0.00346
91	1192.00	5.08611e-03	3.11	1.44	0.110	0.0255	0.100	0	0	0	0.00170	0.100	0	0.440	0.100	0.300	0.0350	0	0.00364
92	1195.32	5.03457e-03	3.11	1.44	0.110	0.0254	0.100	0	0	0	0.00171	0.100	0	0.440	0.100	0.300	0.0350	0	0.00360
93	1198.65	4.97654e-03	3.11	1.44	0.110	0.0254	0.100	0	0	0	0.00172	0.100	0	0.440	0.100	0.300	0.0350	0	0.00352
94	1201.96	4.92964e-03	3.11	1.44	0.110	0.0253	0.100	0	0	0	0.00173	0.100	0	0.440	0.100	0.300	0.0350	0	0.00341
95	1205.28	4.88875e-03	3.11	1.44	0.110	0.0252	0.100	0	0	0	0.00174	0.100	0	0.440	0.100	0.300	0.0350	0	0.00328
96	1208.59	4.85922e-03	3.11	1.44	0.110	0.0252	0.100	0	0	0	0.00175	0.100	0	0.440	0.100	0.300	0.0350	0	0.00398
97	1211.90	4.84003e-03	3.11	1.44	0.110	0.0251	0.100	0	0	0	0.00176	0.100	0	0.440	0.100	0.300	0.0350	0	0.00339
98	1215.20	4.82596e-03	3.11	1.44	0.110	0.0250	0.100	0	0	0	0.00177	0.100	0	0.440	0.100	0.300	0.0350	0	0.00353
99	1218.50	4.81282e-03	3.11	1.44	0.110	0.0249	0.100	0	0	0	0.00178	0.100	0	0.440	0.100	0.300	0.0350	0	0.00346
100	1221.79	4.8036e-03	3.11	1.44	0.110	0.0249	0.100	0	0	0	0.00179	0.100	0	0.440	0.100	0.300	0.0350	0	0.00355
101	1225.08	4.78435e-03	3.11	1.44	0.110	0.0248	0.100	0	0	0	0.00180	0.100	0	0.440	0.100	0.300	0.0350	0	0.00342
102	1228.37	4.75981e-03	3.11	1.44	0.110	0.0247	0.100	0	0	0	0.00181	0.100	0	0.440	0.100	0.300	0.0350	0	0.00330
103	1231.65	4.74031e-03	3.11	1.44	0.110	0.0247	0.100	0	0	0	0.00182	0.100	0	0.440	0.100	0.300	0.0350	0	0.00341
104	1234.93	4.7184e-03	3.11	1.44	0.110	0.0246	0.100	0	0	0	0.00182	0.100	0	0.440	0.100	0.300	0.0350	0	0.00335
105	1238.21	4.69759e-03	3.11	1.44	0.110	0.0246	0.100	0	0	0	0.00183	0.100	0	0.440	0.100	0.300	0.0350	0	0.00373
106	1241.48	4.68939e-03	3.11	1.44	0.110	0.0245	0.100	0	0	0	0.00184	0.100	0	0.440	0.100	0.300	0.0350	0	0.00335
107	1244.75	4.69093e-03	3.11	1.44	0.110	0.0244	0.100	0	0	0	0.00185	0.100	0	0.440	0.100	0.300	0.0350	0	0.00351
108	1248.01	4.69645e-03	3.11	1.44	0.110	0.0244	0.100	0	0	0	0.00186	0.100	0	0.440	0.100	0.300	0.0350	0	0.00342
109	1251.27	4.69963e-03	3.11	1.44	0.110	0.0243	0.100	0	0	0	0.00186	0.100	0	0.440	0.100	0.300	0.0350	0	0.00356
110	1254.53	4.69929e-03	3.11	1.44	0.110	0.0242	0.100	0	0	0	0.00187	0.100	0	0.440	0.100	0.300	0.0350	0	0.00326
111	1257.78	4.69416e-03	3.11	1.44	0.110	0.0242	0.100	0	0	0	0.00188	0.100	0	0.440	0.100	0.300	0.0350	0	0.00397
112	1261.03	4.67728e-03	3.11	1.44	0.110	0.0241	0.100	0	0	0	0.00189	0.100	0	0.440	0.100	0.300	0.0350	0	0.00396
113	1264.27	4.65557e-03	3.11	1.44	0.110	0.0240	0.100	0	0	0	0.00190	0.100	0	0.440	0.100	0.300	0.0350	0	0.00350
114	1267.51	4.62648e-03	3.11	1.44	0.110	0.0240	0.100	0	0	0	0.00190	0.100	0	0.440	0.100	0.300	0.0350	0	0.00364
115	1270.75	4.59233e-03	3.11	1.44	0.110	0.0239	0.100	0	0	0	0.00191	0.100	0	0.440	0.100	0.300	0.0350	0	0.00334
116	1273.98	4.56155e-03	3.11	1.44	0.110	0.0239	0.100	0	0	0	0.00192	0.100	0	0.440	0.100	0.300	0.0350	0	0.00382
117	1277.21	4.53479e-03	3.11	1.44	0.110	0.0238	0.100	0	0	0	0.00193	0.100	0	0.440	0.100	0.300	0.0350	0	0.00351
118	1280.43	4.50251e-03	3.11	1.44	0.110	0.0237	0.100	0	0	0	0.00193	0.100	0	0.440	0.100	0.300	0.0350	0	0.00344
119	1283.65	4.47422e-03	3.11	1.44	0.110	0.0237	0.100	0	0	0	0.00194	0.100	0	0.440	0.100	0.300	0.0350	0	0.00361
120	1286.87	4.44101e-03	3.11	1.44	0.110	0.0236	0.100	0	0	0	0.00195	0.100	0	0.440	0.100	0.300	0.0350	0	0.00349
121	1290.08	4.40879e-03	3.11	1.44	0.110	0.0236	0.100	0	0	0	0.00195	0.100	0	0.440	0.100	0.300	0.0350	0	0.00353
122	1293.29	4.3757e-03	3.11	1.44	0.110	0.0235	0.100	0	0	0	0.00196	0.100	0	0.440	0.100	0.300	0.0350	0	0.00373
123	1296.49	4.34784e-03	3.11	1.44	0.110	0.0234	0.100	0	0	0	0.00197	0.100	0	0.440	0.100	0.300	0.0350	0	0.00364
124	1299.69	4.31775e-03	3.11	1.44	0.110	0.0234	0.100	0	0	0	0.00197	0.100	0	0.440	0.100	0.300	0.0350	0	0.00331
125	1302.88	4.29478e-03	3.11	1.44	0.110	0.0233	0.100	0	0	0	0.00198	0.100	0	0.440	0.100	0.300	0.0350	0	0.00380
126	1306.08	4.27044e-03	3.11	1.44	0.110	0.0233	0.100	0	0	0	0.00199	0.100	0	0.440	0.100	0.300	0.0350	0	0.00354
127	1309.26	4.25124e-03	3.11	1.44	0.110	0.0232	0.100	0	0	0	0.00199	0.100	0	0.440	0.100	0.300	0.0350	0	0.00332
128	1312.45	4.23841e-03	3.11	1.44	0.110	0.0232	0.100	0	0	0	0.00200	0.100	0	0.440	0.100	0.300	0.0350	0	0.00351
129	1315.62	4.22785e-03	3.11	1.44	0.110	0.0231	0.100	0	0	0	0.00200	0.100	0	0.440	0.100	0.300	0.0350	0	0.00357
130	1318.80	4.21624e-03	3.11	1.44	0.110	0.0231	0.100	0	0	0	0.00201	0.100	0	0.440	0.100	0.300	0.0350	0	0.00367
131	1321.97	4.19932e-03	3.11	1.44	0.110	0.0230	0.100	0	0	0	0.00202	0.100	0	0.440	0.100	0.300	0.0350	0	0.00350
132	1325.14	4.17685e-03	3.11	1.44	0.110	0.0229	0.100	0	0	0	0.00202	0.100	0	0.440	0.100	0.300	0.0350	0	0.00339
133	1328.30	4.15566e-03	3.11	1.44	0.110	0.0229	0.100	0	0	0	0.00203	0.100	0	0.440	0.100	0.300	0.0350	0	0.00378
134	1331.46	4.12884e-03	3.11	1.44	0.110	0.0228	0.100	0	0	0	0.00203	0.100	0	0.440	0.100	0.300	0.0350	0	0.00348
135	1334.61	4.11017e-03	3.11	1.44	0.110	0.0228	0.100	0	0	0	0.00204	0.100	0	0.440	0.100	0.300	0.0350	0	0.00358
136	1337.76	4.08223e-03	3.11	1.44	0.110	0.0227	0.100	0	0	0	0.00205	0.100	0	0.440	0.100	0.300	0.0350	0	0.00347
137	1340.91	4.06666e-03	3.11	1.44	0.110	0.0227	0.100	0	0	0	0.00205	0.100	0	0.440	0.100	0.300	0.0350	0	0.00371
138	1344.05	4.06544e-03	3.11	1.44	0.110	0.0226	0.100	0	0	0	0.00206	0.100	0	0.440	0.100	0.300	0.0350	0	0.00357
139	1347.18	4.07066e-03	3.11	1.44	0.110	0.0226	0.100	0	0	0	0.00206	0.100	0	0.440	0.100	0.300	0.0350	0	0.00345
140	1350.32	4.08884e-03	3.11	1.44	0.110	0.0225	0.100	0	0	0	0.00207	0.100	0	0.440	0.100	0.300	0.0350	0	0.00361
141	1353.45	4.12258e-03	3.11	1.44	0.110	0.0225	0.100	0	0	0	0.00207	0.100	0	0.440	0.100	0.300	0.0350	0	0.00382
142	1356.57	4.1504e-03	3.11	1.44	0.110	0.0224	0.100	0	0	0	0.00208	0.100	0	0.440	0.100	0.300	0.0350	0	0.00359
143	1359.69	4.17752e-03	3.11	1.44	0.110	0.0224	0.100	0	0	0	0.00208	0.100	0	0.440	0.100	0.300	0.0350	0	0.00383
144	1362.81	4.19719e-03	3.11	1.44	0.110	0.0223	0.100	0	0	0	0.00209	0.100	0	0.440	0.100	0.300	0.0350	0	0.00382
145	1365.92	4.20353e-03	3.11	1.44	0.110	0.0223	0.100	0	0	0	0.00209	0.100	0	0.440	0.100	0.300	0.0350	0	0.00387
146	1369.03	4.22001e-03	3.11	1.44	0.110	0.0222	0.100	0	0	0	0.00210	0.100	0	0.440	0.100	0.300	0.0350	0	0.00352
147	1372.13	4.24671e-03	3.11	1.44	0.110	0.0222	0.100	0	0	0	0.00210	0.100	0	0.440	0.100	0.300	0.0350	0	0.00334
148	1375.23	4.31482e-03	3.11	1.44	0.110	0.0221	0.100	0	0	0	0.00211	0.100	0	0.440	0.100	0.300	0.0350	0	0.00384
149	1378.32	4.40178e-03	3.11	1.44	0.110	0.0221	0.100	0	0	0	0.00211	0.100	0	0.440	0.100	0.300	0.0350	0	0.00378
150	1381.41	4.4642e-03	3.11	1.44	0.110	0.0220	0.100	0	0	0	0.00212	0.100	0	0.440	0.100	0.300	0.0350	0	0.00378
151	1384.50	4.484e-03	3.11	1.44	0.110	0.0220	0.100	0	0	0	0.00212	0.100	0	0.440	0.100	0.300	0.0350	0	0.00381
152	1387.58	4.47898e-03	3.11	1.44	0.110	0.0219	0.100	0	0	0	0.00213	0.100	0	0.440	0.100	0.300	0.0350	0	0.00396
153	1390.65	4.48599e-03	3.11	1.45	0.110	0.0219	0.100	0	0	0	0.00213	0.100	0	0.440	0.100	0.300	0.0350	0	0.00402
154	1393.73	4.48332e-03	3.13	1.46	0.110	0.0218	0.100	0	0	0	0.00214	0.100	0	0.440	0.100	0.300	0.0350	0	0.00405
155	1396.80	4.49554e-03	3.15	1.47	0.110	0.0218	0.100	0	0	0	0.00214	0.100	0	0.440	0.100	0.300	0.0350	0	0.00357
156	1399.86	4.48566e-03	3.16	1.47	0.110	0.0217	0.100	0	0	0	0.00215	0.100	0	0.440	0.100	0.300	0.0350	0	0.00384
157	1402.92	4.48284e-03	3.17	1.48	0.110	0.0217	0.100	0	0	0	0.00215	0.100	0	0.440	0.100	0.300	0.0350	0	0.00378
158	1405.97	4.46768e-03	3.17	1.48	0.110	0.0216	0.100	0	0	0	0.00216	0.100	0	0.440	0.100	0.300	0.0350	0	0.00435
159	1409.02	4.45209e-03	3.17	1.48	0.110	0.0216	0.100	0	0	0	0.00216	0.100	0	0.440	0.100	0.300	0.0350	0	0.00400
160	1412.07	4.43824e-03	3.17	1.48	0.110	0.0215	0.100	0	0	0	0.00216	0.100	0	0.440	0.100	0.300	0.0350	0	0.00406
161	1415.11	4.42104e-03	3.17	1.48	0.110	0.0215	0.100	0	0	0	0.00217	0.100	0	0.440	0.100	0.300	0.0350	0	0.00415
162	1418.15	4.40252e-03	3.17	1.48	0.110	0.0214	0.100	0	0	0	0.00217	0.100	0	0.440	0.100	0.300	0.0350	0	0.00352
163	1421.18	4.39706e-03	3.17	1.48	0.110	0.0214	0.100	0	0	0	0.00218	0.100	0	0.440	0.100	0.300	0.0350	0	0.00369
164	1424.21	4.38532e-03	3.17	1.48	0.110	0.0213	0.100	0	0	0	0.00218	0.100	0	0.440	0.100	0.300	0.0350	0	0.00357
165	1427.23	4.3774e-03	3.17	1.48	0.110	0.0213	0.100	0	0	0	0.00219	0.100	0	0.440	0.100	0.300	0.0350	0	0.00391
166	1430.25	4.37156e-03	3.17	1.48	0.110	0.0213	0.100	0	0	0	0.00219	0.100	0	0.440	0.100	0.300	0.0350	0	0.00414
167	1433.27	4.36452e-03	3.17	1.48	0.110	0.0212	0.100	0	0	0	0.00219	0.100	0	0.440	0.100	0.300	0.0350	0	0.00403
168	1436.28	4.36077e-03	3.17	1.48	0.110	0.0212	0.100	0	0	0	0.00220	0.100	0	0.440	0.100	0.300	0.0350	0	0.00409
169	1439.28	4.35624e-03	3.17	1.48	0.110	0.0211	0.100	0	0	0	0.00220	0.100	0	0.440	0.100	0.300	0.0350	0	0.00440
170	1442.28	4.35326e-03	3.16	1.47	0.110	0.0211	0.100	0	0	0	0.00221	0.100	0	0.440	0.100	0.300	0.0350	0	0.00416
171	1445.28	4.34568e-03	3.14	1.46	0.110	0.0210	0.100	0	0	0	0.00221	0.100	0	0.440	0.100	0.300	0.0350	0	0.00391
172	1448.27	4.34936e-03	3.12	1.45	0.110	0.0210	0.100	0	0	0	0.00221	0.100	0	0.440	0.100	0.300	0.0350	0	0.00392
173	1451.26	4.35071e-03	3.12	1.45	0.110	0.0209	0.100	0	0	0	0.00222	0.100	0	0.440	0.100	0.300	0.0350	0	0.00363
174	1454.24	4.35048e-03	3.16	1.47	0.110	0.0209	0.100	0	0	0	0.00222	0.100	0	0.440	0.100	0.300	0.0350	0	0.00390
175	1457.22	4.36347e-03	3.19	1.49	0.110	0.0209	0.100	0	0	0	0.00222	0.100	0	0.440	0.100	0.300	0.0350	0	0.00385
176	1460.19	4.37254e-03	3.22	1.51	0.110	0.0208	0.100	0	0	0	0.00223	0.100	0	0.440	0.100	0.300	0.0350	0	0.00381
177	1463.16	4.39221e-03	3.22	1.51	0.110	0.0208	0.100	0	0	0	0.00223	0.100	0	0.440	0.100	0.300	0.0350	0	0.00383
178	1466.13	4.40425e-03	3.23	1.51	0.110	0.0207	0.100	0	0	0	0.00224	0.100	0	0.440	0.100	0.300	0.0350	0	0.00429
179	1469.09	4.41909e-03	3.23	1.51	0.110	0.0207	0.100	0	0	0	0.00224	0.100	0	0.440	0.100	0.300	0.0350	0	0.00382
180	1472.04	4.43421e-03	3.23	1.51	0.110	0.0207	0.100	0	0	0	0.00224	0.100	0	0.440	0.100	0.300	0.0350	0	0.00396
181	1474.99	4.4454e-03	3.23	1.51	0.110	0.0206	0.100	0	0	0	0.00225	0.100	0	0.440	0.100	0.300	0.0350	0	0.00362
182	1477.94	4.4599e-03	3.23	1.51	0.110	0.0206	0.100	0	0	0	0.00225	0.100	0	0.440	0.100	0.300	0.0350	0	0.00414
183	1480.88	4.47206e-03	3.23	1.51	0.110	0.0205	0.100	0	0	0	0.00225	0.100	0	0.440	0.100	0.300	0.0350	0	0.00443
184	1483.82	4.47896e-03	3.23	1.51	0.110	0.0205	0.100	0	0	0	0.00226	0.100	0	0.440	0.100	0.300	0.0350	0	0.00429
185	1486.75	4.49515e-03	3.22	1.51	0.110	0.0204	0.100	0	0	0	0.00226	0.100	0	0.440	0.100	0.300	0.0350	0	0.00458
186	1489.68	4.50525e-03	3.22	1.51	0.110	0.0204	0.100	0	0	0	0.00226	0.100	0	0.440	0.100	0.300	0.0350	0	0.00469
187	1492.60	4.51974e-03	3.21	1.50	0.110	0.0204	0.100	0	0	0	0.00227	0.100	0	0.440	0.100	0.300	0.0350	0	0.00440
188	1495.52	4.54051e-03	3.20	1.50	0.110	0.0203	0.100	0	0	0	0.00227	0.100	0	0.440	0.100	0.300	0.0350	0	0.00425
189	1498.43	4.55807e-03	3.20	1.49	0.110	0.0203	0.100	0	0	0	0.00227	0.100	0	0.440	0.100	0.300	0.0350	0	0.00464
190	1501.34	4.57226e-03	3.19	1.49	0.110	0.0202	0.100	0	0	0	0.00228	0.100	0	0.440	0.100	0.300	0.0350	0	0.00421
191	1504.24	4.59765e-03	3.19	1.49	0.110	0.0202	0.100	0	0	0	0.00228	0.100	0	0.440	0.100	0.300	0.0350	0	0.00455
192	1507.14	4.61572e-03	3.19	1.49	0.110	0.0202	0.100	0	0	0	0.00228	0.100	0	0.440	0.100	0.300	0.0350	0	0.00448
193	1510.03	4.63508e-03	3.19	1.49	0.110	0.0201	0.100	0	0	0	0.00229	0.100	0	0.440	0.100	0.300	0.0350	0	0.00448
194	1512.92	4.66513e-03	3.19	1.49	0.110	0.0201	0.100	0	0	0	0.00229	0.100	0	0.440	0.100	0.300	0.0350	0	0.00438
195	1515.81	4.68819e-03	3.19	1.49	0.110	0.0201	0.100	0	0	0	0.00229	0.100	0	0.440	0.100	0.300	0.0350	0	0.00422
196	1518.68	4.70673e-03	3.19	1.49	0.110	0.0200	0.100	0	0	0	0.00229	0.100	0	0.440	0.100	0.300	0.0350	0	0.00465
197	1521.56	4.73021e-03	3.19	1.49	0.110	0.0200	0.100	0	0	0	0.00230	0.100	0	0.440	0.100	0.300	0.0350	0	0.00417
198	1524.43	4.74694e-03	3.19	1.49	0.110	0.0199	0.100	0	0	0	0.00230	0.100	0	0.440	0.100	0.300	0.0350	0	0.00476
199	1527.29	4.76961e-03	3.19	1.49	0.110	0.0199	0.100	0	0	0	0.00230	0.100	0	0.440	0.100	0.300	0.0350	0	0.00473
200	1530.15	4.79413e-03	3.19	1.49	0.110	0.0199	0.100	0	0	0	0.00231	0.100	0	0.440	0.100	0.300	0.0350	0	0.00443
201	1533.01	4.81609e-03	3.19	1.49	0.110	0.0198	0.100	0	0	0	0.00231	0.100	0	0.440	0.100	0.300	0.0350	0	0.00461
202	1535.86	4.83518e-03	3.19	1.49	0.110	0.0198	0.100	0	0	0	0.00231	0.100	0	0.440	0.100	0.300	0.0350	0	0.00443
203	1538.70	4.8663e-03	3.19	1.49	0.110	0.0198	0.100	0	0	0	0.00231	0.100	0	0.440	0.100	0.300	0.0350	0	0.00488
204	1541.54	4.894e-03	3.18	1.48	0.110	0.0197	0.100	0	0	0	0.00232	0.100	0	0.440	0.100	0.300	0.0350	0	0.00411
205	1544.38	4.91964e-03	3.16	1.47	0.110	0.0197	0.100	0	0	0	0.00232	0.100	0	0.440	0.100	0.300	0.0350	0	0.00529
206	1547.21	4.95505e-03	3.15	1.46	0.110	0.0196	0.100	0	0	0	0.00232	0.100	0	0.440	0.100	0.300	0.0350	0	0.00470
207	1550.04	4.98232e-03	3.13	1.46	0.110	0.0196	0.100	0	0	0	0.00232	0.100	0	0.440	0.100	0.300	0.0350	0	0.00458
208	1552.86	5.00562e-03	3.13	1.46	0.110	0.0196	0.100	0	0	0	0.00233	0.100	0	0.440	0.100	0.300	0.0350	0	0.00493
209	1555.67	5.03727e-03	3.13	1.46	0.110	0.0195	0.100	0	0	0	0.00233	0.100	0	0.440	0.100	0.300	0.0350	0	0.00478
210	1558.48	5.06664e-03	3.13	1.46	0.110	0.0195	0.100	0	0	0	0.00233	0.100	0	0.440	0.100	0.300	0.0350	0	0.00474
211	1561.29	5.09496e-03	3.13	1.46	0.110	0.0195	0.100	0	0	0	0.00233	0.100	0	0.440	0.100	0.300	0.0350	0	0.00461
212	1564.09	5.12443e-03	3.13	1.46	0.110	0.0194	0.100	0	0	0	0.00233	0.100	0	0.440	0.100	0.300	0.0350	0	0.00467
213	1566.88	5.1609e-03	3.13	1.46	0.110	0.0194	0.100	0	0	0	0.00234	0.100	0	0.440	0.100	0.300	0.0350	0	0.00507
214	1569.68	5.18318e-03	3.13	1.46	0.110	0.0194	0.100	0	0	0	0.00234	0.100	0	0.440	0.100	0.300	0.0350	0	0.00489
215	1572.46	5.21697e-03	3.13	1.46	0.110	0.0193	0.100	0	0	0	0.00234	0.100	0	0.440	0.100	0.300	0.0350	0	0.00502
216	1575.24	5.25797e-03	3.13	1.46	0.110	0.0193	0.100	0	0	0	0.00234	0.100	0	0.440	0.100	0.300	0.0350	0	0.00510
217	1578.02	5.29272e-03	3.13	1.46	0.110	0.0193	0.100	0	0	0	0.00235	0.100	0	0.440	0.100	0.300	0.0350	0	0.00508
218	1580.79	5.32684e-03	3.13	1.46	0.110	0.0192	0.100	0	0	0	0.00235	0.100	0	0.440	0.100	0.300	0.0350	0	0.00493
219	1583.55	5.37676e-03	3.13	1.46	0.110	0.0192	0.100	0	0	0	0.00235	0.100	0	0.440	0.100	0.300	0.0350	0	0.00528
220	1586.31	5.42239e-03	3.13	1.46	0.110	0.0192	0.100	0	0	0	0.00235	0.100	0	0.440	0.100	0.300	0.0350	0	0.00524
221	1589.07	5.46924e-03	3.13	1.46	0.110	0.0191	0.100	0	0	0	0.00235	0.100	0	0.440	0.100	0.300	0.0350	0	0.00551
222	1591.82	5.52192e-03	3.13	1.45	0.110	0.0191	0.100	0	0	0	0.00236	0.100	0	0.440	0.100	0.300	0.0350	0	0.00501
223	1594.56	5.56746e-03	3.12	1.45	0.110	0.0191	0.100	0	0	0	0.00236	0.100	0	0.440	0.100	0.300	0.0350	0	0.00513
224	1597.30	5.61468e-03	3.12	1.45	0.110	0.0190	0.100	0	0	0	0.00236	0.100	0	0.440	0.100	0.300	0.0350	0	0.00529
225	1600.04	5.66539e-03	3.12	1.45	0.110	0.0190	0.100	0	0	0	0.00236	0.100	0	0.440	0.100	0.300	0.0350	0	0.00593
226	1602.77	5.72418e-03	3.15	1.47	0.110	0.0190	0.100	0	0	0	0.00236	0.100	0	0.440	0.100	0.300	0.0350	0	0.00555
227	1605.49	5.77538e-03	3.17	1.48	0.110	0.0189	0.100	0	0	0	0.00236	0.100	0	0.440	0.100	0.300	0.0350	0	0.00579
228	1608.21	5.83241e-03	3.20	1.50	0.110	0.0189	0.100	0	0	0	0.00237	0.100	0	0.440	0.100	0.300	0.0350	0	0.00611
229	1610.92	5.88374e-03	3.22	1.50	0.110	0.0189	0.100	0	0	0	0.00237	0.100	0	0.440	0.100	0.300	0.0350	0	0.00568
230	1613.63	5.94055e-03	3.22	1.50	0.110	0.0188	0.100	0	0	0	0.00237	0.100	0	0.440	0.100	0.300	0.0350	0	0.00608
231	1616.33	5.99733e-03	3.22	1.50	0.110	0.0188	0.100	0	0	0	0.00237	0.100	0	0.440	0.100	0.300	0.0350	0	0.00606
232	1619.03	6.06486e-03	3.22	1.50	0.110	0.0188	0.100	0	0	0	0.00237	0.100	0	0.440	0.100	0.300	0.0350	0	0.00570
233	1621.73	6.13321e-03	3.22	1.50	0.110	0.0187	0.100	0	0	0	0.00237	0.100	0	0.440	0.100	0.300	0.0350	0	0.00604
234	1624.41	6.21225e-03	3.22	1.50	0.110	0.0187	0.100	0	0	0	0.00237	0.100	0	0.440	0.100	0.300	0.0350	0	0.00589
235	1627.10	6.2949e-03	3.22	1.50	0.110	0.0187	0.100	0	0	0	0.00238	0.100	0	0.440	0.100	0.300	0.0350	0	0.00613
236	1629.77	6.39128e-03	3.22	1.50	0.110	0.0187	0.100	0	0	0	0.00238	0.100	0	0.440	0.100	0.300	0.0350	0	0.00618
237	1632.44	6.50114e-03	3.22	1.50	0.110	0.0186	0.100	0	0	0	0.00238	0.100	0	0.440	0.100	0.300	0.0350	0	0.00562
238	1635.11	6.63859e-03	3.22	1.50	0.110	0.0186	0.100	0	0	0	0.00238	0.100	0	0.440	0.100	0.300	0.0350	0	0.00624
239	1637.77	6.80411e-03	3.22	1.50	0.110	0.0186	0.100	0	0	0	0.00238	0.100	0	0.440	0.100	0.300	0.0350	0	0.00691
240	1640.43	7.03168e-03	3.22	1.50	0.110	0.0185	0.100	0	0	0	0.00238	0.100	0	0.440	0.100	0.300	0.0350	0	0.00717
241	1643.08	7.34457e-03	3.22	1.50	0.110	0.0185	0.100	0	0	0	0.00238	0.100	0	0.440	0.100	0.300	0.0350	0	0.00746
242	1645.72	7.76077e-03	3.22	1.50	0.110	0.0185	0.100	0	0	0	0.00238	0.100	0	0.440	0.100	0.300	0.0350	0	0.00800
243	1648.36	8.35226e-03	3.22	1.50	0.110	0.0184	0.100	0	0	0	0.00239	0.100	0	0.440	0.100	0.300	0.0350	0	0.00915
244	1651.00	9.17675e-03	3.22	1.50	0.110	0.0184	0.100	0	0	0	0.00239	0.100	0	0.440	0.100	0.300	0.0350	0	0.00942
245	1653.63	1.02915e-02	3.22	1.50	0.110	0.0184	0.100	0	0	0	0.00239	0.100	0	0.440	0.100	0.300	0.0350	0	0.0112
246	1656.25	1.16993e-02	3.22	1.50	0.110	0.0184	0.100	0	0	0	0.00239	0.100	0	0.440	0.100	0.300	0.0350	0	0.0115
247	1658.87	1.34929e-02	3.22	1.50	0.110	0.0183	0.100	0	0	0	0.00239	0.100	0	0.440	0.100	0.300	0.0350	0	0.0137
248	1661.48	1.57274e-02	3.22	1.50	0.110	0.0183	0.100	0	0	0	0.00239	0.100	0	0.440	0.100	0.300	0.0350	0	0.0150
249	1664.09	1.83859e-02	3.22	1.50	0.110	0.0183	0.100	0	0	0	0.00239	0.100	0	0.440	0.100	0.300	0.0350	0	0.0176
250	1666.69	2.15026e-02	3.22	1.50	0.110	0.0182	0.100	0	0	0	0.00239	0.100	0	0.440	0.100	0.300	0.0350	0	0.0228
251	1669.29	2.51089e-02	3.22	1.50	0.110	0.0182	0.100	0	0	0	0.00239	0.100	0	0.440	0.100	0.300	0.0350	0	0.0235
252	1671.88	2.92256e-02	3.22	1.50	0.110	0.0182	0.100	0	0	0	0.00239	0.100	0	0.440	0.100	0.300	0.0350	0	0.0305
253	1674.46	3.38842e-02	3.22	1.50	0.110	0.0182	0.100	0	0	0	0.00239	0.100	0	0.440	0.100	0.300	0.0350	0	0.0333
254	1677.04	3.90933e-02	3.22	1.50	0.110	0.0181	0.100	0	0	0	0.00240	0.100	0	0.440	0.100	0.300	0.0350	0	0.0397
255	1679.62	4.51729e-02	3.22	1.50	0.110	0.0181	0.100	0	0	0	0.00240	0.100	0	0.440	0.100	0.300	0.0350	0	0.0387
