# hypstar_221231_radcal_L_211005_swir.dat
# Calibrated by Joel Kuusk, Tartu Observatory, University of Tartu, 2021-10-05
#
# Applied corrections:
# nonlinearity	hypstar_221231_nonlin_corr_coefs_210715.dat
# wavelength	hypstar_221231_wl_coefs_210714.dat
# thermal	none
# stray light	none
#
# L [mW m-2 nm-1 sr-1] = DN / inttime_ms * 1000 * cal_coef
# Pixel counting starts from 0
#
# px	wl	cal_coef	u_cal_coef(k=2)	u_lamp(k=1)	u_aging(k=1)	u_power(k=1)	u_align_lamp(k=1)	u_panel(k=1)	u_interp_panel(k=1)	u_align_panel(k=1)	u_wl_source(k=1)	u_lab_stray(k=1)	u_panel_backrefl(k=1)	u_dist(k=1)	u_align(k=1)	u_temp(k=1)	u_lin(k=1)	u_stray(k=1)	u_typeA(k=1)
0	883.27	5.70562e-04	1.61	0.613	0.102	0.0344	0.100	0.305	0.100	0.100	0.000532	0.100	0.100	0.120	0.100	0.300	0.0300	0	0.00684
1	886.86	5.10533e-04	1.61	0.613	0.102	0.0343	0.100	0.305	0.100	0.100	0.000143	0.100	0.100	0.120	0.100	0.300	0.0300	0	0.00567
2	890.45	4.88543e-04	1.61	0.613	0.102	0.0341	0.100	0.305	0.100	0.100	0.000265	0.100	0.100	0.120	0.100	0.300	0.0300	0	0.00524
3	894.04	4.68847e-04	1.61	0.613	0.102	0.0340	0.100	0.305	0.100	0.100	0.000681	0.100	0.100	0.120	0.100	0.300	0.0300	0	0.00568
4	897.63	4.4949e-04	1.61	0.613	0.102	0.0339	0.100	0.305	0.100	0.100	0.00110	0.100	0.100	0.120	0.100	0.300	0.0300	0	0.00546
5	901.22	4.29994e-04	3.66	1.76	0.102	0.0337	0.100	0.305	0.100	0.100	0.000363	0.100	0.100	0.120	0.100	0.300	0.0300	0	0.00498
6	904.81	4.13582e-04	3.66	1.76	0.102	0.0336	0.100	0.305	0.100	0.100	0.000146	0.100	0.100	0.120	0.100	0.300	0.0300	0	0.00491
7	908.39	3.95325e-04	3.66	1.76	0.102	0.0335	0.100	0.305	0.100	0.100	0.0000702	0.100	0.100	0.120	0.100	0.300	0.0300	0	0.00447
8	911.97	3.74407e-04	3.66	1.76	0.102	0.0333	0.100	0.305	0.100	0.100	0.000273	0.100	0.100	0.120	0.100	0.300	0.0300	0	0.00478
9	915.55	3.4676e-04	3.66	1.76	0.102	0.0332	0.100	0.305	0.100	0.100	0.000469	0.100	0.100	0.120	0.100	0.300	0.0300	0	0.00472
10	919.12	3.10159e-04	3.66	1.76	0.102	0.0331	0.100	0.305	0.100	0.100	0.000639	0.100	0.100	0.120	0.100	0.300	0.0300	0	0.00452
11	922.70	2.76893e-04	3.66	1.76	0.102	0.0329	0.100	0.305	0.100	0.100	0.000773	0.100	0.100	0.120	0.100	0.300	0.0300	0	0.00406
12	926.27	2.54701e-04	3.66	1.76	0.102	0.0328	0.100	0.305	0.100	0.100	0.000844	0.100	0.100	0.120	0.100	0.300	0.0300	0	0.00398
13	929.84	2.41383e-04	3.66	1.76	0.102	0.0327	0.100	0.305	0.100	0.100	0.000903	0.100	0.100	0.120	0.100	0.300	0.0300	0	0.00366
14	933.41	2.31949e-04	3.66	1.76	0.102	0.0326	0.100	0.305	0.100	0.100	0.000875	0.100	0.100	0.120	0.100	0.300	0.0300	0	0.00342
15	936.97	2.25356e-04	3.66	1.76	0.102	0.0324	0.100	0.305	0.100	0.100	0.000831	0.100	0.100	0.120	0.100	0.300	0.0300	0	0.00344
16	940.54	2.20909e-04	3.66	1.76	0.102	0.0323	0.100	0.305	0.100	0.100	0.000761	0.100	0.100	0.120	0.100	0.300	0.0300	0	0.00334
17	944.10	2.17568e-04	3.66	1.76	0.102	0.0322	0.100	0.305	0.100	0.100	0.000749	0.100	0.100	0.120	0.100	0.300	0.0300	0	0.00326
18	947.65	2.14162e-04	3.66	1.76	0.102	0.0321	0.100	0.305	0.100	0.100	0.000828	0.100	0.100	0.120	0.100	0.300	0.0300	0	0.00337
19	951.21	2.1093e-04	3.66	1.76	0.102	0.0320	0.100	0.305	0.100	0.100	0.000967	0.100	0.100	0.120	0.100	0.300	0.0300	0	0.00353
20	954.76	2.08357e-04	3.66	1.76	0.102	0.0318	0.100	0.305	0.100	0.100	0.00117	0.100	0.100	0.120	0.100	0.300	0.0300	0	0.00331
21	958.31	2.05842e-04	3.66	1.76	0.102	0.0317	0.100	0.305	0.100	0.100	0.00146	0.100	0.100	0.120	0.100	0.300	0.0300	0	0.00307
22	961.86	2.02519e-04	3.66	1.76	0.102	0.0316	0.100	0.305	0.100	0.100	0.00178	0.100	0.100	0.120	0.100	0.300	0.0300	0	0.00313
23	965.41	1.98342e-04	3.66	1.76	0.102	0.0315	0.100	0.305	0.100	0.100	0.00215	0.100	0.100	0.120	0.100	0.300	0.0300	0	0.00298
24	968.95	1.94477e-04	3.66	1.76	0.102	0.0314	0.100	0.305	0.100	0.100	0.00243	0.100	0.100	0.120	0.100	0.300	0.0300	0	0.00325
25	972.49	1.91523e-04	3.66	1.76	0.102	0.0313	0.100	0.305	0.100	0.100	0.00270	0.100	0.100	0.120	0.100	0.300	0.0300	0	0.00297
26	976.03	1.88391e-04	3.66	1.76	0.102	0.0311	0.100	0.305	0.100	0.100	0.00291	0.100	0.100	0.120	0.100	0.300	0.0300	0	0.00324
27	979.57	1.84522e-04	3.66	1.76	0.102	0.0310	0.100	0.305	0.100	0.100	0.00309	0.100	0.100	0.120	0.100	0.300	0.0300	0	0.00292
28	983.10	1.80766e-04	3.66	1.76	0.102	0.0309	0.100	0.305	0.100	0.100	0.00322	0.100	0.100	0.120	0.100	0.300	0.0300	0	0.00318
29	986.63	1.77647e-04	3.66	1.76	0.102	0.0308	0.100	0.305	0.100	0.100	0.00334	0.100	0.100	0.120	0.100	0.300	0.0300	0	0.00313
30	990.16	1.75253e-04	3.66	1.76	0.102	0.0307	0.100	0.305	0.100	0.100	0.00345	0.100	0.100	0.120	0.100	0.300	0.0300	0	0.00322
31	993.68	1.72901e-04	3.66	1.76	0.102	0.0306	0.100	0.305	0.100	0.100	0.00357	0.100	0.100	0.120	0.100	0.300	0.0300	0	0.00306
32	997.21	1.69983e-04	3.66	1.76	0.102	0.0305	0.100	0.305	0.100	0.100	0.00368	0.100	0.100	0.120	0.100	0.300	0.0300	0	0.00301
33	1000.73	1.67081e-04	3.63	1.74	0.102	0.0304	0.100	0.305	0.100	0.100	0.00380	0.100	0.100	0.120	0.100	0.300	0.0300	0	0.00303
34	1004.24	1.64827e-04	3.49	1.67	0.102	0.0303	0.100	0.305	0.100	0.100	0.00391	0.100	0.100	0.120	0.100	0.300	0.0300	0	0.00288
35	1007.76	1.63484e-04	3.35	1.59	0.102	0.0302	0.100	0.305	0.100	0.100	0.00402	0.100	0.100	0.120	0.100	0.300	0.0300	0	0.00295
36	1011.27	1.6222e-04	3.26	1.54	0.102	0.0301	0.100	0.305	0.100	0.100	0.00412	0.100	0.100	0.120	0.100	0.300	0.0300	0	0.00278
37	1014.78	1.60431e-04	3.26	1.54	0.102	0.0300	0.100	0.305	0.100	0.100	0.00421	0.100	0.100	0.120	0.100	0.300	0.0300	0	0.00273
38	1018.29	1.58397e-04	3.26	1.54	0.102	0.0299	0.100	0.305	0.100	0.100	0.00429	0.100	0.100	0.120	0.100	0.300	0.0300	0	0.00291
39	1021.79	1.56714e-04	3.26	1.54	0.102	0.0298	0.100	0.305	0.100	0.100	0.00436	0.100	0.100	0.120	0.100	0.300	0.0300	0	0.00294
40	1025.29	1.55697e-04	3.26	1.54	0.102	0.0297	0.100	0.305	0.100	0.100	0.00441	0.100	0.100	0.120	0.100	0.300	0.0300	0	0.00304
41	1028.79	1.55042e-04	3.26	1.54	0.102	0.0295	0.100	0.305	0.100	0.100	0.00447	0.100	0.100	0.120	0.100	0.300	0.0300	0	0.00272
42	1032.28	1.54186e-04	3.26	1.54	0.102	0.0294	0.100	0.305	0.100	0.100	0.00452	0.100	0.100	0.120	0.100	0.300	0.0300	0	0.00280
43	1035.78	1.53024e-04	3.26	1.54	0.102	0.0293	0.100	0.305	0.100	0.100	0.00461	0.100	0.100	0.120	0.100	0.300	0.0300	0	0.00283
44	1039.27	1.51552e-04	3.26	1.54	0.102	0.0293	0.100	0.305	0.100	0.100	0.00471	0.100	0.100	0.120	0.100	0.300	0.0300	0	0.00263
45	1042.75	1.50742e-04	3.26	1.54	0.102	0.0292	0.100	0.305	0.100	0.100	0.00483	0.100	0.100	0.120	0.100	0.300	0.0300	0	0.00284
46	1046.24	1.50481e-04	3.26	1.54	0.102	0.0291	0.100	0.305	0.100	0.100	0.00497	0.100	0.100	0.120	0.100	0.300	0.0300	0	0.00319
47	1049.72	1.50518e-04	3.26	1.54	0.102	0.0290	0.100	0.305	0.100	0.100	0.00512	0.100	0.100	0.120	0.100	0.300	0.0300	0	0.00285
48	1053.19	1.50277e-04	3.26	1.54	0.102	0.0289	0.100	0.305	0.100	0.100	0.00529	0.100	0.100	0.120	0.100	0.300	0.0300	0	0.00295
49	1056.67	1.49864e-04	3.26	1.54	0.102	0.0288	0.100	0.305	0.100	0.100	0.00543	0.100	0.100	0.120	0.100	0.300	0.0300	0	0.00276
50	1060.14	1.49335e-04	3.26	1.54	0.102	0.0287	0.100	0.305	0.100	0.100	0.00555	0.100	0.100	0.120	0.100	0.300	0.0300	0	0.00296
51	1063.61	1.48979e-04	3.26	1.54	0.102	0.0286	0.100	0.305	0.100	0.100	0.00565	0.100	0.100	0.120	0.100	0.300	0.0300	0	0.00263
52	1067.08	1.49055e-04	3.26	1.54	0.102	0.0285	0.100	0.305	0.100	0.100	0.00573	0.100	0.100	0.120	0.100	0.300	0.0300	0	0.00281
53	1070.54	1.49162e-04	3.26	1.54	0.102	0.0284	0.100	0.305	0.100	0.100	0.00579	0.100	0.100	0.120	0.100	0.300	0.0300	0	0.00265
54	1074.00	1.49373e-04	3.26	1.54	0.102	0.0283	0.100	0.305	0.100	0.100	0.00584	0.100	0.100	0.120	0.100	0.300	0.0300	0	0.00301
55	1077.45	1.49124e-04	3.26	1.54	0.102	0.0282	0.100	0.305	0.100	0.100	0.00588	0.100	0.100	0.120	0.100	0.300	0.0300	0	0.00273
56	1080.91	1.487e-04	3.26	1.54	0.102	0.0281	0.100	0.305	0.100	0.100	0.00592	0.100	0.100	0.120	0.100	0.300	0.0300	0	0.00301
57	1084.36	1.48199e-04	3.26	1.54	0.102	0.0280	0.100	0.305	0.100	0.100	0.00596	0.100	0.100	0.120	0.100	0.300	0.0300	0	0.00294
58	1087.81	1.48069e-04	3.26	1.54	0.102	0.0279	0.100	0.305	0.100	0.100	0.00600	0.100	0.100	0.120	0.100	0.300	0.0300	0	0.00282
59	1091.25	1.48252e-04	3.24	1.53	0.102	0.0279	0.100	0.305	0.100	0.100	0.00603	0.100	0.100	0.120	0.100	0.300	0.0300	0	0.00299
60	1094.69	1.48375e-04	3.18	1.50	0.102	0.0278	0.100	0.305	0.100	0.100	0.00607	0.100	0.100	0.120	0.100	0.300	0.0300	0	0.00285
61	1098.13	1.48214e-04	3.12	1.47	0.102	0.0277	0.100	0.305	0.100	0.100	0.00613	0.100	0.100	0.120	0.100	0.300	0.0300	0	0.00279
62	1101.56	1.47662e-04	3.09	1.46	0.102	0.0276	0.100	0.305	0.100	0.100	0.00620	0.100	0.100	0.120	0.100	0.300	0.0300	0	0.00301
63	1104.99	1.46779e-04	3.09	1.46	0.102	0.0275	0.100	0.305	0.100	0.100	0.00630	0.100	0.100	0.120	0.100	0.300	0.0300	0	0.00262
64	1108.42	1.45799e-04	3.09	1.46	0.102	0.0274	0.100	0.305	0.100	0.100	0.00643	0.100	0.100	0.120	0.100	0.300	0.0300	0	0.00308
65	1111.85	1.4496e-04	3.09	1.46	0.102	0.0273	0.100	0.305	0.100	0.100	0.00656	0.100	0.100	0.120	0.100	0.300	0.0300	0	0.00282
66	1115.27	1.4403e-04	3.09	1.46	0.102	0.0273	0.100	0.305	0.100	0.100	0.00675	0.100	0.100	0.120	0.100	0.300	0.0300	0	0.00300
67	1118.69	1.42897e-04	3.09	1.46	0.102	0.0272	0.100	0.305	0.100	0.100	0.00692	0.100	0.100	0.120	0.100	0.300	0.0300	0	0.00281
68	1122.10	1.41285e-04	3.09	1.46	0.102	0.0271	0.100	0.305	0.100	0.100	0.00708	0.100	0.100	0.120	0.100	0.300	0.0300	0	0.00264
69	1125.51	1.39439e-04	3.09	1.46	0.102	0.0270	0.100	0.305	0.100	0.100	0.00721	0.100	0.100	0.120	0.100	0.300	0.0300	0	0.00262
70	1128.92	1.37234e-04	3.09	1.46	0.102	0.0269	0.100	0.305	0.100	0.100	0.00732	0.100	0.100	0.120	0.100	0.300	0.0300	0	0.00284
71	1132.32	1.35509e-04	3.09	1.46	0.102	0.0268	0.100	0.305	0.100	0.100	0.00741	0.100	0.100	0.120	0.100	0.300	0.0300	0	0.00253
72	1135.73	1.34053e-04	3.09	1.46	0.102	0.0268	0.100	0.305	0.100	0.100	0.00747	0.100	0.100	0.120	0.100	0.300	0.0300	0	0.00259
73	1139.12	1.3295e-04	3.09	1.46	0.102	0.0267	0.100	0.305	0.100	0.100	0.00751	0.100	0.100	0.120	0.100	0.300	0.0300	0	0.00253
74	1142.52	1.32015e-04	3.08	1.45	0.102	0.0266	0.100	0.305	0.100	0.100	0.00756	0.100	0.100	0.120	0.100	0.300	0.0300	0	0.00256
75	1145.91	1.31189e-04	3.08	1.45	0.102	0.0265	0.100	0.305	0.100	0.100	0.00761	0.100	0.100	0.120	0.100	0.300	0.0300	0	0.00256
76	1149.30	1.30189e-04	3.07	1.45	0.102	0.0265	0.100	0.305	0.100	0.100	0.00768	0.100	0.100	0.120	0.100	0.300	0.0300	0	0.00286
77	1152.68	1.29397e-04	3.07	1.44	0.102	0.0264	0.100	0.305	0.100	0.100	0.00775	0.100	0.100	0.120	0.100	0.300	0.0300	0	0.00274
78	1156.06	1.28621e-04	3.07	1.44	0.102	0.0263	0.100	0.305	0.100	0.100	0.00783	0.100	0.100	0.120	0.100	0.300	0.0300	0	0.00266
79	1159.44	1.2821e-04	3.07	1.44	0.102	0.0262	0.100	0.305	0.100	0.100	0.00792	0.100	0.100	0.120	0.100	0.300	0.0300	0	0.00288
80	1162.81	1.28235e-04	3.07	1.44	0.102	0.0261	0.100	0.305	0.100	0.100	0.00801	0.100	0.100	0.120	0.100	0.300	0.0300	0	0.00246
81	1166.18	1.28299e-04	3.07	1.44	0.102	0.0261	0.100	0.305	0.100	0.100	0.00810	0.100	0.100	0.120	0.100	0.300	0.0300	0	0.00285
82	1169.55	1.28518e-04	3.07	1.44	0.102	0.0260	0.100	0.305	0.100	0.100	0.00816	0.100	0.100	0.120	0.100	0.300	0.0300	0	0.00258
83	1172.91	1.28508e-04	3.07	1.44	0.102	0.0259	0.100	0.305	0.100	0.100	0.00820	0.100	0.100	0.120	0.100	0.300	0.0300	0	0.00285
84	1176.27	1.28334e-04	3.07	1.44	0.102	0.0258	0.100	0.305	0.100	0.100	0.00822	0.100	0.100	0.120	0.100	0.300	0.0300	0	0.00268
85	1179.63	1.28002e-04	3.07	1.44	0.102	0.0258	0.100	0.305	0.100	0.100	0.00823	0.100	0.100	0.120	0.100	0.300	0.0300	0	0.00277
86	1182.98	1.27386e-04	3.07	1.44	0.102	0.0257	0.100	0.305	0.100	0.100	0.00822	0.100	0.100	0.120	0.100	0.300	0.0300	0	0.00265
87	1186.33	1.26986e-04	3.07	1.44	0.102	0.0256	0.100	0.305	0.100	0.100	0.00819	0.100	0.100	0.120	0.100	0.300	0.0300	0	0.00268
88	1189.67	1.26345e-04	3.07	1.44	0.102	0.0256	0.100	0.305	0.100	0.100	0.00816	0.100	0.100	0.120	0.100	0.300	0.0300	0	0.00264
89	1193.01	1.25692e-04	3.07	1.44	0.102	0.0255	0.100	0.305	0.100	0.100	0.00812	0.100	0.100	0.120	0.100	0.300	0.0300	0	0.00270
90	1196.35	1.24796e-04	3.07	1.44	0.102	0.0254	0.100	0.305	0.100	0.100	0.00807	0.100	0.100	0.120	0.100	0.300	0.0300	0	0.00265
91	1199.69	1.23764e-04	3.07	1.44	0.102	0.0253	0.100	0.305	0.100	0.100	0.00802	0.100	0.100	0.120	0.100	0.300	0.0300	0	0.00292
92	1203.02	1.22651e-04	3.07	1.44	0.102	0.0253	0.100	0.305	0.100	0.100	0.00795	0.100	0.100	0.120	0.100	0.300	0.0300	0	0.00290
93	1206.34	1.21444e-04	3.07	1.44	0.102	0.0252	0.100	0.305	0.100	0.100	0.00789	0.100	0.100	0.120	0.100	0.300	0.0300	0	0.00264
94	1209.67	1.20355e-04	3.07	1.44	0.102	0.0251	0.100	0.305	0.100	0.100	0.00785	0.100	0.100	0.120	0.100	0.300	0.0300	0	0.00272
95	1212.98	1.19566e-04	3.07	1.44	0.102	0.0251	0.100	0.305	0.100	0.100	0.00784	0.100	0.100	0.120	0.100	0.300	0.0300	0	0.00263
96	1216.30	1.1892e-04	3.07	1.44	0.102	0.0250	0.100	0.305	0.100	0.100	0.00785	0.100	0.100	0.120	0.100	0.300	0.0300	0	0.00255
97	1219.61	1.18565e-04	3.07	1.44	0.102	0.0249	0.100	0.305	0.100	0.100	0.00790	0.100	0.100	0.120	0.100	0.300	0.0300	0	0.00272
98	1222.92	1.1828e-04	3.07	1.44	0.102	0.0249	0.100	0.305	0.100	0.100	0.00797	0.100	0.100	0.120	0.100	0.300	0.0300	0	0.00258
99	1226.22	1.1813e-04	3.07	1.44	0.102	0.0248	0.100	0.305	0.100	0.100	0.00808	0.100	0.100	0.120	0.100	0.300	0.0300	0	0.00288
100	1229.52	1.17838e-04	3.07	1.44	0.102	0.0247	0.100	0.305	0.100	0.100	0.00820	0.100	0.100	0.120	0.100	0.300	0.0300	0	0.00252
101	1232.82	1.17597e-04	3.07	1.44	0.102	0.0247	0.100	0.305	0.100	0.100	0.00829	0.100	0.100	0.120	0.100	0.300	0.0300	0	0.00251
102	1236.11	1.17312e-04	3.07	1.44	0.102	0.0246	0.100	0.305	0.100	0.100	0.00839	0.100	0.100	0.120	0.100	0.300	0.0300	0	0.00285
103	1239.40	1.17051e-04	3.07	1.44	0.102	0.0245	0.100	0.305	0.100	0.100	0.00846	0.100	0.100	0.120	0.100	0.300	0.0300	0	0.00281
104	1242.68	1.16998e-04	3.07	1.44	0.102	0.0245	0.100	0.305	0.100	0.100	0.00851	0.100	0.100	0.120	0.100	0.300	0.0300	0	0.00255
105	1245.96	1.16896e-04	3.07	1.44	0.102	0.0244	0.100	0.305	0.100	0.100	0.00855	0.100	0.100	0.120	0.100	0.300	0.0300	0	0.00253
106	1249.24	1.16801e-04	3.07	1.44	0.102	0.0243	0.100	0.305	0.100	0.100	0.00857	0.100	0.100	0.120	0.100	0.300	0.0300	0	0.00288
107	1252.51	1.16639e-04	3.07	1.44	0.102	0.0243	0.100	0.305	0.100	0.100	0.00859	0.100	0.100	0.120	0.100	0.300	0.0300	0	0.00264
108	1255.78	1.16324e-04	3.07	1.44	0.102	0.0242	0.100	0.305	0.100	0.100	0.00861	0.100	0.100	0.120	0.100	0.300	0.0300	0	0.00280
109	1259.05	1.15852e-04	3.07	1.44	0.102	0.0241	0.100	0.305	0.100	0.100	0.00865	0.100	0.100	0.120	0.100	0.300	0.0300	0	0.00250
110	1262.31	1.15206e-04	3.07	1.44	0.102	0.0241	0.100	0.305	0.100	0.100	0.00870	0.100	0.100	0.120	0.100	0.300	0.0300	0	0.00281
111	1265.56	1.1452e-04	3.07	1.44	0.102	0.0240	0.100	0.305	0.100	0.100	0.00876	0.100	0.100	0.120	0.100	0.300	0.0300	0	0.00278
112	1268.82	1.1367e-04	3.07	1.44	0.102	0.0240	0.100	0.305	0.100	0.100	0.00883	0.100	0.100	0.120	0.100	0.300	0.0300	0	0.00254
113	1272.07	1.12854e-04	3.07	1.44	0.102	0.0239	0.100	0.305	0.100	0.100	0.00892	0.100	0.100	0.120	0.100	0.300	0.0300	0	0.00249
114	1275.31	1.12031e-04	3.07	1.44	0.102	0.0238	0.100	0.305	0.100	0.100	0.00901	0.100	0.100	0.120	0.100	0.300	0.0300	0	0.00254
115	1278.55	1.11218e-04	3.07	1.44	0.102	0.0238	0.100	0.305	0.100	0.100	0.00908	0.100	0.100	0.120	0.100	0.300	0.0300	0	0.00254
116	1281.79	1.10334e-04	3.07	1.44	0.102	0.0237	0.100	0.305	0.100	0.100	0.00915	0.100	0.100	0.120	0.100	0.300	0.0300	0	0.00274
117	1285.02	1.0937e-04	3.07	1.44	0.102	0.0237	0.100	0.305	0.100	0.100	0.00922	0.100	0.100	0.120	0.100	0.300	0.0300	0	0.00250
118	1288.25	1.08589e-04	3.07	1.44	0.102	0.0236	0.100	0.305	0.100	0.100	0.00928	0.100	0.100	0.120	0.100	0.300	0.0300	0	0.00250
119	1291.47	1.07948e-04	3.07	1.44	0.102	0.0235	0.100	0.305	0.100	0.100	0.00933	0.100	0.100	0.120	0.100	0.300	0.0300	0	0.00245
120	1294.69	1.07562e-04	3.07	1.44	0.102	0.0235	0.100	0.305	0.100	0.100	0.00937	0.100	0.100	0.120	0.100	0.300	0.0300	0	0.00273
121	1297.91	1.07401e-04	3.07	1.44	0.102	0.0234	0.100	0.305	0.100	0.100	0.00940	0.100	0.100	0.120	0.100	0.300	0.0300	0	0.00255
122	1301.12	1.07363e-04	3.07	1.44	0.102	0.0234	0.100	0.305	0.100	0.100	0.00942	0.100	0.100	0.120	0.100	0.300	0.0300	0	0.00265
123	1304.33	1.07379e-04	3.07	1.44	0.102	0.0233	0.100	0.305	0.100	0.100	0.00944	0.100	0.100	0.120	0.100	0.300	0.0300	0	0.00245
124	1307.53	1.07455e-04	3.07	1.44	0.102	0.0232	0.100	0.305	0.100	0.100	0.00945	0.100	0.100	0.120	0.100	0.300	0.0300	0	0.00272
125	1310.73	1.07527e-04	3.07	1.44	0.102	0.0232	0.100	0.305	0.100	0.100	0.00945	0.100	0.100	0.120	0.100	0.300	0.0300	0	0.00248
126	1313.93	1.07723e-04	3.07	1.44	0.102	0.0231	0.100	0.305	0.100	0.100	0.00944	0.100	0.100	0.120	0.100	0.300	0.0300	0	0.00274
127	1317.12	1.07838e-04	3.07	1.44	0.102	0.0231	0.100	0.305	0.100	0.100	0.00943	0.100	0.100	0.120	0.100	0.300	0.0300	0	0.00282
128	1320.31	1.07812e-04	3.07	1.44	0.102	0.0230	0.100	0.305	0.100	0.100	0.00946	0.100	0.100	0.120	0.100	0.300	0.0300	0	0.00265
129	1323.49	1.07703e-04	3.07	1.44	0.102	0.0230	0.100	0.305	0.100	0.100	0.00953	0.100	0.100	0.120	0.100	0.300	0.0300	0	0.00267
130	1326.67	1.07589e-04	3.07	1.44	0.102	0.0229	0.100	0.305	0.100	0.100	0.00965	0.100	0.100	0.120	0.100	0.300	0.0300	0	0.00291
131	1329.84	1.07424e-04	3.07	1.44	0.102	0.0229	0.100	0.305	0.100	0.100	0.00981	0.100	0.100	0.120	0.100	0.300	0.0300	0	0.00262
132	1333.01	1.07179e-04	3.07	1.44	0.102	0.0228	0.100	0.305	0.100	0.100	0.0100	0.100	0.100	0.120	0.100	0.300	0.0300	0	0.00275
133	1336.18	1.06863e-04	3.07	1.44	0.102	0.0228	0.100	0.305	0.100	0.100	0.0103	0.100	0.100	0.120	0.100	0.300	0.0300	0	0.00275
134	1339.34	1.0664e-04	3.07	1.44	0.102	0.0227	0.100	0.305	0.100	0.100	0.0106	0.100	0.100	0.120	0.100	0.300	0.0300	0	0.00260
135	1342.50	1.0664e-04	3.07	1.44	0.102	0.0226	0.100	0.305	0.100	0.100	0.0109	0.100	0.100	0.120	0.100	0.300	0.0300	0	0.00268
136	1345.65	1.0658e-04	3.07	1.44	0.102	0.0226	0.100	0.305	0.100	0.100	0.0111	0.100	0.100	0.120	0.100	0.300	0.0300	0	0.00287
137	1348.80	1.06971e-04	3.07	1.44	0.102	0.0225	0.100	0.305	0.100	0.100	0.0113	0.100	0.100	0.120	0.100	0.300	0.0300	0	0.00256
138	1351.94	1.07499e-04	3.07	1.44	0.102	0.0225	0.100	0.305	0.100	0.100	0.0114	0.100	0.100	0.120	0.100	0.300	0.0300	0	0.00272
139	1355.08	1.08211e-04	3.07	1.44	0.102	0.0224	0.100	0.305	0.100	0.100	0.0114	0.100	0.100	0.120	0.100	0.300	0.0300	0	0.00264
140	1358.22	1.08994e-04	3.07	1.44	0.102	0.0224	0.100	0.305	0.100	0.100	0.0114	0.100	0.100	0.120	0.100	0.300	0.0300	0	0.00263
141	1361.35	1.09407e-04	3.07	1.44	0.102	0.0223	0.100	0.305	0.100	0.100	0.0113	0.100	0.100	0.120	0.100	0.300	0.0300	0	0.00266
142	1364.47	1.0921e-04	3.07	1.44	0.102	0.0223	0.100	0.305	0.100	0.100	0.0112	0.100	0.100	0.120	0.100	0.300	0.0300	0	0.00268
143	1367.59	1.08599e-04	3.07	1.44	0.102	0.0222	0.100	0.305	0.100	0.100	0.0111	0.100	0.100	0.120	0.100	0.300	0.0300	0	0.00267
144	1370.71	1.08225e-04	3.07	1.44	0.102	0.0222	0.100	0.305	0.100	0.100	0.0110	0.100	0.100	0.120	0.100	0.300	0.0300	0	0.00277
145	1373.83	1.08411e-04	3.07	1.44	0.102	0.0221	0.100	0.305	0.100	0.100	0.0109	0.100	0.100	0.120	0.100	0.300	0.0300	0	0.00257
146	1376.93	1.09791e-04	3.07	1.44	0.102	0.0221	0.100	0.305	0.100	0.100	0.0108	0.100	0.100	0.120	0.100	0.300	0.0300	0	0.00286
147	1380.04	1.11853e-04	3.07	1.44	0.102	0.0220	0.100	0.305	0.100	0.100	0.0107	0.100	0.100	0.120	0.100	0.300	0.0300	0	0.00279
148	1383.14	1.13017e-04	3.07	1.44	0.102	0.0220	0.100	0.305	0.100	0.100	0.0106	0.100	0.100	0.120	0.100	0.300	0.0300	0	0.00263
149	1386.23	1.12885e-04	3.07	1.44	0.102	0.0219	0.100	0.305	0.100	0.100	0.0105	0.100	0.100	0.120	0.100	0.300	0.0300	0	0.00272
150	1389.33	1.129e-04	3.07	1.44	0.102	0.0219	0.100	0.305	0.100	0.100	0.0104	0.100	0.100	0.120	0.100	0.300	0.0300	0	0.00283
151	1392.41	1.13543e-04	3.08	1.45	0.102	0.0218	0.100	0.305	0.100	0.100	0.0103	0.100	0.100	0.120	0.100	0.300	0.0300	0	0.00284
152	1395.49	1.14255e-04	3.10	1.46	0.102	0.0218	0.100	0.305	0.100	0.100	0.0103	0.100	0.100	0.120	0.100	0.300	0.0300	0	0.00293
153	1398.57	1.14728e-04	3.12	1.47	0.102	0.0217	0.100	0.305	0.100	0.100	0.0102	0.100	0.100	0.120	0.100	0.300	0.0300	0	0.00274
154	1401.64	1.14822e-04	3.13	1.48	0.102	0.0217	0.100	0.305	0.100	0.100	0.0102	0.100	0.100	0.120	0.100	0.300	0.0300	0	0.00325
155	1404.71	1.14923e-04	3.13	1.48	0.102	0.0216	0.100	0.305	0.100	0.100	0.0102	0.100	0.100	0.120	0.100	0.300	0.0300	0	0.00305
156	1407.78	1.14692e-04	3.13	1.48	0.102	0.0216	0.100	0.305	0.100	0.100	0.0101	0.100	0.100	0.120	0.100	0.300	0.0300	0	0.00290
157	1410.84	1.14264e-04	3.14	1.48	0.102	0.0215	0.100	0.305	0.100	0.100	0.0101	0.100	0.100	0.120	0.100	0.300	0.0300	0	0.00276
158	1413.89	1.13806e-04	3.14	1.48	0.102	0.0215	0.100	0.305	0.100	0.100	0.0101	0.100	0.100	0.120	0.100	0.300	0.0300	0	0.00321
159	1416.94	1.13417e-04	3.14	1.48	0.102	0.0215	0.100	0.305	0.100	0.100	0.0101	0.100	0.100	0.120	0.100	0.300	0.0300	0	0.00303
160	1419.99	1.12999e-04	3.14	1.48	0.102	0.0214	0.100	0.305	0.100	0.100	0.0100	0.100	0.100	0.120	0.100	0.300	0.0300	0	0.00296
161	1423.03	1.12714e-04	3.14	1.48	0.102	0.0214	0.100	0.305	0.100	0.100	0.00999	0.100	0.100	0.120	0.100	0.300	0.0300	0	0.00281
162	1426.06	1.12442e-04	3.14	1.48	0.102	0.0213	0.100	0.305	0.100	0.100	0.00996	0.100	0.100	0.120	0.100	0.300	0.0300	0	0.00310
163	1429.10	1.12223e-04	3.14	1.48	0.102	0.0213	0.100	0.305	0.100	0.100	0.00992	0.100	0.100	0.120	0.100	0.300	0.0300	0	0.00292
164	1432.12	1.12048e-04	3.14	1.48	0.102	0.0212	0.100	0.305	0.100	0.100	0.00990	0.100	0.100	0.120	0.100	0.300	0.0300	0	0.00309
165	1435.14	1.1183e-04	3.14	1.48	0.102	0.0212	0.100	0.305	0.100	0.100	0.00990	0.100	0.100	0.120	0.100	0.300	0.0300	0	0.00277
166	1438.16	1.11572e-04	3.14	1.48	0.102	0.0211	0.100	0.305	0.100	0.100	0.00991	0.100	0.100	0.120	0.100	0.300	0.0300	0	0.00311
167	1441.18	1.11275e-04	3.13	1.48	0.102	0.0211	0.100	0.305	0.100	0.100	0.00993	0.100	0.100	0.120	0.100	0.300	0.0300	0	0.00284
168	1444.18	1.11045e-04	3.11	1.47	0.102	0.0210	0.100	0.305	0.100	0.100	0.00997	0.100	0.100	0.120	0.100	0.300	0.0300	0	0.00291
169	1447.19	1.10731e-04	3.09	1.45	0.102	0.0210	0.100	0.305	0.100	0.100	0.0100	0.100	0.100	0.120	0.100	0.300	0.0300	0	0.00269
170	1450.19	1.10395e-04	3.07	1.45	0.102	0.0210	0.100	0.305	0.100	0.100	0.0101	0.100	0.100	0.120	0.100	0.300	0.0300	0	0.00286
171	1453.18	1.10264e-04	3.11	1.46	0.102	0.0209	0.100	0.305	0.100	0.100	0.0101	0.100	0.100	0.120	0.100	0.300	0.0300	0	0.00309
172	1456.17	1.10424e-04	3.14	1.48	0.102	0.0209	0.100	0.305	0.100	0.100	0.0102	0.100	0.100	0.120	0.100	0.300	0.0300	0	0.00289
173	1459.16	1.10563e-04	3.17	1.50	0.102	0.0208	0.100	0.305	0.100	0.100	0.0102	0.100	0.100	0.120	0.100	0.300	0.0300	0	0.00316
174	1462.14	1.10818e-04	3.19	1.51	0.102	0.0208	0.100	0.305	0.100	0.100	0.0103	0.100	0.100	0.120	0.100	0.300	0.0300	0	0.00293
175	1465.11	1.11175e-04	3.19	1.51	0.102	0.0207	0.100	0.305	0.100	0.100	0.0103	0.100	0.100	0.120	0.100	0.300	0.0300	0	0.00290
176	1468.08	1.11662e-04	3.19	1.51	0.102	0.0207	0.100	0.305	0.100	0.100	0.0103	0.100	0.100	0.120	0.100	0.300	0.0300	0	0.00322
177	1471.05	1.12021e-04	3.19	1.51	0.102	0.0207	0.100	0.305	0.100	0.100	0.0103	0.100	0.100	0.120	0.100	0.300	0.0300	0	0.00302
178	1474.01	1.12396e-04	3.19	1.51	0.102	0.0206	0.100	0.305	0.100	0.100	0.0103	0.100	0.100	0.120	0.100	0.300	0.0300	0	0.00296
179	1476.97	1.12839e-04	3.19	1.51	0.102	0.0206	0.100	0.305	0.100	0.100	0.0103	0.100	0.100	0.120	0.100	0.300	0.0300	0	0.00315
180	1479.92	1.13333e-04	3.19	1.51	0.102	0.0205	0.100	0.305	0.100	0.100	0.0103	0.100	0.100	0.120	0.100	0.300	0.0300	0	0.00307
181	1482.86	1.13559e-04	3.19	1.51	0.102	0.0205	0.100	0.305	0.100	0.100	0.0103	0.100	0.100	0.120	0.100	0.300	0.0300	0	0.00297
182	1485.81	1.13895e-04	3.19	1.51	0.102	0.0205	0.100	0.305	0.100	0.100	0.0103	0.100	0.100	0.120	0.100	0.300	0.0300	0	0.00281
183	1488.74	1.14258e-04	3.19	1.51	0.102	0.0204	0.100	0.305	0.100	0.100	0.0103	0.100	0.100	0.120	0.100	0.300	0.0300	0	0.00327
184	1491.68	1.14728e-04	3.18	1.50	0.102	0.0204	0.100	0.305	0.100	0.100	0.0103	0.100	0.100	0.120	0.100	0.300	0.0300	0	0.00326
185	1494.60	1.15227e-04	3.17	1.50	0.102	0.0203	0.100	0.305	0.100	0.100	0.0104	0.100	0.100	0.120	0.100	0.300	0.0300	0	0.00297
186	1497.53	1.15688e-04	3.16	1.49	0.102	0.0203	0.100	0.305	0.100	0.100	0.0104	0.100	0.100	0.120	0.100	0.300	0.0300	0	0.00334
187	1500.44	1.16278e-04	3.16	1.49	0.102	0.0203	0.100	0.305	0.100	0.100	0.0105	0.100	0.100	0.120	0.100	0.300	0.0300	0	0.00282
188	1503.36	1.16818e-04	3.16	1.49	0.102	0.0202	0.100	0.305	0.100	0.100	0.0105	0.100	0.100	0.120	0.100	0.300	0.0300	0	0.00319
189	1506.27	1.17484e-04	3.16	1.49	0.102	0.0202	0.100	0.305	0.100	0.100	0.0105	0.100	0.100	0.120	0.100	0.300	0.0300	0	0.00310
190	1509.17	1.18078e-04	3.16	1.49	0.102	0.0201	0.100	0.305	0.100	0.100	0.0106	0.100	0.100	0.120	0.100	0.300	0.0300	0	0.00325
191	1512.07	1.18697e-04	3.16	1.49	0.102	0.0201	0.100	0.305	0.100	0.100	0.0106	0.100	0.100	0.120	0.100	0.300	0.0300	0	0.00340
192	1514.96	1.19237e-04	3.16	1.49	0.102	0.0201	0.100	0.305	0.100	0.100	0.0106	0.100	0.100	0.120	0.100	0.300	0.0300	0	0.00296
193	1517.85	1.19875e-04	3.16	1.49	0.102	0.0200	0.100	0.305	0.100	0.100	0.0107	0.100	0.100	0.120	0.100	0.300	0.0300	0	0.00338
194	1520.73	1.20357e-04	3.16	1.49	0.102	0.0200	0.100	0.305	0.100	0.100	0.0107	0.100	0.100	0.120	0.100	0.300	0.0300	0	0.00344
195	1523.61	1.20864e-04	3.16	1.49	0.102	0.0200	0.100	0.305	0.100	0.100	0.0107	0.100	0.100	0.120	0.100	0.300	0.0300	0	0.00315
196	1526.49	1.2135e-04	3.16	1.49	0.102	0.0199	0.100	0.305	0.100	0.100	0.0108	0.100	0.100	0.120	0.100	0.300	0.0300	0	0.00349
197	1529.36	1.2186e-04	3.16	1.49	0.102	0.0199	0.100	0.305	0.100	0.100	0.0108	0.100	0.100	0.120	0.100	0.300	0.0300	0	0.00336
198	1532.22	1.22293e-04	3.16	1.49	0.102	0.0198	0.100	0.305	0.100	0.100	0.0108	0.100	0.100	0.120	0.100	0.300	0.0300	0	0.00297
199	1535.08	1.22919e-04	3.16	1.49	0.102	0.0198	0.100	0.305	0.100	0.100	0.0108	0.100	0.100	0.120	0.100	0.300	0.0300	0	0.00329
200	1537.93	1.23438e-04	3.16	1.49	0.102	0.0198	0.100	0.305	0.100	0.100	0.0108	0.100	0.100	0.120	0.100	0.300	0.0300	0	0.00319
201	1540.78	1.24029e-04	3.15	1.49	0.102	0.0197	0.100	0.305	0.100	0.100	0.0108	0.100	0.100	0.120	0.100	0.300	0.0300	0	0.00337
202	1543.63	1.24676e-04	3.13	1.48	0.102	0.0197	0.100	0.305	0.100	0.100	0.0108	0.100	0.100	0.120	0.100	0.300	0.0300	0	0.00337
203	1546.47	1.25364e-04	3.11	1.47	0.102	0.0197	0.100	0.305	0.100	0.100	0.0108	0.100	0.100	0.120	0.100	0.300	0.0300	0	0.00328
204	1549.30	1.26124e-04	3.09	1.46	0.102	0.0196	0.100	0.305	0.100	0.100	0.0108	0.100	0.100	0.120	0.100	0.300	0.0300	0	0.00352
205	1552.13	1.26889e-04	3.09	1.46	0.102	0.0196	0.100	0.305	0.100	0.100	0.0108	0.100	0.100	0.120	0.100	0.300	0.0300	0	0.00320
206	1554.95	1.27698e-04	3.09	1.46	0.102	0.0196	0.100	0.305	0.100	0.100	0.0108	0.100	0.100	0.120	0.100	0.300	0.0300	0	0.00351
207	1557.77	1.28358e-04	3.09	1.46	0.102	0.0195	0.100	0.305	0.100	0.100	0.0108	0.100	0.100	0.120	0.100	0.300	0.0300	0	0.00330
208	1560.59	1.29043e-04	3.09	1.46	0.102	0.0195	0.100	0.305	0.100	0.100	0.0108	0.100	0.100	0.120	0.100	0.300	0.0300	0	0.00351
209	1563.40	1.29844e-04	3.09	1.46	0.102	0.0194	0.100	0.305	0.100	0.100	0.0109	0.100	0.100	0.120	0.100	0.300	0.0300	0	0.00339
210	1566.20	1.30673e-04	3.09	1.46	0.102	0.0194	0.100	0.305	0.100	0.100	0.0109	0.100	0.100	0.120	0.100	0.300	0.0300	0	0.00316
211	1569.00	1.3143e-04	3.09	1.46	0.102	0.0194	0.100	0.305	0.100	0.100	0.0109	0.100	0.100	0.120	0.100	0.300	0.0300	0	0.00323
212	1571.80	1.32269e-04	3.09	1.46	0.102	0.0193	0.100	0.305	0.100	0.100	0.0109	0.100	0.100	0.120	0.100	0.300	0.0300	0	0.00359
213	1574.59	1.33111e-04	3.09	1.46	0.102	0.0193	0.100	0.305	0.100	0.100	0.0109	0.100	0.100	0.120	0.100	0.300	0.0300	0	0.00339
214	1577.37	1.33982e-04	3.09	1.46	0.102	0.0193	0.100	0.305	0.100	0.100	0.0110	0.100	0.100	0.120	0.100	0.300	0.0300	0	0.00364
215	1580.15	1.34923e-04	3.09	1.46	0.102	0.0192	0.100	0.305	0.100	0.100	0.0110	0.100	0.100	0.120	0.100	0.300	0.0300	0	0.00358
216	1582.92	1.35893e-04	3.09	1.46	0.102	0.0192	0.100	0.305	0.100	0.100	0.0110	0.100	0.100	0.120	0.100	0.300	0.0300	0	0.00346
217	1585.69	1.36886e-04	3.09	1.46	0.102	0.0192	0.100	0.305	0.100	0.100	0.0110	0.100	0.100	0.120	0.100	0.300	0.0300	0	0.00374
218	1588.46	1.37933e-04	3.09	1.46	0.102	0.0191	0.100	0.305	0.100	0.100	0.0111	0.100	0.100	0.120	0.100	0.300	0.0300	0	0.00369
219	1591.21	1.38928e-04	3.09	1.45	0.102	0.0191	0.100	0.305	0.100	0.100	0.0111	0.100	0.100	0.120	0.100	0.300	0.0300	0	0.00340
220	1593.97	1.40151e-04	3.09	1.45	0.102	0.0191	0.100	0.305	0.100	0.100	0.0112	0.100	0.100	0.120	0.100	0.300	0.0300	0	0.00362
221	1596.72	1.41289e-04	3.08	1.45	0.102	0.0190	0.100	0.305	0.100	0.100	0.0112	0.100	0.100	0.120	0.100	0.300	0.0300	0	0.00363
222	1599.46	1.4241e-04	3.08	1.45	0.102	0.0190	0.100	0.305	0.100	0.100	0.0113	0.100	0.100	0.120	0.100	0.300	0.0300	0	0.00358
223	1602.20	1.43469e-04	3.10	1.46	0.102	0.0190	0.100	0.305	0.100	0.100	0.0114	0.100	0.100	0.120	0.100	0.300	0.0300	0	0.00336
224	1604.93	1.44738e-04	3.13	1.48	0.102	0.0189	0.100	0.305	0.100	0.100	0.0115	0.100	0.100	0.120	0.100	0.300	0.0300	0	0.00366
225	1607.66	1.45884e-04	3.16	1.49	0.102	0.0189	0.100	0.305	0.100	0.100	0.0116	0.100	0.100	0.120	0.100	0.300	0.0300	0	0.00379
226	1610.38	1.47104e-04	3.18	1.50	0.102	0.0189	0.100	0.305	0.100	0.100	0.0116	0.100	0.100	0.120	0.100	0.300	0.0300	0	0.00370
227	1613.10	1.48377e-04	3.18	1.50	0.102	0.0188	0.100	0.305	0.100	0.100	0.0117	0.100	0.100	0.120	0.100	0.300	0.0300	0	0.00385
228	1615.82	1.49568e-04	3.18	1.50	0.102	0.0188	0.100	0.305	0.100	0.100	0.0118	0.100	0.100	0.120	0.100	0.300	0.0300	0	0.00373
229	1618.52	1.50976e-04	3.18	1.50	0.102	0.0188	0.100	0.305	0.100	0.100	0.0119	0.100	0.100	0.120	0.100	0.300	0.0300	0	0.00393
230	1621.23	1.52468e-04	3.18	1.50	0.102	0.0188	0.100	0.305	0.100	0.100	0.0119	0.100	0.100	0.120	0.100	0.300	0.0300	0	0.00402
231	1623.92	1.53967e-04	3.18	1.50	0.102	0.0187	0.100	0.305	0.100	0.100	0.0120	0.100	0.100	0.120	0.100	0.300	0.0300	0	0.00396
232	1626.62	1.55689e-04	3.18	1.50	0.102	0.0187	0.100	0.305	0.100	0.100	0.0120	0.100	0.100	0.120	0.100	0.300	0.0300	0	0.00405
233	1629.30	1.57766e-04	3.18	1.50	0.102	0.0187	0.100	0.305	0.100	0.100	0.0121	0.100	0.100	0.120	0.100	0.300	0.0300	0	0.00377
234	1631.99	1.60173e-04	3.18	1.50	0.102	0.0186	0.100	0.305	0.100	0.100	0.0121	0.100	0.100	0.120	0.100	0.300	0.0300	0	0.00412
235	1634.66	1.62906e-04	3.18	1.50	0.102	0.0186	0.100	0.305	0.100	0.100	0.0122	0.100	0.100	0.120	0.100	0.300	0.0300	0	0.00411
236	1637.33	1.66158e-04	3.18	1.50	0.102	0.0186	0.100	0.305	0.100	0.100	0.0122	0.100	0.100	0.120	0.100	0.300	0.0300	0	0.00434
237	1640.00	1.70101e-04	3.18	1.50	0.102	0.0185	0.100	0.305	0.100	0.100	0.0122	0.100	0.100	0.120	0.100	0.300	0.0300	0	0.00419
238	1642.66	1.75316e-04	3.18	1.50	0.102	0.0185	0.100	0.305	0.100	0.100	0.0123	0.100	0.100	0.120	0.100	0.300	0.0300	0	0.00461
239	1645.32	1.82203e-04	3.18	1.50	0.102	0.0185	0.100	0.305	0.100	0.100	0.0123	0.100	0.100	0.120	0.100	0.300	0.0300	0	0.00469
240	1647.97	1.91742e-04	3.18	1.50	0.102	0.0184	0.100	0.305	0.100	0.100	0.0123	0.100	0.100	0.120	0.100	0.300	0.0300	0	0.00518
241	1650.62	2.05238e-04	3.18	1.50	0.102	0.0184	0.100	0.305	0.100	0.100	0.0123	0.100	0.100	0.120	0.100	0.300	0.0300	0	0.00606
242	1653.26	2.24343e-04	3.18	1.50	0.102	0.0184	0.100	0.305	0.100	0.100	0.0123	0.100	0.100	0.120	0.100	0.300	0.0300	0	0.00715
243	1655.89	2.50619e-04	3.18	1.50	0.102	0.0184	0.100	0.305	0.100	0.100	0.0123	0.100	0.100	0.120	0.100	0.300	0.0300	0	0.00856
244	1658.52	2.85151e-04	3.18	1.50	0.102	0.0183	0.100	0.305	0.100	0.100	0.0123	0.100	0.100	0.120	0.100	0.300	0.0300	0	0.0104
245	1661.15	3.30014e-04	3.18	1.50	0.102	0.0183	0.100	0.305	0.100	0.100	0.0124	0.100	0.100	0.120	0.100	0.300	0.0300	0	0.0114
246	1663.77	3.86074e-04	3.18	1.50	0.102	0.0183	0.100	0.305	0.100	0.100	0.0124	0.100	0.100	0.120	0.100	0.300	0.0300	0	0.0126
247	1666.38	4.53786e-04	3.18	1.50	0.102	0.0182	0.100	0.305	0.100	0.100	0.0124	0.100	0.100	0.120	0.100	0.300	0.0300	0	0.0130
248	1668.99	5.3199e-04	3.18	1.50	0.102	0.0182	0.100	0.305	0.100	0.100	0.0124	0.100	0.100	0.120	0.100	0.300	0.0300	0	0.0145
249	1671.60	6.23119e-04	3.18	1.50	0.102	0.0182	0.100	0.305	0.100	0.100	0.0124	0.100	0.100	0.120	0.100	0.300	0.0300	0	0.0168
250	1674.19	7.27711e-04	3.18	1.50	0.102	0.0182	0.100	0.305	0.100	0.100	0.0125	0.100	0.100	0.120	0.100	0.300	0.0300	0	0.0175
251	1676.79	8.46757e-04	3.18	1.50	0.102	0.0181	0.100	0.305	0.100	0.100	0.0124	0.100	0.100	0.120	0.100	0.300	0.0300	0	0.0212
252	1679.38	9.81711e-04	3.18	1.50	0.102	0.0181	0.100	0.305	0.100	0.100	0.0124	0.100	0.100	0.120	0.100	0.300	0.0300	0	0.0211
253	1681.96	1.13255e-03	3.18	1.50	0.102	0.0181	0.100	0.305	0.100	0.100	0.0124	0.100	0.100	0.120	0.100	0.300	0.0300	0	0.0249
254	1684.54	1.30216e-03	3.18	1.50	0.102	0.0180	0.100	0.305	0.100	0.100	0.0123	0.100	0.100	0.120	0.100	0.300	0.0300	0	0.0269
255	1687.11	1.49989e-03	3.18	1.50	0.102	0.0180	0.100	0.305	0.100	0.100	0.0122	0.100	0.100	0.120	0.100	0.300	0.0300	0	0.0357
