# hypstar_220241_radcal_L_200728.dat							
# L [mW m-2 nm-1 sr-1] = DN / inttime * 1000 * cal_coef							
# vnir_wl	vnir_cal_coef	vnir_u_sys(k=2)	vnir_u_rnd(k=2)	swir_wl	swir_cal_coef	swir_u_sys(k=2)	swir_u_rnd(k=2)
166.4	0	0	0	873.6	0.00320436649912605	0	0
166.8	0	0	0	877.2	0.00144934092793476	0	0
167.3	0	0	0	880.8	0.000836902555227888	0	0
167.7	0	0	0	884.4	0.000618972385701304	0	0
168.1	0	0	0	888.1	0.000538597762102386	0	0
168.5	0	0	0	891.7	0.00050535320622096	0	0
169	0	0	0	895.3	0.000484172740175642	0	0
169.4	0	0	0	898.9	0.000465406820789043	0	0
169.8	0	0	0	902.5	0.000444848683542042	0	0
170.3	0	0	0	906.1	0.000425825244349965	0	0
170.7	0	0	0	909.7	0.000403288336585336	0	0
171.1	0	0	0	913.3	0.00037579622705072	0	0
171.5	0	0	0	916.9	0.000343568706150284	0	0
172	0	0	0	920.5	0.000311132629762092	0	0
172.4	0	0	0	924.1	0.000285059728060193	0	0
172.8	0	0	0	927.7	0.000267645563886817	0	0
173.3	0	0	0	931.3	0.000256548326946437	0	0
173.7	0	0	0	934.9	0.000248942483590878	0	0
174.1	0	0	0	938.5	0.000242630635609571	0	0
174.6	0	0	0	942	0.000237829369877178	0	0
175	0	0	0	945.6	0.000233886932172902	0	0
175.4	0	0	0	949.2	0.000229890480768864	0	0
175.8	0	0	0	952.7	0.000225637346439403	0	0
176.3	0	0	0	956.3	0.000221447309340899	0	0
176.7	0	0	0	959.9	0.000217356543228805	0	0
177.1	0	0	0	963.4	0.000212829783738801	0	0
177.6	0	0	0	967	0.000208110684929789	0	0
178	0	0	0	970.5	0.000203400017817956	0	0
178.4	0	0	0	974.1	0.000199331668915418	0	0
178.9	0	0	0	977.6	0.000194929874408098	0	0
179.3	0	0	0	981.2	0.00019048268664369	0	0
179.7	0	0	0	984.7	0.00018619690341331	0	0
180.2	0	0	0	988.3	0.000182714320377922	0	0
180.6	0	0	0	991.8	0.00017952684041922	0	0
181	0	0	0	995.3	0.000176349488350043	0	0
181.5	0	0	0	998.9	0.000173145386406664	0	0
181.9	0	0	0	1002.4	0.000170321909572334	0	0
182.3	0	0	0	1005.9	0.000167943201547765	0	0
182.8	0	0	0	1009.4	0.000166132061344946	0	0
183.2	0	0	0	1012.9	0.000164426037421866	0	0
183.6	0	0	0	1016.4	0.000162300551061978	0	0
184.1	0	0	0	1020	0.000160589426336128	0	0
184.5	0	0	0	1023.5	0.000158744328779351	0	0
184.9	0	0	0	1027	0.000157854840757053	0	0
185.3	0	0	0	1030.5	0.000157039640007812	0	0
185.8	0	0	0	1034	0.000156011650061726	0	0
186.2	0	0	0	1037.5	0.000155009117942523	0	0
186.6	0	0	0	1040.9	0.000154191278609434	0	0
187.1	0	0	0	1044.4	0.000153417432916531	0	0
187.5	0	0	0	1047.9	0.000153133348744065	0	0
187.9	0	0	0	1051.4	0.000152882842592468	0	0
188.4	0	0	0	1054.9	0.000152106213842508	0	0
188.8	0	0	0	1058.3	0.000151363894062853	0	0
189.2	0	0	0	1061.8	0.000150496132104382	0	0
189.7	0	0	0	1065.3	0.000149460840101684	0	0
190.1	0	0	0	1068.7	0.000148474473595927	0	0
190.5	0	0	0	1072.2	0.000147396118186958	0	0
191	0	0	0	1075.7	0.000146132610321717	0	0
191.4	0	0	0	1079.1	0.000144624558921063	0	0
191.8	0	0	0	1082.6	0.000142830988375649	0	0
192.3	0	0	0	1086	0.000141093229966612	0	0
192.7	0	0	0	1089.5	0.000138988212952229	0	0
193.2	0	0	0	1092.9	0.000136956170950224	0	0
193.6	0	0	0	1096.3	0.000134805092567355	0	0
194	0	0	0	1099.8	0.000132581908011723	0	0
194.5	0	0	0	1103.2	0.000130683448159236	0	0
194.9	0	0	0	1106.6	0.000128764361325452	0	0
195.3	0	0	0	1110	0.000126981833720825	0	0
195.8	0	0	0	1113.5	0.000125367543733977	0	0
196.2	0	0	0	1116.9	0.000124229646232983	0	0
196.6	0	0	0	1120.3	0.000122961455317266	0	0
197.1	0	0	0	1123.7	0.000121885242958668	0	0
197.5	0	0	0	1127.1	0.000120438322073568	0	0
197.9	0	0	0	1130.5	0.000119705066320893	0	0
198.4	0	0	0	1133.9	0.000119184859088391	0	0
198.8	0	0	0	1137.3	0.000119175944888095	0	0
199.2	0	0	0	1140.7	0.000119487183820955	0	0
199.7	0	0	0	1144.1	0.000119825918388683	0	0
200.1	0	0	0	1147.5	0.000120435460042985	0	0
200.5	0	0	0	1150.8	0.000120674833683415	0	0
201	0	0	0	1154.2	0.000121045887853945	0	0
201.4	0	0	0	1157.6	0.000121266628766339	0	0
201.9	0	0	0	1161	0.000121293090280246	0	0
202.3	0	0	0	1164.3	0.000121579089703301	0	0
202.7	0	0	0	1167.7	0.00012181990821558	0	0
203.2	0	0	0	1171	0.00012186647194202	0	0
203.6	0	0	0	1174.4	0.000121558590752579	0	0
204	0	0	0	1177.8	0.000120868609005211	0	0
204.5	0	0	0	1181.1	0.000119993121893586	0	0
204.9	0	0	0	1184.4	0.000118802118946014	0	0
205.3	0	0	0	1187.8	0.000117550761360011	0	0
205.8	0	0	0	1191.1	0.000116193786896657	0	0
206.2	0	0	0	1194.5	0.000114700755369247	0	0
206.7	0	0	0	1197.8	0.0001134458199637	0	0
207.1	0	0	0	1201.1	0.000112247068211125	0	0
207.5	0	0	0	1204.4	0.000111160356302046	0	0
208	0	0	0	1207.8	0.000110432628962913	0	0
208.4	0	0	0	1211.1	0.000109979477143261	0	0
208.8	0	0	0	1214.4	0.000109720585125977	0	0
209.3	0	0	0	1217.7	0.00010956702547072	0	0
209.7	0	0	0	1221	0.000109548557612761	0	0
210.2	0	0	0	1224.3	0.000109112520357544	0	0
210.6	0	0	0	1227.6	0.000108590637437871	0	0
211	0	0	0	1230.9	0.000108148342056612	0	0
211.5	0	0	0	1234.2	0.000107705922477076	0	0
211.9	0	0	0	1237.5	0.00010734969601612	0	0
212.3	0	0	0	1240.7	0.000107041865970138	0	0
212.8	0	0	0	1244	0.000107050625780863	0	0
213.2	0	0	0	1247.3	0.000107055559708133	0	0
213.7	0	0	0	1250.6	0.000107289043786103	0	0
214.1	0	0	0	1253.8	0.000107203819753119	0	0
214.5	0	0	0	1257.1	0.000107024330201621	0	0
215	0	0	0	1260.3	0.000106674612367592	0	0
215.4	0	0	0	1263.6	0.000106164590431699	0	0
215.8	0	0	0	1266.8	0.00010546748281697	0	0
216.3	0	0	0	1270.1	0.000104556372780278	0	0
216.7	0	0	0	1273.3	0.000103775176736043	0	0
217.2	0	0	0	1276.6	0.000102995787029106	0	0
217.6	0	0	0	1279.8	0.000102193729204663	0	0
218	0	0	0	1283	0.000101417898373908	0	0
218.5	0	0	0	1286.3	0.000100825609629957	0	0
218.9	0	0	0	1289.5	0.000100276289126981	0	0
219.4	0	0	0	1292.7	9.9607639028658e-05	0	0
219.8	0	0	0	1295.9	9.88506637666906e-05	0	0
220.2	0	0	0	1299.1	9.82898521421604e-05	0	0
220.7	0	0	0	1302.3	9.76397016945253e-05	0	0
221.1	0	0	0	1305.5	9.71050653723857e-05	0	0
221.6	0	0	0	1308.7	9.673875472144e-05	0	0
222	0	0	0	1311.9	9.64541421848813e-05	0	0
222.4	0	0	0	1315.1	9.61353355298013e-05	0	0
222.9	0	0	0	1318.3	9.587317404042e-05	0	0
223.3	0	0	0	1321.5	9.55959892039792e-05	0	0
223.8	0	0	0	1324.6	9.50677410923561e-05	0	0
224.2	0	0	0	1327.8	9.44869148506984e-05	0	0
224.6	0	0	0	1331	9.37454176936917e-05	0	0
225.1	0	0	0	1334.2	9.31071462441188e-05	0	0
225.5	0	0	0	1337.3	9.26704749532378e-05	0	0
226	0	0	0	1340.5	9.24045643048512e-05	0	0
226.4	0	0	0	1343.6	9.25403242325625e-05	0	0
226.8	0	0	0	1346.8	9.30508033202208e-05	0	0
227.3	0	0	0	1349.9	9.42263651175078e-05	0	0
227.7	0	0	0	1353	9.55290089737598e-05	0	0
228.2	0	0	0	1356.2	9.68965100670619e-05	0	0
228.6	0	0	0	1359.3	9.81498666296818e-05	0	0
229	0	0	0	1362.4	9.86509971334567e-05	0	0
229.5	0	0	0	1365.6	9.86631876641133e-05	0	0
229.9	0	0	0	1368.7	9.81464712095541e-05	0	0
230.4	0	0	0	1371.8	9.79650204387917e-05	0	0
230.8	0	0	0	1374.9	9.83382041743807e-05	0	0
231.3	0	0	0	1378	9.99614161229805e-05	0	0
231.7	0	0	0	1381.1	0.000101639430111697	0	0
232.1	0	0	0	1384.2	0.000102281096223158	0	0
232.6	0	0	0	1387.3	0.000101951367159926	0	0
233	0	0	0	1390.4	0.000102051177952034	0	0
233.5	0	0	0	1393.5	0.000102493394610192	0	0
233.9	0	0	0	1396.5	0.000103177709012824	0	0
234.4	0	0	0	1399.6	0.000103159729326091	0	0
234.8	0	0	0	1402.7	0.000103279095116072	0	0
235.2	0	0	0	1405.8	0.000102667032507621	0	0
235.7	0	0	0	1408.8	0.000102222231013681	0	0
236.1	0	0	0	1411.9	0.000101758215860522	0	0
236.6	0	0	0	1414.9	0.00010123617702703	0	0
237	0	0	0	1418	0.000100757114141758	0	0
237.4	0	0	0	1421	0.000100310181257396	0	0
237.9	0	0	0	1424	9.99946918216629e-05	0	0
238.3	0	0	0	1427.1	9.96955414202305e-05	0	0
238.8	0	0	0	1430.1	9.9452339770137e-05	0	0
239.2	0	0	0	1433.1	9.93510452112432e-05	0	0
239.7	0	0	0	1436.2	9.91468119139048e-05	0	0
240.1	0	0	0	1439.2	9.88973061164326e-05	0	0
240.6	0	0	0	1442.2	9.88519442604686e-05	0	0
241	0	0	0	1445.2	9.88025419364125e-05	0	0
241.4	0	0	0	1448.2	9.85909329469628e-05	0	0
241.9	0	0	0	1451.2	9.85682191920986e-05	0	0
242.3	0	0	0	1454.2	9.85788559341378e-05	0	0
242.8	0	0	0	1457.2	9.87815555965193e-05	0	0
243.2	0	0	0	1460.1	9.89774169317855e-05	0	0
243.7	0	0	0	1463.1	9.93215029016144e-05	0	0
244.1	0	0	0	1466.1	9.97160066268004e-05	0	0
244.5	0	0	0	1469.1	9.97530501499159e-05	0	0
245	0	0	0	1472	0.000100198972471369	0	0
245.4	0	0	0	1475	0.000100348542702603	0	0
245.9	0	0	0	1477.9	0.000100408006174832	0	0
246.3	0	0	0	1480.9	0.000100730533608279	0	0
246.8	0	0	0	1483.8	0.000100853039058513	0	0
247.2	0	0	0	1486.8	0.000101014862989563	0	0
247.7	0	0	0	1489.7	0.000101293892327864	0	0
248.1	0	0	0	1492.6	0.000101528846960615	0	0
248.5	0	0	0	1495.6	0.000101742742844594	0	0
249	0	0	0	1498.5	0.000102085315508994	0	0
249.4	0	0	0	1501.4	0.00010240198251163	0	0
249.9	0	0	0	1504.3	0.000102960331584874	0	0
250.3	3.12852430425582e-05	0	0	1507.2	0.000103396881190903	0	0
250.8	3.37031506865477e-05	0	0	1510.1	0.000103671246063525	0	0
251.2	3.20631363967379e-05	0	0	1513	0.000103981159327244	0	0
251.7	3.450704498408e-05	0	0	1515.9	0.00010435374505246	0	0
252.1	3.62062198848789e-05	0	0	1518.8	0.000105016885448693	0	0
252.6	3.58851750469305e-05	0	0	1521.7	0.00010529671104976	0	0
253	3.61008791624635e-05	0	0	1524.6	0.000105770054574674	0	0
253.4	3.70593334143095e-05	0	0	1527.4	0.000106052208192114	0	0
253.9	4.04223639483754e-05	0	0	1530.3	0.000106390969101774	0	0
254.3	3.9682180483043e-05	0	0	1533.2	0.000106959107307488	0	0
254.8	4.1359884992435e-05	0	0	1536	0.000107379023668423	0	0
255.2	4.13921195041543e-05	0	0	1538.9	0.000107811367954922	0	0
255.7	4.44744259493677e-05	0	0	1541.7	0.000108346883451436	0	0
256.1	4.46534877938084e-05	0	0	1544.6	0.000108831252937872	0	0
256.6	4.58112876904694e-05	0	0	1547.4	0.000109264124270292	0	0
257	4.69211282380389e-05	0	0	1550.2	0.000110012230260284	0	0
257.5	4.65834810899696e-05	0	0	1553.1	0.000110397547530925	0	0
257.9	4.8272221155127e-05	0	0	1555.9	0.000110823593287993	0	0
258.4	4.81315754560189e-05	0	0	1558.7	0.00011134146559252	0	0
258.8	5.10129809035428e-05	0	0	1561.5	0.000111907485706703	0	0
259.2	5.3283673084905e-05	0	0	1564.3	0.000112544975138055	0	0
259.7	5.31861244587301e-05	0	0	1567.1	0.000113135965978053	0	0
260.1	5.58838071201802e-05	0	0	1569.9	0.000113736465020092	0	0
260.6	5.36037647267112e-05	0	0	1572.7	0.000114376688310659	0	0
261	5.74542760358106e-05	0	0	1575.5	0.000114925945372689	0	0
261.5	5.76934019122025e-05	0	0	1578.3	0.000115657266841291	0	0
261.9	5.91228854091229e-05	0	0	1581	0.000116598524738671	0	0
262.4	6.22696629344797e-05	0	0	1583.8	0.000117299791852382	0	0
262.8	6.36655508323815e-05	0	0	1586.6	0.000117983049771782	0	0
263.3	6.23324476725075e-05	0	0	1589.3	0.000118963271108663	0	0
263.7	6.79399030896904e-05	0	0	1592.1	0.000119787635910473	0	0
264.2	6.57954114555551e-05	0	0	1594.8	0.00012078802485536	0	0
264.6	7.05637327651655e-05	0	0	1597.6	0.00012147661071458	0	0
265.1	6.83741792461915e-05	0	0	1600.3	0.000122968799123541	0	0
265.5	7.24995814183264e-05	0	0	1603	0.000123669146207055	0	0
266	7.01160600125142e-05	0	0	1605.8	0.000124950832064619	0	0
266.4	7.21827595584088e-05	0	0	1608.5	0.000125523763781938	0	0
266.9	7.34699961072096e-05	0	0	1611.2	0.000126751374095716	0	0
267.3	7.64853721666714e-05	0	0	1613.9	0.000127813634711572	0	0
267.8	7.82516096254341e-05	0	0	1616.6	0.000128898082773535	0	0
268.2	7.84565257962491e-05	0	0	1619.3	0.000130081831314684	0	0
268.7	8.39941114237313e-05	0	0	1622	0.000131612252554196	0	0
269.1	8.34615619274581e-05	0	0	1624.7	0.000132845876591273	0	0
269.5	8.91102469175233e-05	0	0	1627.4	0.000134339526530595	0	0
270	8.73068960024279e-05	0	0	1630.1	0.000136227383342734	0	0
270.4	8.76948432086885e-05	0	0	1632.7	0.00013846300322267	0	0
270.9	9.32891098961216e-05	0	0	1635.4	0.000141222625430626	0	0
271.3	9.18390452629362e-05	0	0	1638.1	0.000144354839322435	0	0
271.8	9.46189598763511e-05	0	0	1640.7	0.000148941108309882	0	0
272.2	9.6181750418491e-05	0	0	1643.4	0.000155603638443729	0	0
272.7	0.000100070451601401	0	0	1646	0.000164237071124056	0	0
273.1	9.98038675961089e-05	0	0	1648.6	0.000176624590571782	0	0
273.6	0.000105616103412514	0	0	1651.3	0.000193843062923734	0	0
274	0.000103875186076086	0	0	1653.9	0.000216545258010118	0	0
274.5	0.000107002025336693	0	0	1656.5	0.000246678592866407	0	0
274.9	0.000112104492938887	0	0	1659.1	0.000283894761573367	0	0
275.4	0.000112634206029243	0	0	1661.7	0.00033081340083039	0	0
275.8	0.000112954942443143	0	0	1664.4	0.000386460282686287	0	0
276.3	0.000116832838381884	0	0	1667	0.00045144114979459	0	0
276.7	0.000113553092365557	0	0	1669.5	0.000525319393670627	0	0
277.2	0.000120065454855282	0	0	1672.1	0.000610472593307038	0	0
277.6	0.000124639484760647	0	0	1674.7	0.000707671724057797	0	0
278.1	0.000121323291273875	0	0	1677.3	0.000815788360533376	0	0
278.5	0.000124370555844929	0	0	1679.9	0.00094253074854598	0	0
279	0.000129229069121961	0	0	0	0	0	0
279.4	0.000133769476846621	0	0	0	0	0	0
279.9	0.000128441515136115	0	0	0	0	0	0
280.3	0.000136253896022727	0	0	0	0	0	0
280.8	0.000139969506852507	0	0	0	0	0	0
281.2	0.000143060002519935	0	0	0	0	0	0
281.7	0.000139920260691117	0	0	0	0	0	0
282.1	0.000146028525010402	0	0	0	0	0	0
282.6	0.000146947378338547	0	0	0	0	0	0
283	0.000146498477409727	0	0	0	0	0	0
283.5	0.000146759588665121	0	0	0	0	0	0
283.9	0.000155404596705801	0	0	0	0	0	0
284.4	0.00015706716716669	0	0	0	0	0	0
284.9	0.000166763273807927	0	0	0	0	0	0
285.3	0.00016461558623112	0	0	0	0	0	0
285.8	0.000163415778426976	0	0	0	0	0	0
286.2	0.00017469665902679	0	0	0	0	0	0
286.7	0.000171992011222072	0	0	0	0	0	0
287.1	0.000169760353836378	0	0	0	0	0	0
287.6	0.000177390432582209	0	0	0	0	0	0
288	0.000177110616791693	0	0	0	0	0	0
288.5	0.000180485129769162	0	0	0	0	0	0
288.9	0.00018194957779366	0	0	0	0	0	0
289.4	0.000185468806286207	0	0	0	0	0	0
289.8	0.000186692864094884	0	0	0	0	0	0
290.3	0.000191425150692449	0	0	0	0	0	0
290.7	0.000198776906551582	0	0	0	0	0	0
291.2	0.0002025288507612	0	0	0	0	0	0
291.6	0.000197115915154086	0	0	0	0	0	0
292.1	0.000205644409552223	0	0	0	0	0	0
292.5	0.000209221719738904	0	0	0	0	0	0
293	0.000209008456891645	0	0	0	0	0	0
293.4	0.000205806505016962	0	0	0	0	0	0
293.9	0.000209238713104334	0	0	0	0	0	0
294.3	0.000212646411104269	0	0	0	0	0	0
294.8	0.000216741164302038	0	0	0	0	0	0
295.3	0.000220760174705005	0	0	0	0	0	0
295.7	0.000216605409548006	0	0	0	0	0	0
296.2	0.00022473193915627	0	0	0	0	0	0
296.6	0.000232153817086862	0	0	0	0	0	0
297.1	0.000226858543987841	0	0	0	0	0	0
297.5	0.000226430392115752	0	0	0	0	0	0
298	0.000227035040435076	0	0	0	0	0	0
298.4	0.000232142020273219	0	0	0	0	0	0
298.9	0.000236122976355869	0	0	0	0	0	0
299.3	0.000235453846224983	0	0	0	0	0	0
299.8	0.000239484309664276	0	0	0	0	0	0
300.2	0.000237076990369574	0	0	0	0	0	0
300.7	0.000238795030025675	0	0	0	0	0	0
301.2	0.00023790834011989	0	0	0	0	0	0
301.6	0.000238046349085893	0	0	0	0	0	0
302.1	0.000240482234596192	0	0	0	0	0	0
302.5	0.000235039553698211	0	0	0	0	0	0
303	0.000245131952518887	0	0	0	0	0	0
303.4	0.000240911085071298	0	0	0	0	0	0
303.9	0.000233447105403859	0	0	0	0	0	0
304.3	0.000241012886090597	0	0	0	0	0	0
304.8	0.000242838187577768	0	0	0	0	0	0
305.2	0.000240906050194576	0	0	0	0	0	0
305.7	0.000238926977098013	0	0	0	0	0	0
306.2	0.000235058680309945	0	0	0	0	0	0
306.6	0.000242412909943135	0	0	0	0	0	0
307.1	0.000238517203084932	0	0	0	0	0	0
307.5	0.000239256315142058	0	0	0	0	0	0
308	0.000232054130581274	0	0	0	0	0	0
308.4	0.000232285455498987	0	0	0	0	0	0
308.9	0.000235447230433017	0	0	0	0	0	0
309.3	0.000238145089519497	0	0	0	0	0	0
309.8	0.000233081643225242	0	0	0	0	0	0
310.3	0.000237206829724713	0	0	0	0	0	0
310.7	0.000236118604105849	0	0	0	0	0	0
311.2	0.000233727841166006	0	0	0	0	0	0
311.6	0.000232451725447941	0	0	0	0	0	0
312.1	0.000238636881698034	0	0	0	0	0	0
312.5	0.000233668245749853	0	0	0	0	0	0
313	0.000240947963017599	0	0	0	0	0	0
313.4	0.000234509855971164	0	0	0	0	0	0
313.9	0.000234402032157723	0	0	0	0	0	0
314.4	0.000239843810964126	0	0	0	0	0	0
314.8	0.000236096843501307	0	0	0	0	0	0
315.3	0.000244507200626083	0	0	0	0	0	0
315.7	0.000241437202115469	0	0	0	0	0	0
316.2	0.000245262661923803	0	0	0	0	0	0
316.6	0.000236870794409974	0	0	0	0	0	0
317.1	0.000240505522648047	0	0	0	0	0	0
317.6	0.000241685720737892	0	0	0	0	0	0
318	0.000246097373756731	0	0	0	0	0	0
318.5	0.000242248647537208	0	0	0	0	0	0
318.9	0.000244360490108502	0	0	0	0	0	0
319.4	0.000242386965569329	0	0	0	0	0	0
319.8	0.000239723786908345	0	0	0	0	0	0
320.3	0.000243382027987766	0	0	0	0	0	0
320.8	0.000241773528153648	0	0	0	0	0	0
321.2	0.000242120328646597	0	0	0	0	0	0
321.7	0.000245729573715017	0	0	0	0	0	0
322.1	0.000245025354643516	0	0	0	0	0	0
322.6	0.000244307325548505	0	0	0	0	0	0
323	0.00024620764891672	0	0	0	0	0	0
323.5	0.000247151583195965	0	0	0	0	0	0
324	0.000243563653148663	0	0	0	0	0	0
324.4	0.000249434781213421	0	0	0	0	0	0
324.9	0.000252768911837876	0	0	0	0	0	0
325.3	0.00024740729389273	0	0	0	0	0	0
325.8	0.000252860738605303	0	0	0	0	0	0
326.2	0.000255345506681669	0	0	0	0	0	0
326.7	0.000249819246760737	0	0	0	0	0	0
327.2	0.000254885389835596	0	0	0	0	0	0
327.6	0.000255201198735804	0	0	0	0	0	0
328.1	0.000255508708150969	0	0	0	0	0	0
328.5	0.000257941733052958	0	0	0	0	0	0
329	0.000260974781096783	0	0	0	0	0	0
329.5	0.000261772725122096	0	0	0	0	0	0
329.9	0.000259525091866884	0	0	0	0	0	0
330.4	0.00026579168731344	0	0	0	0	0	0
330.8	0.000265376685462197	0	0	0	0	0	0
331.3	0.000266795827823726	0	0	0	0	0	0
331.8	0.000264915725479381	0	0	0	0	0	0
332.2	0.000269107796822967	0	0	0	0	0	0
332.7	0.000266683986848815	0	0	0	0	0	0
333.1	0.000266937297414961	0	0	0	0	0	0
333.6	0.000266982869834712	0	0	0	0	0	0
334	0.000266327482739244	0	0	0	0	0	0
334.5	0.000266256525640933	0	0	0	0	0	0
335	0.000265970421178112	0	0	0	0	0	0
335.4	0.000262387080798901	0	0	0	0	0	0
335.9	0.000262406337452264	0	0	0	0	0	0
336.3	0.000259877889504232	0	0	0	0	0	0
336.8	0.000259753158694016	0	0	0	0	0	0
337.3	0.000261648169268064	0	0	0	0	0	0
337.7	0.000256583040775726	0	0	0	0	0	0
338.2	0.000255509091529269	0	0	0	0	0	0
338.6	0.0002534967196362	0	0	0	0	0	0
339.1	0.000253350037001981	0	0	0	0	0	0
339.6	0.000250298973243043	0	0	0	0	0	0
340	0.000250547647760021	0	0	0	0	0	0
340.5	0.000247628226932162	0	0	0	0	0	0
340.9	0.000245460639720653	0	0	0	0	0	0
341.4	0.000244786529428425	0	0	0	0	0	0
341.9	0.000244621867221543	0	0	0	0	0	0
342.3	0.00024272511152583	0	0	0	0	0	0
342.8	0.000238471012736749	0	0	0	0	0	0
343.3	0.000242444233434923	0	0	0	0	0	0
343.7	0.000238200298407118	0	0	0	0	0	0
344.2	0.000238558587930023	0	0	0	0	0	0
344.6	0.000236482286862703	0	0	0	0	0	0
345.1	0.000236719325617309	0	0	0	0	0	0
345.6	0.000234937373596875	0	0	0	0	0	0
346	0.000233903529274397	0	0	0	0	0	0
346.5	0.000235713695339215	0	0	0	0	0	0
346.9	0.000231524688779973	0	0	0	0	0	0
347.4	0.000231101888497294	0	0	0	0	0	0
347.9	0.000233347995212969	0	0	0	0	0	0
348.3	0.000231406129257442	0	0	0	0	0	0
348.8	0.0002320971714029	0	0	0	0	0	0
349.3	0.000231453989603553	0	0	0	0	0	0
349.7	0.000230288680791694	0	0	0	0	0	0
350.2	0.000231510010988728	0	0	0	0	0	0
350.6	0.000230601073513484	0	0	0	0	0	0
351.1	0.000229303450484633	0	0	0	0	0	0
351.6	0.000228324108687975	0	0	0	0	0	0
352	0.000223806985763267	0	0	0	0	0	0
352.5	0.000222141507738838	0	0	0	0	0	0
352.9	0.000223586878007576	0	0	0	0	0	0
353.4	0.000223693173700542	0	0	0	0	0	0
353.9	0.000225217616474135	0	0	0	0	0	0
354.3	0.000224343660029343	0	0	0	0	0	0
354.8	0.000226094710017482	0	0	0	0	0	0
355.3	0.000226479551858025	0	0	0	0	0	0
355.7	0.000228387276475093	0	0	0	0	0	0
356.2	0.000227909054155233	0	0	0	0	0	0
356.7	0.000227083295485617	0	0	0	0	0	0
357.1	0.000225830395692744	0	0	0	0	0	0
357.6	0.000223825739276436	0	0	0	0	0	0
358	0.000220984796506258	0	0	0	0	0	0
358.5	0.000220613889370258	0	0	0	0	0	0
359	0.000221336053284333	0	0	0	0	0	0
359.4	0.000220265894009972	0	0	0	0	0	0
359.9	0.000222844308721697	0	0	0	0	0	0
360.4	0.000222085707967121	0	0	0	0	0	0
360.8	0.000222728622869431	0	0	0	0	0	0
361.3	0.000219819515893824	0	0	0	0	0	0
361.7	0.000216810206009406	0	0	0	0	0	0
362.2	0.000214542235461273	0	0	0	0	0	0
362.7	0.000213002324977076	0	0	0	0	0	0
363.1	0.000211538676991209	0	0	0	0	0	0
363.6	0.00020981857003514	0	0	0	0	0	0
364.1	0.000211275159942091	0	0	0	0	0	0
364.5	0.000210445744188683	0	0	0	0	0	0
365	0.000209940724868158	0	0	0	0	0	0
365.5	0.000212008775563789	0	0	0	0	0	0
365.9	0.000213612330932834	0	0	0	0	0	0
366.4	0.000215746542665022	0	0	0	0	0	0
366.9	0.000216271625249565	0	0	0	0	0	0
367.3	0.000220976219647402	0	0	0	0	0	0
367.8	0.000225204640214795	0	0	0	0	0	0
368.2	0.000228342312531195	0	0	0	0	0	0
368.7	0.000236077451174249	0	0	0	0	0	0
369.2	0.00024113299849593	0	0	0	0	0	0
369.6	0.000244182838871307	0	0	0	0	0	0
370.1	0.000243637450779726	0	0	0	0	0	0
370.6	0.000245154721828009	0	0	0	0	0	0
371	0.00024116181393471	0	0	0	0	0	0
371.5	0.000240652226823539	0	0	0	0	0	0
372	0.000236062194496761	0	0	0	0	0	0
372.4	0.000231389176763478	0	0	0	0	0	0
372.9	0.000228695641770721	0	0	0	0	0	0
373.4	0.000225264366885009	0	0	0	0	0	0
373.8	0.000221563433282778	0	0	0	0	0	0
374.3	0.000220463063716376	0	0	0	0	0	0
374.8	0.000216675783213068	0	0	0	0	0	0
375.2	0.000214088751527107	0	0	0	0	0	0
375.7	0.000210479050324829	0	0	0	0	0	0
376.2	0.000206122823719907	0	0	0	0	0	0
376.6	0.000204566877620345	0	0	0	0	0	0
377.1	0.000202445982215366	0	0	0	0	0	0
377.6	0.000198428869137974	0	0	0	0	0	0
378	0.000195889243807116	0	0	0	0	0	0
378.5	0.000192794483663647	0	0	0	0	0	0
379	0.000192869754572111	0	0	0	0	0	0
379.4	0.00019331565575965	0	0	0	0	0	0
379.9	0.000195998511721746	0	0	0	0	0	0
380.4	0.000193671213572208	0	0	0	0	0	0
380.8	0.00019395371014664	0	0	0	0	0	0
381.3	0.000192451886792724	0	0	0	0	0	0
381.8	0.000190861595659222	0	0	0	0	0	0
382.2	0.000188089727634237	0	0	0	0	0	0
382.7	0.000186932353400141	0	0	0	0	0	0
383.2	0.000184905843933527	0	0	0	0	0	0
383.6	0.000182902589990123	0	0	0	0	0	0
384.1	0.000180488667246323	0	0	0	0	0	0
384.6	0.000178572094423462	0	0	0	0	0	0
385	0.000177754951445769	0	0	0	0	0	0
385.5	0.000174454679324412	0	0	0	0	0	0
386	0.000173497804284558	0	0	0	0	0	0
386.4	0.000171822309065332	0	0	0	0	0	0
386.9	0.000168847153160431	0	0	0	0	0	0
387.4	0.000166900754916469	0	0	0	0	0	0
387.8	0.000164445017194478	0	0	0	0	0	0
388.3	0.000162349383723821	0	0	0	0	0	0
388.8	0.000160136048903274	0	0	0	0	0	0
389.2	0.000158229984174016	0	0	0	0	0	0
389.7	0.000156161877968046	0	0	0	0	0	0
390.2	0.000154288216853658	0	0	0	0	0	0
390.6	0.00015164225840442	0	0	0	0	0	0
391.1	0.000150792448766401	0	0	0	0	0	0
391.6	0.000148770331176442	0	0	0	0	0	0
392	0.000146570273073843	0	0	0	0	0	0
392.5	0.000143766530557666	0	0	0	0	0	0
393	0.000141673165474777	0	0	0	0	0	0
393.4	0.000140481186520695	0	0	0	0	0	0
393.9	0.000137841774873383	0	0	0	0	0	0
394.4	0.000137049413963661	0	0	0	0	0	0
394.8	0.000134400163284132	0	0	0	0	0	0
395.3	0.000133752834601113	0	0	0	0	0	0
395.8	0.000131666990403931	0	0	0	0	0	0
396.3	0.000130031766665663	0	0	0	0	0	0
396.7	0.000128920440094581	0	0	0	0	0	0
397.2	0.000127219862469251	0	0	0	0	0	0
397.7	0.00012559246386339	0	0	0	0	0	0
398.1	0.000124579037768716	0	0	0	0	0	0
398.6	0.000123589723728545	0	0	0	0	0	0
399.1	0.000122321765258346	0	0	0	0	0	0
399.5	0.000121257211388236	0	0	0	0	0	0
400	0.000120611702658264	0	0	0	0	0	0
400.5	0.000118904356541578	0	0	0	0	0	0
400.9	0.000118147326151167	0	0	0	0	0	0
401.4	0.00011700383238838	0	0	0	0	0	0
401.9	0.000116317275542386	0	0	0	0	0	0
402.4	0.000114643482352159	0	0	0	0	0	0
402.8	0.00011420570801104	0	0	0	0	0	0
403.3	0.000113535868497783	0	0	0	0	0	0
403.8	0.000112641730068102	0	0	0	0	0	0
404.2	0.000111233837028597	0	0	0	0	0	0
404.7	0.000110792576230291	0	0	0	0	0	0
405.2	0.000110044516541231	0	0	0	0	0	0
405.6	0.000109171561179666	0	0	0	0	0	0
406.1	0.000108419784564609	0	0	0	0	0	0
406.6	0.000107702116211023	0	0	0	0	0	0
407.1	0.000107435398530068	0	0	0	0	0	0
407.5	0.000106579448143211	0	0	0	0	0	0
408	0.000106523693393076	0	0	0	0	0	0
408.5	0.000105657254268926	0	0	0	0	0	0
408.9	0.000105424863625633	0	0	0	0	0	0
409.4	0.000104876420380573	0	0	0	0	0	0
409.9	0.00010462902091738	0	0	0	0	0	0
410.3	0.000104026684556224	0	0	0	0	0	0
410.8	0.000104002261958494	0	0	0	0	0	0
411.3	0.000103758039471651	0	0	0	0	0	0
411.8	0.000103666443117752	0	0	0	0	0	0
412.2	0.000103269953760859	0	0	0	0	0	0
412.7	0.00010328958390499	0	0	0	0	0	0
413.2	0.000103175835958167	0	0	0	0	0	0
413.6	0.000103030433147541	0	0	0	0	0	0
414.1	0.000103411714733468	0	0	0	0	0	0
414.6	0.000103433435163001	0	0	0	0	0	0
415.1	0.000103365784268451	0	0	0	0	0	0
415.5	0.000103526318718745	0	0	0	0	0	0
416	0.000103497145174387	0	0	0	0	0	0
416.5	0.0001040042653157	0	0	0	0	0	0
416.9	0.000103898090269865	0	0	0	0	0	0
417.4	0.000104191418208283	0	0	0	0	0	0
417.9	0.000104576089772296	0	0	0	0	0	0
418.4	0.000104929685038384	0	0	0	0	0	0
418.8	0.000104997356250948	0	0	0	0	0	0
419.3	0.000105471330400626	0	0	0	0	0	0
419.8	0.000105345299667717	0	0	0	0	0	0
420.2	0.000105836043173791	0	0	0	0	0	0
420.7	0.000106048856530067	0	0	0	0	0	0
421.2	0.000106152911805261	0	0	0	0	0	0
421.7	0.000106524382659293	0	0	0	0	0	0
422.1	0.000107077760350664	0	0	0	0	0	0
422.6	0.000107621475948319	0	0	0	0	0	0
423.1	0.000107407433780258	0	0	0	0	0	0
423.5	0.000108188665006641	0	0	0	0	0	0
424	0.000108097550104954	0	0	0	0	0	0
424.5	0.0001084284448303	0	0	0	0	0	0
425	0.000108555957530472	0	0	0	0	0	0
425.4	0.000108988188719497	0	0	0	0	0	0
425.9	0.00010914862634549	0	0	0	0	0	0
426.4	0.000109579483793483	0	0	0	0	0	0
426.9	0.000109520206690081	0	0	0	0	0	0
427.3	0.000109721016223797	0	0	0	0	0	0
427.8	0.000110044584567108	0	0	0	0	0	0
428.3	0.000109868937010639	0	0	0	0	0	0
428.7	0.00010962432109925	0	0	0	0	0	0
429.2	0.000110339385528236	0	0	0	0	0	0
429.7	0.000109806261104069	0	0	0	0	0	0
430.2	0.000110767794387549	0	0	0	0	0	0
430.6	0.00011027246661105	0	0	0	0	0	0
431.1	0.000111154880065434	0	0	0	0	0	0
431.6	0.000111497815546347	0	0	0	0	0	0
432.1	0.000111045353764364	0	0	0	0	0	0
432.5	0.000111500048378898	0	0	0	0	0	0
433	0.000112048684331411	0	0	0	0	0	0
433.5	0.000112178647189753	0	0	0	0	0	0
434	0.000113287070598674	0	0	0	0	0	0
434.4	0.000113582236930311	0	0	0	0	0	0
434.9	0.000113841725831583	0	0	0	0	0	0
435.4	0.000114730138579186	0	0	0	0	0	0
435.8	0.000115139789278809	0	0	0	0	0	0
436.3	0.000114591130342869	0	0	0	0	0	0
436.8	0.000115065531642896	0	0	0	0	0	0
437.3	0.000114907823906453	0	0	0	0	0	0
437.7	0.000115191764096333	0	0	0	0	0	0
438.2	0.000115154833512805	0	0	0	0	0	0
438.7	0.000115021796516929	0	0	0	0	0	0
439.2	0.000114726081583222	0	0	0	0	0	0
439.6	0.000114393954720227	0	0	0	0	0	0
440.1	0.000114380288498178	0	0	0	0	0	0
440.6	0.000114140130208673	0	0	0	0	0	0
441.1	0.000113905957961887	0	0	0	0	0	0
441.5	0.000113629732374562	0	0	0	0	0	0
442	0.000112967261530091	0	0	0	0	0	0
442.5	0.000111937480112942	0	0	0	0	0	0
443	0.000111690277349897	0	0	0	0	0	0
443.4	0.000111353308613186	0	0	0	0	0	0
443.9	0.000111211606997155	0	0	0	0	0	0
444.4	0.000110368401941671	0	0	0	0	0	0
444.9	0.000110002205000431	0	0	0	0	0	0
445.3	0.000109244736446008	0	0	0	0	0	0
445.8	0.000108909714935715	0	0	0	0	0	0
446.3	0.000108006107865965	0	0	0	0	0	0
446.8	0.000107418166113839	0	0	0	0	0	0
447.2	0.000106970480235881	0	0	0	0	0	0
447.7	0.000106830653562632	0	0	0	0	0	0
448.2	0.000105957849012063	0	0	0	0	0	0
448.7	0.000105262526875195	0	0	0	0	0	0
449.1	0.000104460570149358	0	0	0	0	0	0
449.6	0.00010364428750705	0	0	0	0	0	0
450.1	0.000103589907139271	0	0	0	0	0	0
450.6	0.000102877110259846	0	0	0	0	0	0
451	0.000102491199831641	0	0	0	0	0	0
451.5	0.000101782616625671	0	0	0	0	0	0
452	0.000101333825499369	0	0	0	0	0	0
452.5	0.000100383029616031	0	0	0	0	0	0
452.9	9.97643686355784e-05	0	0	0	0	0	0
453.4	9.9076177064882e-05	0	0	0	0	0	0
453.9	9.85704300717543e-05	0	0	0	0	0	0
454.4	9.82557284716414e-05	0	0	0	0	0	0
454.9	9.74487643277364e-05	0	0	0	0	0	0
455.3	9.69169502001244e-05	0	0	0	0	0	0
455.8	9.61357445024596e-05	0	0	0	0	0	0
456.3	9.56111003392854e-05	0	0	0	0	0	0
456.8	9.548991299222e-05	0	0	0	0	0	0
457.2	9.4488572815874e-05	0	0	0	0	0	0
457.7	9.39148334474551e-05	0	0	0	0	0	0
458.2	9.3018049200391e-05	0	0	0	0	0	0
458.7	9.2339301862528e-05	0	0	0	0	0	0
459.1	9.11385753764377e-05	0	0	0	0	0	0
459.6	9.03529843172183e-05	0	0	0	0	0	0
460.1	8.92761067697407e-05	0	0	0	0	0	0
460.6	8.8129574581291e-05	0	0	0	0	0	0
461	8.73105488209833e-05	0	0	0	0	0	0
461.5	8.65255544929688e-05	0	0	0	0	0	0
462	8.60296853998908e-05	0	0	0	0	0	0
462.5	8.54277411042231e-05	0	0	0	0	0	0
463	8.52181156524977e-05	0	0	0	0	0	0
463.4	8.51900755112292e-05	0	0	0	0	0	0
463.9	8.48821073035616e-05	0	0	0	0	0	0
464.4	8.4708928687236e-05	0	0	0	0	0	0
464.9	8.40918337509987e-05	0	0	0	0	0	0
465.3	8.38918313078189e-05	0	0	0	0	0	0
465.8	8.34575519653419e-05	0	0	0	0	0	0
466.3	8.35084405836977e-05	0	0	0	0	0	0
466.8	8.30302766554469e-05	0	0	0	0	0	0
467.3	8.30047811522456e-05	0	0	0	0	0	0
467.7	8.26361962894111e-05	0	0	0	0	0	0
468.2	8.21430623286625e-05	0	0	0	0	0	0
468.7	8.19090414071198e-05	0	0	0	0	0	0
469.2	8.17067940554076e-05	0	0	0	0	0	0
469.6	8.11369068129307e-05	0	0	0	0	0	0
470.1	8.1027410969944e-05	0	0	0	0	0	0
470.6	8.04279359726577e-05	0	0	0	0	0	0
471.1	8.02953836148348e-05	0	0	0	0	0	0
471.6	8.01658129281426e-05	0	0	0	0	0	0
472	7.98030679220548e-05	0	0	0	0	0	0
472.5	7.95102106998218e-05	0	0	0	0	0	0
473	7.93815545297956e-05	0	0	0	0	0	0
473.5	7.90956502061233e-05	0	0	0	0	0	0
473.9	7.89687860304822e-05	0	0	0	0	0	0
474.4	7.880009984463e-05	0	0	0	0	0	0
474.9	7.90946797239219e-05	0	0	0	0	0	0
475.4	7.85282401982608e-05	0	0	0	0	0	0
475.9	7.82043360482952e-05	0	0	0	0	0	0
476.3	7.8243344966902e-05	0	0	0	0	0	0
476.8	7.81451483708603e-05	0	0	0	0	0	0
477.3	7.80115695263471e-05	0	0	0	0	0	0
477.8	7.78304660597202e-05	0	0	0	0	0	0
478.3	7.79331956342401e-05	0	0	0	0	0	0
478.7	7.73913171454878e-05	0	0	0	0	0	0
479.2	7.77035412674219e-05	0	0	0	0	0	0
479.7	7.76527404985125e-05	0	0	0	0	0	0
480.2	7.79408349283496e-05	0	0	0	0	0	0
480.7	7.75303856657115e-05	0	0	0	0	0	0
481.1	7.77523749724719e-05	0	0	0	0	0	0
481.6	7.77448282930804e-05	0	0	0	0	0	0
482.1	7.78825329048963e-05	0	0	0	0	0	0
482.6	7.80127071533423e-05	0	0	0	0	0	0
483	7.78365455845807e-05	0	0	0	0	0	0
483.5	7.78879190717232e-05	0	0	0	0	0	0
484	7.82296782914484e-05	0	0	0	0	0	0
484.5	7.84563953906468e-05	0	0	0	0	0	0
485	7.85049487968302e-05	0	0	0	0	0	0
485.4	7.87938447614859e-05	0	0	0	0	0	0
485.9	7.88669712698774e-05	0	0	0	0	0	0
486.4	7.88886941968125e-05	0	0	0	0	0	0
486.9	7.8969212519531e-05	0	0	0	0	0	0
487.4	7.91654112452276e-05	0	0	0	0	0	0
487.8	7.9492862483995e-05	0	0	0	0	0	0
488.3	7.93884987800697e-05	0	0	0	0	0	0
488.8	7.95655171671195e-05	0	0	0	0	0	0
489.3	7.9936031898588e-05	0	0	0	0	0	0
489.8	8.00736155285085e-05	0	0	0	0	0	0
490.2	8.03781874360884e-05	0	0	0	0	0	0
490.7	7.9986591008986e-05	0	0	0	0	0	0
491.2	8.02600696307823e-05	0	0	0	0	0	0
491.7	8.06519276094839e-05	0	0	0	0	0	0
492.2	8.12323270763435e-05	0	0	0	0	0	0
492.6	8.10219530916996e-05	0	0	0	0	0	0
493.1	8.1422122887604e-05	0	0	0	0	0	0
493.6	8.18240363624696e-05	0	0	0	0	0	0
494.1	8.2185658906763e-05	0	0	0	0	0	0
494.6	8.28405603444634e-05	0	0	0	0	0	0
495.1	8.28966645033077e-05	0	0	0	0	0	0
495.5	8.33378765219995e-05	0	0	0	0	0	0
496	8.36549353375149e-05	0	0	0	0	0	0
496.5	8.38506981408504e-05	0	0	0	0	0	0
497	8.42054504449191e-05	0	0	0	0	0	0
497.5	8.44059457105573e-05	0	0	0	0	0	0
497.9	8.4571458874483e-05	0	0	0	0	0	0
498.4	8.49331462662893e-05	0	0	0	0	0	0
498.9	8.54521923784721e-05	0	0	0	0	0	0
499.4	8.62376089903941e-05	0	0	0	0	0	0
499.9	8.63541142679032e-05	0	0	0	0	0	0
500.3	8.71728250558642e-05	0	0	0	0	0	0
500.8	8.74653606028747e-05	0	0	0	0	0	0
501.3	8.76390799416651e-05	0	0	0	0	0	0
501.8	8.77655785384599e-05	0	0	0	0	0	0
502.3	8.89137265880692e-05	0	0	0	0	0	0
502.8	8.90987243577874e-05	0	0	0	0	0	0
503.2	8.95294174618399e-05	0	0	0	0	0	0
503.7	9.0285973432574e-05	0	0	0	0	0	0
504.2	9.04717614611576e-05	0	0	0	0	0	0
504.7	9.12185848200054e-05	0	0	0	0	0	0
505.2	9.16932101880732e-05	0	0	0	0	0	0
505.6	9.1882935535288e-05	0	0	0	0	0	0
506.1	9.23921166555623e-05	0	0	0	0	0	0
506.6	9.29372257011508e-05	0	0	0	0	0	0
507.1	9.31052147370291e-05	0	0	0	0	0	0
507.6	9.35368295519897e-05	0	0	0	0	0	0
508.1	9.40830608238458e-05	0	0	0	0	0	0
508.5	9.43435877465331e-05	0	0	0	0	0	0
509	9.49657514484442e-05	0	0	0	0	0	0
509.5	9.5723607072644e-05	0	0	0	0	0	0
510	9.61308303043568e-05	0	0	0	0	0	0
510.5	9.58718553809966e-05	0	0	0	0	0	0
510.9	9.67050682806717e-05	0	0	0	0	0	0
511.4	9.70658362412967e-05	0	0	0	0	0	0
511.9	9.73508268575682e-05	0	0	0	0	0	0
512.4	9.76491969766557e-05	0	0	0	0	0	0
512.9	9.81499690385891e-05	0	0	0	0	0	0
513.4	9.86942063025832e-05	0	0	0	0	0	0
513.8	9.91379851873833e-05	0	0	0	0	0	0
514.3	9.92347832118476e-05	0	0	0	0	0	0
514.8	9.96089875873548e-05	0	0	0	0	0	0
515.3	0.000100358006192719	0	0	0	0	0	0
515.8	0.00010087483558236	0	0	0	0	0	0
516.3	0.000101211307765393	0	0	0	0	0	0
516.7	0.000101153771977425	0	0	0	0	0	0
517.2	0.000101931769592582	0	0	0	0	0	0
517.7	0.00010241241655216	0	0	0	0	0	0
518.2	0.000102395413309061	0	0	0	0	0	0
518.7	0.000103006628275658	0	0	0	0	0	0
519.2	0.000103528043979775	0	0	0	0	0	0
519.6	0.000103419895692613	0	0	0	0	0	0
520.1	0.000103608306002398	0	0	0	0	0	0
520.6	0.000104196851979315	0	0	0	0	0	0
521.1	0.000104778027480896	0	0	0	0	0	0
521.6	0.000105079376227657	0	0	0	0	0	0
522.1	0.000105287495453696	0	0	0	0	0	0
522.5	0.000105079963044755	0	0	0	0	0	0
523	0.000105632832909239	0	0	0	0	0	0
523.5	0.000105759975008676	0	0	0	0	0	0
524	0.00010563395298542	0	0	0	0	0	0
524.5	0.000106248931786437	0	0	0	0	0	0
525	0.000106276241850221	0	0	0	0	0	0
525.4	0.000106308873849461	0	0	0	0	0	0
525.9	0.00010631179179634	0	0	0	0	0	0
526.4	0.000106654396801671	0	0	0	0	0	0
526.9	0.000106845224502338	0	0	0	0	0	0
527.4	0.00010715032638756	0	0	0	0	0	0
527.9	0.000106780693948813	0	0	0	0	0	0
528.3	0.0001067369457025	0	0	0	0	0	0
528.8	0.000106928487106843	0	0	0	0	0	0
529.3	0.000106557765474722	0	0	0	0	0	0
529.8	0.000106490395840254	0	0	0	0	0	0
530.3	0.000106843953812362	0	0	0	0	0	0
530.8	0.000106304328205723	0	0	0	0	0	0
531.3	0.000106579894518605	0	0	0	0	0	0
531.7	0.000106144115905055	0	0	0	0	0	0
532.2	0.000106237776703045	0	0	0	0	0	0
532.7	0.000106344729446402	0	0	0	0	0	0
533.2	0.000106174473671553	0	0	0	0	0	0
533.7	0.00010587879363925	0	0	0	0	0	0
534.2	0.0001057260748096	0	0	0	0	0	0
534.6	0.000105491617428067	0	0	0	0	0	0
535.1	0.000105492610938505	0	0	0	0	0	0
535.6	0.000105195140148071	0	0	0	0	0	0
536.1	0.000105263112474728	0	0	0	0	0	0
536.6	0.000104605177458641	0	0	0	0	0	0
537.1	0.000104936260561309	0	0	0	0	0	0
537.6	0.000104598113698789	0	0	0	0	0	0
538	0.000104474407774116	0	0	0	0	0	0
538.5	0.000104118210586627	0	0	0	0	0	0
539	0.000103776957419382	0	0	0	0	0	0
539.5	0.000103513775250735	0	0	0	0	0	0
540	0.000104029410270038	0	0	0	0	0	0
540.5	0.000104017622954851	0	0	0	0	0	0
540.9	0.000103398980699377	0	0	0	0	0	0
541.4	0.000103320360356723	0	0	0	0	0	0
541.9	0.000102961320606888	0	0	0	0	0	0
542.4	0.000102745211742049	0	0	0	0	0	0
542.9	0.000103029673544428	0	0	0	0	0	0
543.4	0.00010262672472526	0	0	0	0	0	0
543.9	0.00010292283805724	0	0	0	0	0	0
544.3	0.000103047721346131	0	0	0	0	0	0
544.8	0.000102269612186171	0	0	0	0	0	0
545.3	0.000102459035793281	0	0	0	0	0	0
545.8	0.000101580796382768	0	0	0	0	0	0
546.3	0.000101722239235948	0	0	0	0	0	0
546.8	0.000101318285909912	0	0	0	0	0	0
547.3	0.000101120781357207	0	0	0	0	0	0
547.7	0.000101286660287105	0	0	0	0	0	0
548.2	0.000100949869050497	0	0	0	0	0	0
548.7	0.000101107704136925	0	0	0	0	0	0
549.2	0.000101011059564093	0	0	0	0	0	0
549.7	0.000100448725341012	0	0	0	0	0	0
550.2	9.98385788472366e-05	0	0	0	0	0	0
550.7	9.97342902693592e-05	0	0	0	0	0	0
551.1	9.95662009606179e-05	0	0	0	0	0	0
551.6	9.94322509249789e-05	0	0	0	0	0	0
552.1	9.89167461642877e-05	0	0	0	0	0	0
552.6	9.83825579894186e-05	0	0	0	0	0	0
553.1	9.82041486832467e-05	0	0	0	0	0	0
553.6	9.78768687037475e-05	0	0	0	0	0	0
554.1	9.76512546837263e-05	0	0	0	0	0	0
554.6	9.69571211564496e-05	0	0	0	0	0	0
555	9.66190754682776e-05	0	0	0	0	0	0
555.5	9.60188699540067e-05	0	0	0	0	0	0
556	9.55874500115451e-05	0	0	0	0	0	0
556.5	9.54304403562562e-05	0	0	0	0	0	0
557	9.52009395361223e-05	0	0	0	0	0	0
557.5	9.47817260662466e-05	0	0	0	0	0	0
558	9.37843882891043e-05	0	0	0	0	0	0
558.4	9.3335349018312e-05	0	0	0	0	0	0
558.9	9.2448531379333e-05	0	0	0	0	0	0
559.4	9.20872868424566e-05	0	0	0	0	0	0
559.9	9.10516899336986e-05	0	0	0	0	0	0
560.4	9.07268240126714e-05	0	0	0	0	0	0
560.9	9.04310927620669e-05	0	0	0	0	0	0
561.4	9.0439204842683e-05	0	0	0	0	0	0
561.9	8.99389674716998e-05	0	0	0	0	0	0
562.3	8.90835881599496e-05	0	0	0	0	0	0
562.8	8.86197892297415e-05	0	0	0	0	0	0
563.3	8.81685668691871e-05	0	0	0	0	0	0
563.8	8.73879306976517e-05	0	0	0	0	0	0
564.3	8.68139410377119e-05	0	0	0	0	0	0
564.8	8.66686562791262e-05	0	0	0	0	0	0
565.3	8.60975734270285e-05	0	0	0	0	0	0
565.8	8.56377087096211e-05	0	0	0	0	0	0
566.2	8.50706311594314e-05	0	0	0	0	0	0
566.7	8.4310831580488e-05	0	0	0	0	0	0
567.2	8.38482668583174e-05	0	0	0	0	0	0
567.7	8.38724990962422e-05	0	0	0	0	0	0
568.2	8.3479311912211e-05	0	0	0	0	0	0
568.7	8.29324728693324e-05	0	0	0	0	0	0
569.2	8.26779219389645e-05	0	0	0	0	0	0
569.7	8.24557869077739e-05	0	0	0	0	0	0
570.1	8.19355048809647e-05	0	0	0	0	0	0
570.6	8.17448583462844e-05	0	0	0	0	0	0
571.1	8.13722889459635e-05	0	0	0	0	0	0
571.6	8.12332911268559e-05	0	0	0	0	0	0
572.1	8.12388728561839e-05	0	0	0	0	0	0
572.6	8.08960748300628e-05	0	0	0	0	0	0
573.1	8.06689406012121e-05	0	0	0	0	0	0
573.6	8.03199429992108e-05	0	0	0	0	0	0
574	7.98539984682408e-05	0	0	0	0	0	0
574.5	7.97147626726453e-05	0	0	0	0	0	0
575	7.93461949630244e-05	0	0	0	0	0	0
575.5	7.8973040401582e-05	0	0	0	0	0	0
576	7.85559414654387e-05	0	0	0	0	0	0
576.5	7.84872060297731e-05	0	0	0	0	0	0
577	7.8154577853712e-05	0	0	0	0	0	0
577.5	7.80420613416486e-05	0	0	0	0	0	0
578	7.78466319777965e-05	0	0	0	0	0	0
578.4	7.7618941038704e-05	0	0	0	0	0	0
578.9	7.73321017104213e-05	0	0	0	0	0	0
579.4	7.66491382418507e-05	0	0	0	0	0	0
579.9	7.59295994221114e-05	0	0	0	0	0	0
580.4	7.52258653297291e-05	0	0	0	0	0	0
580.9	7.48052212493769e-05	0	0	0	0	0	0
581.4	7.42441827730693e-05	0	0	0	0	0	0
581.9	7.36757824642971e-05	0	0	0	0	0	0
582.3	7.28867944713275e-05	0	0	0	0	0	0
582.8	7.22154370525037e-05	0	0	0	0	0	0
583.3	7.17176977906023e-05	0	0	0	0	0	0
583.8	7.0901583080979e-05	0	0	0	0	0	0
584.3	7.02604180230096e-05	0	0	0	0	0	0
584.8	6.95250453813165e-05	0	0	0	0	0	0
585.3	6.90412261041525e-05	0	0	0	0	0	0
585.8	6.83945332249718e-05	0	0	0	0	0	0
586.3	6.81226502977378e-05	0	0	0	0	0	0
586.7	6.78936385942459e-05	0	0	0	0	0	0
587.2	6.75636420514879e-05	0	0	0	0	0	0
587.7	6.74989642678959e-05	0	0	0	0	0	0
588.2	6.71985453445541e-05	0	0	0	0	0	0
588.7	6.70217793339226e-05	0	0	0	0	0	0
589.2	6.69685807563416e-05	0	0	0	0	0	0
589.7	6.68942585270896e-05	0	0	0	0	0	0
590.2	6.68749441641213e-05	0	0	0	0	0	0
590.7	6.65871861506051e-05	0	0	0	0	0	0
591.2	6.63785923767461e-05	0	0	0	0	0	0
591.6	6.64216926317554e-05	0	0	0	0	0	0
592.1	6.60132627447296e-05	0	0	0	0	0	0
592.6	6.60395300355997e-05	0	0	0	0	0	0
593.1	6.59482513586276e-05	0	0	0	0	0	0
593.6	6.59046505691722e-05	0	0	0	0	0	0
594.1	6.57048424694978e-05	0	0	0	0	0	0
594.6	6.54022111470512e-05	0	0	0	0	0	0
595.1	6.57863244671578e-05	0	0	0	0	0	0
595.6	6.54542124252346e-05	0	0	0	0	0	0
596	6.53967501789579e-05	0	0	0	0	0	0
596.5	6.56567354699082e-05	0	0	0	0	0	0
597	6.54194156833846e-05	0	0	0	0	0	0
597.5	6.51608332410839e-05	0	0	0	0	0	0
598	6.5300921804236e-05	0	0	0	0	0	0
598.5	6.52738294899044e-05	0	0	0	0	0	0
599	6.49081853070002e-05	0	0	0	0	0	0
599.5	6.46811278394084e-05	0	0	0	0	0	0
600	6.4679925608088e-05	0	0	0	0	0	0
600.5	6.44773850723934e-05	0	0	0	0	0	0
600.9	6.45832191233486e-05	0	0	0	0	0	0
601.4	6.47976149871164e-05	0	0	0	0	0	0
601.9	6.48103187149722e-05	0	0	0	0	0	0
602.4	6.47829907617585e-05	0	0	0	0	0	0
602.9	6.4820602136969e-05	0	0	0	0	0	0
603.4	6.52402884548164e-05	0	0	0	0	0	0
603.9	6.5622021571519e-05	0	0	0	0	0	0
604.4	6.57487301082718e-05	0	0	0	0	0	0
604.9	6.62381454830016e-05	0	0	0	0	0	0
605.4	6.64507986583436e-05	0	0	0	0	0	0
605.9	6.7113448247346e-05	0	0	0	0	0	0
606.3	6.71028060448518e-05	0	0	0	0	0	0
606.8	6.74117866238985e-05	0	0	0	0	0	0
607.3	6.76457826564888e-05	0	0	0	0	0	0
607.8	6.78921387779286e-05	0	0	0	0	0	0
608.3	6.79854130575647e-05	0	0	0	0	0	0
608.8	6.82308494289003e-05	0	0	0	0	0	0
609.3	6.82483312507491e-05	0	0	0	0	0	0
609.8	6.82514454607016e-05	0	0	0	0	0	0
610.3	6.84315826138659e-05	0	0	0	0	0	0
610.8	6.86511247833204e-05	0	0	0	0	0	0
611.2	6.84527913876996e-05	0	0	0	0	0	0
611.7	6.87408399293195e-05	0	0	0	0	0	0
612.2	6.89456493116984e-05	0	0	0	0	0	0
612.7	6.89695641651756e-05	0	0	0	0	0	0
613.2	6.94565298180178e-05	0	0	0	0	0	0
613.7	6.93045135915545e-05	0	0	0	0	0	0
614.2	6.95666189378936e-05	0	0	0	0	0	0
614.7	6.93767145763135e-05	0	0	0	0	0	0
615.2	6.95072128895591e-05	0	0	0	0	0	0
615.7	6.9723919915386e-05	0	0	0	0	0	0
616.2	6.97562020814463e-05	0	0	0	0	0	0
616.6	7.00355429236746e-05	0	0	0	0	0	0
617.1	6.98308299557675e-05	0	0	0	0	0	0
617.6	7.03570809343457e-05	0	0	0	0	0	0
618.1	7.01864082250457e-05	0	0	0	0	0	0
618.6	7.0387094410148e-05	0	0	0	0	0	0
619.1	7.06071208964191e-05	0	0	0	0	0	0
619.6	7.04490812482637e-05	0	0	0	0	0	0
620.1	7.06562349551728e-05	0	0	0	0	0	0
620.6	7.0806136180983e-05	0	0	0	0	0	0
621.1	7.09204828404141e-05	0	0	0	0	0	0
621.6	7.08217809451806e-05	0	0	0	0	0	0
622.1	7.10938544212188e-05	0	0	0	0	0	0
622.5	7.11692252893845e-05	0	0	0	0	0	0
623	7.15781724591654e-05	0	0	0	0	0	0
623.5	7.14075677525356e-05	0	0	0	0	0	0
624	7.17564151810462e-05	0	0	0	0	0	0
624.5	7.16030925313535e-05	0	0	0	0	0	0
625	7.20319597999819e-05	0	0	0	0	0	0
625.5	7.22140286611582e-05	0	0	0	0	0	0
626	7.23385506646072e-05	0	0	0	0	0	0
626.5	7.23547674183353e-05	0	0	0	0	0	0
627	7.27048504492332e-05	0	0	0	0	0	0
627.5	7.26687604899644e-05	0	0	0	0	0	0
628	7.25402548569642e-05	0	0	0	0	0	0
628.4	7.28131924667229e-05	0	0	0	0	0	0
628.9	7.26771715439863e-05	0	0	0	0	0	0
629.4	7.30770134606521e-05	0	0	0	0	0	0
629.9	7.26828890102966e-05	0	0	0	0	0	0
630.4	7.28353895963408e-05	0	0	0	0	0	0
630.9	7.27054459598737e-05	0	0	0	0	0	0
631.4	7.26669455586572e-05	0	0	0	0	0	0
631.9	7.28898619501287e-05	0	0	0	0	0	0
632.4	7.30913418557434e-05	0	0	0	0	0	0
632.9	7.31258747186618e-05	0	0	0	0	0	0
633.4	7.2896585627103e-05	0	0	0	0	0	0
633.9	7.3053511743866e-05	0	0	0	0	0	0
634.4	7.30974164913813e-05	0	0	0	0	0	0
634.8	7.32829324291615e-05	0	0	0	0	0	0
635.3	7.32982708226409e-05	0	0	0	0	0	0
635.8	7.31178980132336e-05	0	0	0	0	0	0
636.3	7.29099004649661e-05	0	0	0	0	0	0
636.8	7.29838777849296e-05	0	0	0	0	0	0
637.3	7.27918796355228e-05	0	0	0	0	0	0
637.8	7.28562982611368e-05	0	0	0	0	0	0
638.3	7.26986329606804e-05	0	0	0	0	0	0
638.8	7.28581150091472e-05	0	0	0	0	0	0
639.3	7.28694201199622e-05	0	0	0	0	0	0
639.8	7.2773131079567e-05	0	0	0	0	0	0
640.3	7.26388439909643e-05	0	0	0	0	0	0
640.8	7.2873603930948e-05	0	0	0	0	0	0
641.2	7.28001951645447e-05	0	0	0	0	0	0
641.7	7.23817379399025e-05	0	0	0	0	0	0
642.2	7.28151070530967e-05	0	0	0	0	0	0
642.7	7.25769295809152e-05	0	0	0	0	0	0
643.2	7.2695221072042e-05	0	0	0	0	0	0
643.7	7.25857528544951e-05	0	0	0	0	0	0
644.2	7.26699073933773e-05	0	0	0	0	0	0
644.7	7.24459249904576e-05	0	0	0	0	0	0
645.2	7.22516680741339e-05	0	0	0	0	0	0
645.7	7.23614018354788e-05	0	0	0	0	0	0
646.2	7.22775203348557e-05	0	0	0	0	0	0
646.7	7.21579298255183e-05	0	0	0	0	0	0
647.2	7.19248215784286e-05	0	0	0	0	0	0
647.7	7.1889536777952e-05	0	0	0	0	0	0
648.1	7.17333873881258e-05	0	0	0	0	0	0
648.6	7.17337376817973e-05	0	0	0	0	0	0
649.1	7.1698189871268e-05	0	0	0	0	0	0
649.6	7.16826296093461e-05	0	0	0	0	0	0
650.1	7.14021498699679e-05	0	0	0	0	0	0
650.6	7.14000568207096e-05	0	0	0	0	0	0
651.1	7.1353126411581e-05	0	0	0	0	0	0
651.6	7.12070339533483e-05	0	0	0	0	0	0
652.1	7.11556388206126e-05	0	0	0	0	0	0
652.6	7.10634064531779e-05	0	0	0	0	0	0
653.1	7.06057986005044e-05	0	0	0	0	0	0
653.6	7.06480693551363e-05	0	0	0	0	0	0
654.1	7.05510101385711e-05	0	0	0	0	0	0
654.6	7.06351165271257e-05	0	0	0	0	0	0
655.1	7.00721579281929e-05	0	0	0	0	0	0
655.5	7.00488401640321e-05	0	0	0	0	0	0
656	6.97529616444727e-05	0	0	0	0	0	0
656.5	6.99014487415896e-05	0	0	0	0	0	0
657	6.99203100530925e-05	0	0	0	0	0	0
657.5	6.95663843561687e-05	0	0	0	0	0	0
658	6.95228638200313e-05	0	0	0	0	0	0
658.5	6.94506253191261e-05	0	0	0	0	0	0
659	6.89693430947306e-05	0	0	0	0	0	0
659.5	6.89828227351801e-05	0	0	0	0	0	0
660	6.85935920824809e-05	0	0	0	0	0	0
660.5	6.83857683794787e-05	0	0	0	0	0	0
661	6.8516438341744e-05	0	0	0	0	0	0
661.5	6.81813415874478e-05	0	0	0	0	0	0
662	6.79296103262472e-05	0	0	0	0	0	0
662.5	6.75558746709214e-05	0	0	0	0	0	0
662.9	6.72640173381885e-05	0	0	0	0	0	0
663.4	6.71516945606482e-05	0	0	0	0	0	0
663.9	6.71477900570505e-05	0	0	0	0	0	0
664.4	6.69152306549392e-05	0	0	0	0	0	0
664.9	6.66069174287155e-05	0	0	0	0	0	0
665.4	6.64807438925086e-05	0	0	0	0	0	0
665.9	6.63857387661256e-05	0	0	0	0	0	0
666.4	6.58807706410243e-05	0	0	0	0	0	0
666.9	6.59088939321728e-05	0	0	0	0	0	0
667.4	6.5595159448677e-05	0	0	0	0	0	0
667.9	6.56233655087468e-05	0	0	0	0	0	0
668.4	6.54631890680828e-05	0	0	0	0	0	0
668.9	6.51909764720377e-05	0	0	0	0	0	0
669.4	6.49894603366014e-05	0	0	0	0	0	0
669.9	6.49370456373078e-05	0	0	0	0	0	0
670.4	6.46534439242027e-05	0	0	0	0	0	0
670.9	6.4233134672956e-05	0	0	0	0	0	0
671.3	6.41059564042765e-05	0	0	0	0	0	0
671.8	6.42577367974673e-05	0	0	0	0	0	0
672.3	6.38438463666613e-05	0	0	0	0	0	0
672.8	6.35678167173561e-05	0	0	0	0	0	0
673.3	6.3170217333041e-05	0	0	0	0	0	0
673.8	6.31977160297544e-05	0	0	0	0	0	0
674.3	6.30266205058892e-05	0	0	0	0	0	0
674.8	6.2674015181201e-05	0	0	0	0	0	0
675.3	6.23340699500822e-05	0	0	0	0	0	0
675.8	6.23402961669239e-05	0	0	0	0	0	0
676.3	6.2108131854453e-05	0	0	0	0	0	0
676.8	6.18925450935487e-05	0	0	0	0	0	0
677.3	6.18389419792946e-05	0	0	0	0	0	0
677.8	6.14716600997846e-05	0	0	0	0	0	0
678.3	6.13095255716131e-05	0	0	0	0	0	0
678.8	6.11578203181448e-05	0	0	0	0	0	0
679.3	6.09448598735665e-05	0	0	0	0	0	0
679.8	6.07936213670011e-05	0	0	0	0	0	0
680.2	6.04147431021637e-05	0	0	0	0	0	0
680.7	6.03630271451365e-05	0	0	0	0	0	0
681.2	6.0193622652527e-05	0	0	0	0	0	0
681.7	5.9752971003782e-05	0	0	0	0	0	0
682.2	5.96781223740205e-05	0	0	0	0	0	0
682.7	5.95522412493609e-05	0	0	0	0	0	0
683.2	5.95440820528676e-05	0	0	0	0	0	0
683.7	5.89880309252043e-05	0	0	0	0	0	0
684.2	5.87492600876868e-05	0	0	0	0	0	0
684.7	5.87265430166722e-05	0	0	0	0	0	0
685.2	5.86009804032633e-05	0	0	0	0	0	0
685.7	5.82746292342588e-05	0	0	0	0	0	0
686.2	5.81558114611759e-05	0	0	0	0	0	0
686.7	5.78624702717724e-05	0	0	0	0	0	0
687.2	5.78306112633749e-05	0	0	0	0	0	0
687.7	5.74619143401516e-05	0	0	0	0	0	0
688.2	5.70278086271589e-05	0	0	0	0	0	0
688.7	5.72725602137693e-05	0	0	0	0	0	0
689.2	5.67091137455668e-05	0	0	0	0	0	0
689.6	5.65495588077505e-05	0	0	0	0	0	0
690.1	5.64714175346923e-05	0	0	0	0	0	0
690.6	5.63936840519977e-05	0	0	0	0	0	0
691.1	5.61646803181299e-05	0	0	0	0	0	0
691.6	5.58909618931453e-05	0	0	0	0	0	0
692.1	5.57776695656249e-05	0	0	0	0	0	0
692.6	5.55504537089313e-05	0	0	0	0	0	0
693.1	5.50749314713144e-05	0	0	0	0	0	0
693.6	5.50645894294666e-05	0	0	0	0	0	0
694.1	5.46594357336056e-05	0	0	0	0	0	0
694.6	5.45032359225512e-05	0	0	0	0	0	0
695.1	5.42915911010795e-05	0	0	0	0	0	0
695.6	5.43127966290931e-05	0	0	0	0	0	0
696.1	5.39078836718967e-05	0	0	0	0	0	0
696.6	5.38979662111346e-05	0	0	0	0	0	0
697.1	5.36737345065244e-05	0	0	0	0	0	0
697.6	5.34690127092859e-05	0	0	0	0	0	0
698.1	5.3189079778059e-05	0	0	0	0	0	0
698.6	5.31459906903698e-05	0	0	0	0	0	0
699.1	5.29226419747987e-05	0	0	0	0	0	0
699.5	5.26549432388563e-05	0	0	0	0	0	0
700	5.25021983558744e-05	0	0	0	0	0	0
700.5	5.20618643270944e-05	0	0	0	0	0	0
701	5.19311787186691e-05	0	0	0	0	0	0
701.5	5.199078369694e-05	0	0	0	0	0	0
702	5.1749328944309e-05	0	0	0	0	0	0
702.5	5.14970860862834e-05	0	0	0	0	0	0
703	5.13668690389754e-05	0	0	0	0	0	0
703.5	5.10990973222342e-05	0	0	0	0	0	0
704	5.09128244945454e-05	0	0	0	0	0	0
704.5	5.08127825965981e-05	0	0	0	0	0	0
705	5.05765804901133e-05	0	0	0	0	0	0
705.5	5.0394839474425e-05	0	0	0	0	0	0
706	5.02022617860547e-05	0	0	0	0	0	0
706.5	5.00583064290726e-05	0	0	0	0	0	0
707	4.99201354330192e-05	0	0	0	0	0	0
707.5	4.97689706252827e-05	0	0	0	0	0	0
708	4.93741050114985e-05	0	0	0	0	0	0
708.5	4.93690198537282e-05	0	0	0	0	0	0
709	4.90165987500834e-05	0	0	0	0	0	0
709.5	4.89177943826748e-05	0	0	0	0	0	0
710	4.88753219151768e-05	0	0	0	0	0	0
710.4	4.87565195061441e-05	0	0	0	0	0	0
710.9	4.87371363439572e-05	0	0	0	0	0	0
711.4	4.846405230104e-05	0	0	0	0	0	0
711.9	4.81441219039123e-05	0	0	0	0	0	0
712.4	4.81476403325501e-05	0	0	0	0	0	0
712.9	4.78298196500686e-05	0	0	0	0	0	0
713.4	4.77796789312569e-05	0	0	0	0	0	0
713.9	4.7413911959407e-05	0	0	0	0	0	0
714.4	4.73977331688117e-05	0	0	0	0	0	0
714.9	4.71605880753805e-05	0	0	0	0	0	0
715.4	4.71627171798845e-05	0	0	0	0	0	0
715.9	4.7209403009915e-05	0	0	0	0	0	0
716.4	4.70049743447666e-05	0	0	0	0	0	0
716.9	4.69016875094386e-05	0	0	0	0	0	0
717.4	4.66830605386643e-05	0	0	0	0	0	0
717.9	4.62789366153737e-05	0	0	0	0	0	0
718.4	4.5959089416473e-05	0	0	0	0	0	0
718.9	4.57493223697774e-05	0	0	0	0	0	0
719.4	4.55998738487513e-05	0	0	0	0	0	0
719.9	4.56056168900705e-05	0	0	0	0	0	0
720.4	4.54265601698601e-05	0	0	0	0	0	0
720.9	4.51406927879849e-05	0	0	0	0	0	0
721.4	4.50572780823918e-05	0	0	0	0	0	0
721.9	4.48940898148052e-05	0	0	0	0	0	0
722.3	4.48386677106157e-05	0	0	0	0	0	0
722.8	4.44871423294365e-05	0	0	0	0	0	0
723.3	4.44624912497223e-05	0	0	0	0	0	0
723.8	4.43486655734451e-05	0	0	0	0	0	0
724.3	4.42107342783984e-05	0	0	0	0	0	0
724.8	4.40995869476464e-05	0	0	0	0	0	0
725.3	4.38815801857047e-05	0	0	0	0	0	0
725.8	4.38359006398078e-05	0	0	0	0	0	0
726.3	4.38241546592442e-05	0	0	0	0	0	0
726.8	4.36792660558056e-05	0	0	0	0	0	0
727.3	4.35189848769406e-05	0	0	0	0	0	0
727.8	4.35029552591669e-05	0	0	0	0	0	0
728.3	4.31703768283749e-05	0	0	0	0	0	0
728.8	4.31856956237597e-05	0	0	0	0	0	0
729.3	4.31017855658398e-05	0	0	0	0	0	0
729.8	4.2870023207147e-05	0	0	0	0	0	0
730.3	4.26384907385136e-05	0	0	0	0	0	0
730.8	4.27017092894167e-05	0	0	0	0	0	0
731.3	4.25475429620622e-05	0	0	0	0	0	0
731.8	4.24180374904005e-05	0	0	0	0	0	0
732.3	4.22161206365654e-05	0	0	0	0	0	0
732.8	4.22036136747148e-05	0	0	0	0	0	0
733.3	4.21906447190036e-05	0	0	0	0	0	0
733.8	4.20892372712856e-05	0	0	0	0	0	0
734.3	4.22425629354871e-05	0	0	0	0	0	0
734.8	4.20995947848514e-05	0	0	0	0	0	0
735.2	4.19909973411031e-05	0	0	0	0	0	0
735.7	4.17346999508726e-05	0	0	0	0	0	0
736.2	4.17146359290364e-05	0	0	0	0	0	0
736.7	4.15536513246446e-05	0	0	0	0	0	0
737.2	4.14926202091482e-05	0	0	0	0	0	0
737.7	4.13199415288249e-05	0	0	0	0	0	0
738.2	4.12386773114682e-05	0	0	0	0	0	0
738.7	4.11942346915286e-05	0	0	0	0	0	0
739.2	4.10941579406242e-05	0	0	0	0	0	0
739.7	4.10354111173598e-05	0	0	0	0	0	0
740.2	4.08536519874478e-05	0	0	0	0	0	0
740.7	4.0866991589582e-05	0	0	0	0	0	0
741.2	4.07639228448391e-05	0	0	0	0	0	0
741.7	4.07500840966296e-05	0	0	0	0	0	0
742.2	4.05840223697815e-05	0	0	0	0	0	0
742.7	4.05413854983856e-05	0	0	0	0	0	0
743.2	4.04312535568023e-05	0	0	0	0	0	0
743.7	4.0402673941044e-05	0	0	0	0	0	0
744.2	4.04384341613311e-05	0	0	0	0	0	0
744.7	4.0280339007044e-05	0	0	0	0	0	0
745.2	4.02250091649335e-05	0	0	0	0	0	0
745.7	3.99881569017458e-05	0	0	0	0	0	0
746.2	4.00117125507509e-05	0	0	0	0	0	0
746.7	3.99736374835712e-05	0	0	0	0	0	0
747.2	3.98544573728723e-05	0	0	0	0	0	0
747.7	3.98273865592181e-05	0	0	0	0	0	0
748.2	3.97679279334716e-05	0	0	0	0	0	0
748.7	3.96559732033728e-05	0	0	0	0	0	0
749.1	3.952927436582e-05	0	0	0	0	0	0
749.6	3.9789813716179e-05	0	0	0	0	0	0
750.1	3.98298624179267e-05	0	0	0	0	0	0
750.6	3.9709940798154e-05	0	0	0	0	0	0
751.1	3.95815212065464e-05	0	0	0	0	0	0
751.6	3.94871307654152e-05	0	0	0	0	0	0
752.1	3.95082270943568e-05	0	0	0	0	0	0
752.6	3.96384104866531e-05	0	0	0	0	0	0
753.1	3.95258461691872e-05	0	0	0	0	0	0
753.6	3.96575342290957e-05	0	0	0	0	0	0
754.1	3.96260212580468e-05	0	0	0	0	0	0
754.6	3.95842776775886e-05	0	0	0	0	0	0
755.1	3.95998326389009e-05	0	0	0	0	0	0
755.6	3.97749918015622e-05	0	0	0	0	0	0
756.1	3.98458777613827e-05	0	0	0	0	0	0
756.6	3.98454998406112e-05	0	0	0	0	0	0
757.1	3.98454965708884e-05	0	0	0	0	0	0
757.6	4.00515098517457e-05	0	0	0	0	0	0
758.1	3.98605624340532e-05	0	0	0	0	0	0
758.6	4.03269949121591e-05	0	0	0	0	0	0
759.1	4.04677205881587e-05	0	0	0	0	0	0
759.6	4.04821539509266e-05	0	0	0	0	0	0
760.1	4.04433837131266e-05	0	0	0	0	0	0
760.6	4.04157149593344e-05	0	0	0	0	0	0
761.1	4.07277430858485e-05	0	0	0	0	0	0
761.6	4.0765236444632e-05	0	0	0	0	0	0
762.1	4.11095223625869e-05	0	0	0	0	0	0
762.6	4.10868443163227e-05	0	0	0	0	0	0
763.1	4.11412562758612e-05	0	0	0	0	0	0
763.6	4.12015544569512e-05	0	0	0	0	0	0
764	4.15005162020004e-05	0	0	0	0	0	0
764.5	4.16735042581019e-05	0	0	0	0	0	0
765	4.16121249608263e-05	0	0	0	0	0	0
765.5	4.16231117206557e-05	0	0	0	0	0	0
766	4.18767889321735e-05	0	0	0	0	0	0
766.5	4.18758723445861e-05	0	0	0	0	0	0
767	4.20413244388047e-05	0	0	0	0	0	0
767.5	4.20760630949068e-05	0	0	0	0	0	0
768	4.2236770911232e-05	0	0	0	0	0	0
768.5	4.2437572263497e-05	0	0	0	0	0	0
769	4.25813222348984e-05	0	0	0	0	0	0
769.5	4.26782117331481e-05	0	0	0	0	0	0
770	4.26354248597851e-05	0	0	0	0	0	0
770.5	4.28582980910508e-05	0	0	0	0	0	0
771	4.29342997025347e-05	0	0	0	0	0	0
771.5	4.30887376771035e-05	0	0	0	0	0	0
772	4.32429594058843e-05	0	0	0	0	0	0
772.5	4.33006883118885e-05	0	0	0	0	0	0
773	4.343421576426e-05	0	0	0	0	0	0
773.5	4.35601609210079e-05	0	0	0	0	0	0
774	4.35445518038003e-05	0	0	0	0	0	0
774.5	4.36536269081998e-05	0	0	0	0	0	0
775	4.38200829417512e-05	0	0	0	0	0	0
775.5	4.39818231519933e-05	0	0	0	0	0	0
776	4.39782139437307e-05	0	0	0	0	0	0
776.5	4.3944610280712e-05	0	0	0	0	0	0
777	4.41437270564909e-05	0	0	0	0	0	0
777.5	4.43072562866232e-05	0	0	0	0	0	0
778	4.45428698880793e-05	0	0	0	0	0	0
778.5	4.46998351880281e-05	0	0	0	0	0	0
779	4.48094670427777e-05	0	0	0	0	0	0
779.4	4.48080140042225e-05	0	0	0	0	0	0
779.9	4.51422204943035e-05	0	0	0	0	0	0
780.4	4.52268177469042e-05	0	0	0	0	0	0
780.9	4.52730166126368e-05	0	0	0	0	0	0
781.4	4.52403314371749e-05	0	0	0	0	0	0
781.9	4.54940983596303e-05	0	0	0	0	0	0
782.4	4.55594921754941e-05	0	0	0	0	0	0
782.9	4.56677415158562e-05	0	0	0	0	0	0
783.4	4.57768877681165e-05	0	0	0	0	0	0
783.9	4.57365858381219e-05	0	0	0	0	0	0
784.4	4.57075456332261e-05	0	0	0	0	0	0
784.9	4.57219309580686e-05	0	0	0	0	0	0
785.4	4.59363913456026e-05	0	0	0	0	0	0
785.9	4.61198038683772e-05	0	0	0	0	0	0
786.4	4.60383617606112e-05	0	0	0	0	0	0
786.9	4.60891464067587e-05	0	0	0	0	0	0
787.4	4.63145973159573e-05	0	0	0	0	0	0
787.9	4.64710929897344e-05	0	0	0	0	0	0
788.4	4.65364867682557e-05	0	0	0	0	0	0
788.9	4.65165039917979e-05	0	0	0	0	0	0
789.4	4.69553944999499e-05	0	0	0	0	0	0
789.9	4.68329393258206e-05	0	0	0	0	0	0
790.4	4.66631431708272e-05	0	0	0	0	0	0
790.9	4.69702955589842e-05	0	0	0	0	0	0
791.4	4.71937354238502e-05	0	0	0	0	0	0
791.9	4.72096100535623e-05	0	0	0	0	0	0
792.4	4.73747093304984e-05	0	0	0	0	0	0
792.9	4.73422479131508e-05	0	0	0	0	0	0
793.4	4.74249999565923e-05	0	0	0	0	0	0
793.9	4.76100534184597e-05	0	0	0	0	0	0
794.4	4.75750431008097e-05	0	0	0	0	0	0
794.9	4.79072096710562e-05	0	0	0	0	0	0
795.3	4.78237116104566e-05	0	0	0	0	0	0
795.8	4.79522547967869e-05	0	0	0	0	0	0
796.3	4.83375417420202e-05	0	0	0	0	0	0
796.8	4.81730668942723e-05	0	0	0	0	0	0
797.3	4.82645500487965e-05	0	0	0	0	0	0
797.8	4.83446184214163e-05	0	0	0	0	0	0
798.3	4.86360625501305e-05	0	0	0	0	0	0
798.8	4.8637881730234e-05	0	0	0	0	0	0
799.3	4.87805879917514e-05	0	0	0	0	0	0
799.8	4.90357652286484e-05	0	0	0	0	0	0
800.3	4.92057298154318e-05	0	0	0	0	0	0
800.8	4.93342278004989e-05	0	0	0	0	0	0
801.3	4.95224082078608e-05	0	0	0	0	0	0
801.8	4.99748350805114e-05	0	0	0	0	0	0
802.3	4.99586032927054e-05	0	0	0	0	0	0
802.8	5.04243143006632e-05	0	0	0	0	0	0
803.3	5.0269613310495e-05	0	0	0	0	0	0
803.8	5.04734498903989e-05	0	0	0	0	0	0
804.3	5.06534862962818e-05	0	0	0	0	0	0
804.8	5.08186936144663e-05	0	0	0	0	0	0
805.3	5.08739322743397e-05	0	0	0	0	0	0
805.8	5.07925768883708e-05	0	0	0	0	0	0
806.3	5.09178932466681e-05	0	0	0	0	0	0
806.8	5.10918907490496e-05	0	0	0	0	0	0
807.3	5.14493941717613e-05	0	0	0	0	0	0
807.8	5.14741153033952e-05	0	0	0	0	0	0
808.3	5.16086378730873e-05	0	0	0	0	0	0
808.8	5.1861577237575e-05	0	0	0	0	0	0
809.3	5.20473705509128e-05	0	0	0	0	0	0
809.8	5.23910500935984e-05	0	0	0	0	0	0
810.3	5.25772583698678e-05	0	0	0	0	0	0
810.8	5.24531524813378e-05	0	0	0	0	0	0
811.2	5.28039023778781e-05	0	0	0	0	0	0
811.7	5.30655242459605e-05	0	0	0	0	0	0
812.2	5.31582508660962e-05	0	0	0	0	0	0
812.7	5.3061027487962e-05	0	0	0	0	0	0
813.2	5.34676938703517e-05	0	0	0	0	0	0
813.7	5.3511194086045e-05	0	0	0	0	0	0
814.2	5.36421632590216e-05	0	0	0	0	0	0
814.7	5.37106192403168e-05	0	0	0	0	0	0
815.2	5.40715414450214e-05	0	0	0	0	0	0
815.7	5.44261068758836e-05	0	0	0	0	0	0
816.2	5.44150900371355e-05	0	0	0	0	0	0
816.7	5.44370622244723e-05	0	0	0	0	0	0
817.2	5.47782760779165e-05	0	0	0	0	0	0
817.7	5.50908024724209e-05	0	0	0	0	0	0
818.2	5.53494386022904e-05	0	0	0	0	0	0
818.7	5.54064122377725e-05	0	0	0	0	0	0
819.2	5.55725966127463e-05	0	0	0	0	0	0
819.7	5.55817206846269e-05	0	0	0	0	0	0
820.2	5.57134360759867e-05	0	0	0	0	0	0
820.7	5.61173706321338e-05	0	0	0	0	0	0
821.2	5.63497416209528e-05	0	0	0	0	0	0
821.7	5.6500575682598e-05	0	0	0	0	0	0
822.2	5.65858033742141e-05	0	0	0	0	0	0
822.7	5.69667742563067e-05	0	0	0	0	0	0
823.2	5.72152782050838e-05	0	0	0	0	0	0
823.7	5.72692796886995e-05	0	0	0	0	0	0
824.2	5.77844213395409e-05	0	0	0	0	0	0
824.7	5.76266696683003e-05	0	0	0	0	0	0
825.2	5.80852517279153e-05	0	0	0	0	0	0
825.7	5.8498761622102e-05	0	0	0	0	0	0
826.1	5.85246218710126e-05	0	0	0	0	0	0
826.6	5.86586595039341e-05	0	0	0	0	0	0
827.1	5.86550779409219e-05	0	0	0	0	0	0
827.6	5.8981722265602e-05	0	0	0	0	0	0
828.1	5.91645294543058e-05	0	0	0	0	0	0
828.6	5.98388225135131e-05	0	0	0	0	0	0
829.1	5.95438523543161e-05	0	0	0	0	0	0
829.6	5.99374597692706e-05	0	0	0	0	0	0
830.1	6.02439099381401e-05	0	0	0	0	0	0
830.6	6.03220922375193e-05	0	0	0	0	0	0
831.1	6.07274128371994e-05	0	0	0	0	0	0
831.6	6.09183166426502e-05	0	0	0	0	0	0
832.1	6.13960135333797e-05	0	0	0	0	0	0
832.6	6.15116139314183e-05	0	0	0	0	0	0
833.1	6.20050687940625e-05	0	0	0	0	0	0
833.6	6.2130382396599e-05	0	0	0	0	0	0
834.1	6.25981330219996e-05	0	0	0	0	0	0
834.6	6.29320086782046e-05	0	0	0	0	0	0
835.1	6.30698781861532e-05	0	0	0	0	0	0
835.6	6.34177474452026e-05	0	0	0	0	0	0
836.1	6.35664474603911e-05	0	0	0	0	0	0
836.6	6.42228163809417e-05	0	0	0	0	0	0
837.1	6.45468480400199e-05	0	0	0	0	0	0
837.6	6.45686526052929e-05	0	0	0	0	0	0
838.1	6.51283022487923e-05	0	0	0	0	0	0
838.6	6.56365433024901e-05	0	0	0	0	0	0
839.1	6.58792912222994e-05	0	0	0	0	0	0
839.6	6.64640604409642e-05	0	0	0	0	0	0
840	6.69044635642006e-05	0	0	0	0	0	0
840.5	6.70175034464753e-05	0	0	0	0	0	0
841	6.77139395037472e-05	0	0	0	0	0	0
841.5	6.77655573161372e-05	0	0	0	0	0	0
842	6.82210281224692e-05	0	0	0	0	0	0
842.5	6.85132734977211e-05	0	0	0	0	0	0
843	6.88558656478494e-05	0	0	0	0	0	0
843.5	6.94040474845841e-05	0	0	0	0	0	0
844	6.97841037590594e-05	0	0	0	0	0	0
844.5	7.00689147902091e-05	0	0	0	0	0	0
845	7.01970730922647e-05	0	0	0	0	0	0
845.5	7.05373264986145e-05	0	0	0	0	0	0
846	7.06382491015924e-05	0	0	0	0	0	0
846.5	7.14267084312183e-05	0	0	0	0	0	0
847	7.13973620810925e-05	0	0	0	0	0	0
847.5	7.13417523166323e-05	0	0	0	0	0	0
848	7.16125552151621e-05	0	0	0	0	0	0
848.5	7.19731084151481e-05	0	0	0	0	0	0
849	7.22441722143922e-05	0	0	0	0	0	0
849.5	7.24118555121551e-05	0	0	0	0	0	0
850	7.25372756085034e-05	0	0	0	0	0	0
850.5	7.30197493699033e-05	0	0	0	0	0	0
851	7.32894590213949e-05	0	0	0	0	0	0
851.5	7.36189246448488e-05	0	0	0	0	0	0
852	7.36991457976962e-05	0	0	0	0	0	0
852.5	7.36317923847796e-05	0	0	0	0	0	0
852.9	7.35514894824626e-05	0	0	0	0	0	0
853.4	7.37233348159151e-05	0	0	0	0	0	0
853.9	7.37252855424141e-05	0	0	0	0	0	0
854.4	7.39750646579094e-05	0	0	0	0	0	0
854.9	7.42767079517385e-05	0	0	0	0	0	0
855.4	7.440395674177e-05	0	0	0	0	0	0
855.9	7.45983674078175e-05	0	0	0	0	0	0
856.4	7.4854975616108e-05	0	0	0	0	0	0
856.9	7.46656139317242e-05	0	0	0	0	0	0
857.4	7.49962660141517e-05	0	0	0	0	0	0
857.9	7.47598469848645e-05	0	0	0	0	0	0
858.4	7.54312882921472e-05	0	0	0	0	0	0
858.9	7.5262036697631e-05	0	0	0	0	0	0
859.4	7.54256020243316e-05	0	0	0	0	0	0
859.9	7.57147932370815e-05	0	0	0	0	0	0
860.4	7.57313492923828e-05	0	0	0	0	0	0
860.9	7.58233370307041e-05	0	0	0	0	0	0
861.4	7.60802667031779e-05	0	0	0	0	0	0
861.9	7.62165131046778e-05	0	0	0	0	0	0
862.4	7.60518863714053e-05	0	0	0	0	0	0
862.9	7.62560156613583e-05	0	0	0	0	0	0
863.4	7.62325036240805e-05	0	0	0	0	0	0
863.9	7.61682353652623e-05	0	0	0	0	0	0
864.4	7.68867774569295e-05	0	0	0	0	0	0
864.8	7.68243375983193e-05	0	0	0	0	0	0
865.3	7.69502568640852e-05	0	0	0	0	0	0
865.8	7.69520166336452e-05	0	0	0	0	0	0
866.3	7.72625211574707e-05	0	0	0	0	0	0
866.8	7.72755083839218e-05	0	0	0	0	0	0
867.3	7.74710722059749e-05	0	0	0	0	0	0
867.8	7.75592039473086e-05	0	0	0	0	0	0
868.3	7.77592097321134e-05	0	0	0	0	0	0
868.8	7.79118037152749e-05	0	0	0	0	0	0
869.3	7.79137027536746e-05	0	0	0	0	0	0
869.8	7.77696092945612e-05	0	0	0	0	0	0
870.3	7.839681633682e-05	0	0	0	0	0	0
870.8	7.84168386257235e-05	0	0	0	0	0	0
871.3	7.83533527226203e-05	0	0	0	0	0	0
871.8	7.86770909153515e-05	0	0	0	0	0	0
872.3	7.88810759386263e-05	0	0	0	0	0	0
872.8	7.88374393298561e-05	0	0	0	0	0	0
873.3	7.88760983042865e-05	0	0	0	0	0	0
873.8	7.93383840585165e-05	0	0	0	0	0	0
874.3	7.94410573263331e-05	0	0	0	0	0	0
874.8	7.93415643948933e-05	0	0	0	0	0	0
875.3	7.95708938726318e-05	0	0	0	0	0	0
875.8	7.98215005784858e-05	0	0	0	0	0	0
876.2	8.01530457146758e-05	0	0	0	0	0	0
876.7	8.0117068973366e-05	0	0	0	0	0	0
877.2	8.0272067405138e-05	0	0	0	0	0	0
877.7	8.05069632212772e-05	0	0	0	0	0	0
878.2	8.05775923721157e-05	0	0	0	0	0	0
878.7	8.05415086451451e-05	0	0	0	0	0	0
879.2	8.0527352531862e-05	0	0	0	0	0	0
879.7	8.1187805713459e-05	0	0	0	0	0	0
880.2	8.09834666505156e-05	0	0	0	0	0	0
880.7	8.1593806480481e-05	0	0	0	0	0	0
881.2	8.16092854360388e-05	0	0	0	0	0	0
881.7	8.18555027473964e-05	0	0	0	0	0	0
882.2	8.19613589548818e-05	0	0	0	0	0	0
882.7	8.22039499739445e-05	0	0	0	0	0	0
883.2	8.22850862265063e-05	0	0	0	0	0	0
883.7	8.23484284045238e-05	0	0	0	0	0	0
884.2	8.27074235592298e-05	0	0	0	0	0	0
884.7	8.28484783585924e-05	0	0	0	0	0	0
885.2	8.28065076241668e-05	0	0	0	0	0	0
885.7	8.2809611792398e-05	0	0	0	0	0	0
886.1	8.35193598351603e-05	0	0	0	0	0	0
886.6	8.33174984491502e-05	0	0	0	0	0	0
887.1	8.37212866000435e-05	0	0	0	0	0	0
887.6	8.41011875622775e-05	0	0	0	0	0	0
888.1	8.39663888053764e-05	0	0	0	0	0	0
888.6	8.42344495627067e-05	0	0	0	0	0	0
889.1	8.43982460693083e-05	0	0	0	0	0	0
889.6	8.46966363917415e-05	0	0	0	0	0	0
890.1	8.47512073845157e-05	0	0	0	0	0	0
890.6	8.53260660652585e-05	0	0	0	0	0	0
891.1	8.52526649766429e-05	0	0	0	0	0	0
891.6	8.55224908410133e-05	0	0	0	0	0	0
892.1	8.56298153630678e-05	0	0	0	0	0	0
892.6	8.60387754828925e-05	0	0	0	0	0	0
893.1	8.63162043294068e-05	0	0	0	0	0	0
893.6	8.65211543283951e-05	0	0	0	0	0	0
894.1	8.6694372090527e-05	0	0	0	0	0	0
894.6	8.67767744492143e-05	0	0	0	0	0	0
895.1	8.71028404845101e-05	0	0	0	0	0	0
895.5	8.7436613006115e-05	0	0	0	0	0	0
896	8.75462175624253e-05	0	0	0	0	0	0
896.5	8.77251824151184e-05	0	0	0	0	0	0
897	8.7974324319556e-05	0	0	0	0	0	0
897.5	8.81743850298083e-05	0	0	0	0	0	0
898	8.82829255255935e-05	0	0	0	0	0	0
898.5	8.88164944429609e-05	0	0	0	0	0	0
899	8.90513232137318e-05	0	0	0	0	0	0
899.5	8.89689808464564e-05	0	0	0	0	0	0
900	8.92006286195159e-05	0	0	0	0	0	0
900.5	8.91145043242423e-05	0	0	0	0	0	0
901	8.93500042255511e-05	0	0	0	0	0	0
901.5	8.96374830934541e-05	0	0	0	0	0	0
902	8.98795105659973e-05	0	0	0	0	0	0
902.5	9.01273414381799e-05	0	0	0	0	0	0
903	9.05982298914975e-05	0	0	0	0	0	0
903.5	9.06077590174352e-05	0	0	0	0	0	0
904	9.1045048555993e-05	0	0	0	0	0	0
904.4	9.12685178895073e-05	0	0	0	0	0	0
904.9	9.12922501242081e-05	0	0	0	0	0	0
905.4	9.20152414503816e-05	0	0	0	0	0	0
905.9	9.20942519548023e-05	0	0	0	0	0	0
906.4	9.23196845832572e-05	0	0	0	0	0	0
906.9	9.2750999469943e-05	0	0	0	0	0	0
907.4	9.32948519049991e-05	0	0	0	0	0	0
907.9	9.38997602731526e-05	0	0	0	0	0	0
908.4	9.48427654558805e-05	0	0	0	0	0	0
908.9	9.52103683413618e-05	0	0	0	0	0	0
909.4	9.53753323554422e-05	0	0	0	0	0	0
909.9	9.56658850951657e-05	0	0	0	0	0	0
910.4	9.59263471079404e-05	0	0	0	0	0	0
910.9	9.57078367854648e-05	0	0	0	0	0	0
911.4	9.61859944264335e-05	0	0	0	0	0	0
911.9	9.64356037400972e-05	0	0	0	0	0	0
912.3	9.60797134600668e-05	0	0	0	0	0	0
912.8	9.65776013263635e-05	0	0	0	0	0	0
913.3	9.66568923501816e-05	0	0	0	0	0	0
913.8	9.70983387644913e-05	0	0	0	0	0	0
914.3	9.75289123623836e-05	0	0	0	0	0	0
914.8	9.79388364606247e-05	0	0	0	0	0	0
915.3	9.77240866551872e-05	0	0	0	0	0	0
915.8	9.79870818529096e-05	0	0	0	0	0	0
916.3	9.85153342176193e-05	0	0	0	0	0	0
916.8	9.82819800307342e-05	0	0	0	0	0	0
917.3	9.8567786484748e-05	0	0	0	0	0	0
917.8	9.85144096276168e-05	0	0	0	0	0	0
918.3	9.90943659876731e-05	0	0	0	0	0	0
918.8	9.94704755474044e-05	0	0	0	0	0	0
919.3	9.97157844714148e-05	0	0	0	0	0	0
919.7	0.000100191329926583	0	0	0	0	0	0
920.2	0.000100788338861219	0	0	0	0	0	0
920.7	0.000100774450526515	0	0	0	0	0	0
921.2	0.000100807735794472	0	0	0	0	0	0
921.7	0.000101202583889585	0	0	0	0	0	0
922.2	0.000101297911200841	0	0	0	0	0	0
922.7	0.000101288406988991	0	0	0	0	0	0
923.2	0.000101678735184232	0	0	0	0	0	0
923.7	0.000102299658035858	0	0	0	0	0	0
924.2	0.000102494345759605	0	0	0	0	0	0
924.7	0.000102939110819234	0	0	0	0	0	0
925.2	0.000103560608241743	0	0	0	0	0	0
925.7	0.000104192671294686	0	0	0	0	0	0
926.2	0.000104510088381518	0	0	0	0	0	0
926.7	0.000105100188496364	0	0	0	0	0	0
927.1	0.00010535351722016	0	0	0	0	0	0
927.6	0.000105843464254648	0	0	0	0	0	0
928.1	0.000106418871256515	0	0	0	0	0	0
928.6	0.000106935370287097	0	0	0	0	0	0
929.1	0.000107113216305629	0	0	0	0	0	0
929.6	0.000108038260975245	0	0	0	0	0	0
930.1	0.000107781670979785	0	0	0	0	0	0
930.6	0.000108432424238276	0	0	0	0	0	0
931.1	0.00010908133663436	0	0	0	0	0	0
931.6	0.000109785880273385	0	0	0	0	0	0
932.1	0.000109894228957407	0	0	0	0	0	0
932.6	0.000110473465590958	0	0	0	0	0	0
933.1	0.000111080130168218	0	0	0	0	0	0
933.5	0.00011120852052117	0	0	0	0	0	0
934	0.000111480582699512	0	0	0	0	0	0
934.5	0.000112477205592225	0	0	0	0	0	0
935	0.000112694206421786	0	0	0	0	0	0
935.5	0.000113298524276052	0	0	0	0	0	0
936	0.00011342793882063	0	0	0	0	0	0
936.5	0.000114386124781571	0	0	0	0	0	0
937	0.000113933781525066	0	0	0	0	0	0
937.5	0.000115200670172653	0	0	0	0	0	0
938	0.000115174500277227	0	0	0	0	0	0
938.5	0.000115510926282609	0	0	0	0	0	0
939	0.000116380234486018	0	0	0	0	0	0
939.5	0.000116644033212618	0	0	0	0	0	0
939.9	0.00011713383353025	0	0	0	0	0	0
940.4	0.000117993546032698	0	0	0	0	0	0
940.9	0.000118510358964022	0	0	0	0	0	0
941.4	0.000119236714389404	0	0	0	0	0	0
941.9	0.000119214733750409	0	0	0	0	0	0
942.4	0.000120449526767108	0	0	0	0	0	0
942.9	0.000121591810434607	0	0	0	0	0	0
943.4	0.000122077181458361	0	0	0	0	0	0
943.9	0.000122262356401969	0	0	0	0	0	0
944.4	0.000122800979147703	0	0	0	0	0	0
944.9	0.000123160274069227	0	0	0	0	0	0
945.4	0.000123711801894539	0	0	0	0	0	0
945.8	0.000124044059737173	0	0	0	0	0	0
946.3	0.000125143341985007	0	0	0	0	0	0
946.8	0.00012546386806052	0	0	0	0	0	0
947.3	0.00012582613265522	0	0	0	0	0	0
947.8	0.000126320864794059	0	0	0	0	0	0
948.3	0.000126582817022041	0	0	0	0	0	0
948.8	0.000127676795123194	0	0	0	0	0	0
949.3	0.000128167620672748	0	0	0	0	0	0
949.8	0.000128990221765573	0	0	0	0	0	0
950.3	0.000129877721555743	0	0	0	0	0	0
950.8	0.000130551575152767	0	0	0	0	0	0
951.3	0.000131330736406073	0	0	0	0	0	0
951.7	0.000132321075778049	0	0	0	0	0	0
952.2	0.000132381777728091	0	0	0	0	0	0
952.7	0.000133789133739407	0	0	0	0	0	0
953.2	0.000134035960884771	0	0	0	0	0	0
953.7	0.000134973165588414	0	0	0	0	0	0
954.2	0.000135755212379283	0	0	0	0	0	0
954.7	0.000136302148253971	0	0	0	0	0	0
955.2	0.000136858269218253	0	0	0	0	0	0
955.7	0.000138057580188202	0	0	0	0	0	0
956.2	0.000138667914450026	0	0	0	0	0	0
956.7	0.000139067348985882	0	0	0	0	0	0
957.1	0.000139809754633324	0	0	0	0	0	0
957.6	0.00013997832801233	0	0	0	0	0	0
958.1	0.000140682602239628	0	0	0	0	0	0
958.6	0.000141386872124098	0	0	0	0	0	0
959.1	0.000142475802856784	0	0	0	0	0	0
959.6	0.000143752819611285	0	0	0	0	0	0
960.1	0.000143806854688694	0	0	0	0	0	0
960.6	0.000144489964168787	0	0	0	0	0	0
961.1	0.000145762187586304	0	0	0	0	0	0
961.6	0.000146349835490281	0	0	0	0	0	0
962.1	0.000147426666425514	0	0	0	0	0	0
962.5	0.000147553413067315	0	0	0	0	0	0
963	0.000148178286933179	0	0	0	0	0	0
963.5	0.000148695628366412	0	0	0	0	0	0
964	0.00014909194350372	0	0	0	0	0	0
964.5	0.000150417840730419	0	0	0	0	0	0
965	0.000151159567083354	0	0	0	0	0	0
965.5	0.00015191796606539	0	0	0	0	0	0
966	0.000152512315395555	0	0	0	0	0	0
966.5	0.000153197387120133	0	0	0	0	0	0
967	0.000154181746579615	0	0	0	0	0	0
967.4	0.000155469776874082	0	0	0	0	0	0
967.9	0.000155818863814461	0	0	0	0	0	0
968.4	0.000157224883483041	0	0	0	0	0	0
968.9	0.000157876382374337	0	0	0	0	0	0
969.4	0.00015814910372464	0	0	0	0	0	0
969.9	0.000159837479276515	0	0	0	0	0	0
970.4	0.000160179160784149	0	0	0	0	0	0
970.9	0.000161693138700252	0	0	0	0	0	0
971.4	0.000161771591814311	0	0	0	0	0	0
971.9	0.000163150203432809	0	0	0	0	0	0
972.3	0.000164362668405878	0	0	0	0	0	0
972.8	0.000165114695704452	0	0	0	0	0	0
973.3	0.000166269407631862	0	0	0	0	0	0
973.8	0.000166713303824245	0	0	0	0	0	0
974.3	0.000167963416924241	0	0	0	0	0	0
974.8	0.0001690155995629	0	0	0	0	0	0
975.3	0.000169832008903162	0	0	0	0	0	0
975.8	0.000171099287763844	0	0	0	0	0	0
976.3	0.000171925354580812	0	0	0	0	0	0
976.7	0.000173344182423806	0	0	0	0	0	0
977.2	0.000175083261476684	0	0	0	0	0	0
977.7	0.00017611219623117	0	0	0	0	0	0
978.2	0.000177003551580003	0	0	0	0	0	0
978.7	0.000178468103086085	0	0	0	0	0	0
979.2	0.000179045170115552	0	0	0	0	0	0
979.7	0.00017941206159583	0	0	0	0	0	0
980.2	0.000180539740349425	0	0	0	0	0	0
980.7	0.000181719041794576	0	0	0	0	0	0
981.2	0.000182612085030619	0	0	0	0	0	0
981.6	0.000184093212799261	0	0	0	0	0	0
982.1	0.000185179502706825	0	0	0	0	0	0
982.6	0.000185932865796784	0	0	0	0	0	0
983.1	0.000188230548980005	0	0	0	0	0	0
983.6	0.000188797074593873	0	0	0	0	0	0
984.1	0.000190220697749335	0	0	0	0	0	0
984.6	0.000191373240504934	0	0	0	0	0	0
985.1	0.000192476305967658	0	0	0	0	0	0
985.5	0.000193944874616271	0	0	0	0	0	0
986	0.000195433011367824	0	0	0	0	0	0
986.5	0.000196517349941766	0	0	0	0	0	0
987	0.000197650814957655	0	0	0	0	0	0
987.5	0.000198747193204611	0	0	0	0	0	0
988	0.000200871964242357	0	0	0	0	0	0
988.5	0.000201915236340893	0	0	0	0	0	0
989	0.000204041055850059	0	0	0	0	0	0
989.5	0.000204874742303297	0	0	0	0	0	0
989.9	0.000206580778553829	0	0	0	0	0	0
990.4	0.000208408880882523	0	0	0	0	0	0
990.9	0.00020869331023366	0	0	0	0	0	0
991.4	0.000211424622817883	0	0	0	0	0	0
991.9	0.000212501002205438	0	0	0	0	0	0
992.4	0.000214831288458499	0	0	0	0	0	0
992.9	0.000216604756456637	0	0	0	0	0	0
993.4	0.000218024811126896	0	0	0	0	0	0
993.8	0.000219897881929157	0	0	0	0	0	0
994.3	0.000221422546979891	0	0	0	0	0	0
994.8	0.000223009237996275	0	0	0	0	0	0
995.3	0.00022522592742051	0	0	0	0	0	0
995.8	0.00022631442341782	0	0	0	0	0	0
996.3	0.000228190049073936	0	0	0	0	0	0
996.8	0.000229575712490952	0	0	0	0	0	0
997.3	0.000231409967503434	0	0	0	0	0	0
997.7	0.000233221233510135	0	0	0	0	0	0
998.2	0.000235240951011003	0	0	0	0	0	0
998.7	0.000237618888469624	0	0	0	0	0	0
999.2	0.000239515645365648	0	0	0	0	0	0
999.7	0.000240691635082394	0	0	0	0	0	0
1000.2	0.000242334563393356	0	0	0	0	0	0
1000.7	0.000245632808462579	0	0	0	0	0	0
1001.2	0.000247298900993817	0	0	0	0	0	0
1001.6	0.000249676198317075	0	0	0	0	0	0
1002.1	0.000252500498103865	0	0	0	0	0	0
1002.6	0.000253737655227283	0	0	0	0	0	0
1003.1	0.000257139244050835	0	0	0	0	0	0
1003.6	0.000258625030610655	0	0	0	0	0	0
1004.1	0.000260828835486292	0	0	0	0	0	0
1004.6	0.000262184178768521	0	0	0	0	0	0
1005.1	0.000264927274719469	0	0	0	0	0	0
1005.5	0.00026785925855635	0	0	0	0	0	0
1006	0.000270456848368567	0	0	0	0	0	0
1006.5	0.000271609523536971	0	0	0	0	0	0
1007	0.000274259794174708	0	0	0	0	0	0
1007.5	0.000277346935545021	0	0	0	0	0	0
1008	0.000279731279618655	0	0	0	0	0	0
1008.5	0.000282834884230659	0	0	0	0	0	0
1008.9	0.000285571790586174	0	0	0	0	0	0
1009.4	0.000288730924209231	0	0	0	0	0	0
1009.9	0.000291890793437137	0	0	0	0	0	0
1010.4	0.000293356872399456	0	0	0	0	0	0
1010.9	0.00029688805897805	0	0	0	0	0	0
1011.4	0.000300194553511192	0	0	0	0	0	0
1011.9	0.000304620961706012	0	0	0	0	0	0
1012.3	0.000305361154138728	0	0	0	0	0	0
1012.8	0.000309346286157859	0	0	0	0	0	0
1013.3	0.00031085031528537	0	0	0	0	0	0
1013.8	0.00031317848845279	0	0	0	0	0	0
1014.3	0.000316573682107016	0	0	0	0	0	0
1014.8	0.000320337035166892	0	0	0	0	0	0
1015.3	0.000323615399549694	0	0	0	0	0	0
1015.7	0.000327430127472354	0	0	0	0	0	0
1016.2	0.000330864954154136	0	0	0	0	0	0
1016.7	0.000333949610739166	0	0	0	0	0	0
1017.2	0.00033889436966053	0	0	0	0	0	0
1017.7	0.000341648019361509	0	0	0	0	0	0
1018.2	0.000344742644066692	0	0	0	0	0	0
1018.7	0.000348364904238679	0	0	0	0	0	0
1019.1	0.000352392501357502	0	0	0	0	0	0
1019.6	0.000356367732389442	0	0	0	0	0	0
1020.1	0.000359310604570179	0	0	0	0	0	0
1020.6	0.000363609178790724	0	0	0	0	0	0
1021.1	0.000368742217599828	0	0	0	0	0	0
1021.6	0.000372842842783716	0	0	0	0	0	0
1022.1	0.000375840587064752	0	0	0	0	0	0
1022.5	0.000379367055666486	0	0	0	0	0	0
1023	0.000381658437855719	0	0	0	0	0	0
1023.5	0.000385930810752149	0	0	0	0	0	0
1024	0.000389507813870736	0	0	0	0	0	0
1024.5	0.000393247598580767	0	0	0	0	0	0
1025	0.000397143589010723	0	0	0	0	0	0
1025.4	0.000401278603849912	0	0	0	0	0	0
1025.9	0.00040768500083644	0	0	0	0	0	0
1026.4	0.000412627966581786	0	0	0	0	0	0
1026.9	0.000417351247338328	0	0	0	0	0	0
1027.4	0.000423399203119086	0	0	0	0	0	0
1027.9	0.000429852012836487	0	0	0	0	0	0
1028.4	0.000433851514439761	0	0	0	0	0	0
1028.8	0.000438557089243935	0	0	0	0	0	0
1029.3	0.000442311484073286	0	0	0	0	0	0
1029.8	0.000447511276590971	0	0	0	0	0	0
1030.3	0.000453739135247381	0	0	0	0	0	0
1030.8	0.000460015972580122	0	0	0	0	0	0
1031.3	0.000463347767788547	0	0	0	0	0	0
1031.7	0.000470897627831199	0	0	0	0	0	0
1032.2	0.0004780973384622	0	0	0	0	0	0
1032.7	0.000483945467010316	0	0	0	0	0	0
1033.2	0.000493176004644095	0	0	0	0	0	0
1033.7	0.000497954595717554	0	0	0	0	0	0
1034.2	0.000503526679770032	0	0	0	0	0	0
1034.6	0.000510511968904001	0	0	0	0	0	0
1035.1	0.00051427333656757	0	0	0	0	0	0
1035.6	0.000520214571903201	0	0	0	0	0	0
1036.1	0.000524541388739408	0	0	0	0	0	0
1036.6	0.000530563243661658	0	0	0	0	0	0
1037.1	0.000536101124769607	0	0	0	0	0	0
1037.5	0.000544111612636086	0	0	0	0	0	0
1038	0.000553331591448875	0	0	0	0	0	0
1038.5	0.000559869564123991	0	0	0	0	0	0
1039	0.000569410622597986	0	0	0	0	0	0
1039.5	0.000577628616406245	0	0	0	0	0	0
1040	0.000585978148481046	0	0	0	0	0	0
1040.4	0.000595505671560042	0	0	0	0	0	0
1040.9	0.000605059927390992	0	0	0	0	0	0
1041.4	0.000613618595264332	0	0	0	0	0	0
1041.9	0.000619520573725396	0	0	0	0	0	0
1042.4	0.000627134092942856	0	0	0	0	0	0
1042.9	0.000631276295210335	0	0	0	0	0	0
1043.3	0.000638183594299672	0	0	0	0	0	0
1043.8	0.000645670129716142	0	0	0	0	0	0
1044.3	0.000656250635734633	0	0	0	0	0	0
1044.8	0.000664802771333533	0	0	0	0	0	0
1045.3	0.000674934034905226	0	0	0	0	0	0
1045.8	0.000684653010036546	0	0	0	0	0	0
1046.2	0.000691970874098656	0	0	0	0	0	0
1046.7	0.000702804823622026	0	0	0	0	0	0
1047.2	0.000716853484137511	0	0	0	0	0	0
1047.7	0.000729206325231504	0	0	0	0	0	0
1048.2	0.000742110957635439	0	0	0	0	0	0
1048.6	0.000748373444589693	0	0	0	0	0	0
1049.1	0.000760232844236314	0	0	0	0	0	0
1049.6	0.000768285585092434	0	0	0	0	0	0
1050.1	0.000778138443337294	0	0	0	0	0	0
1050.6	0.000791821333799301	0	0	0	0	0	0
1051.1	0.000804657579104991	0	0	0	0	0	0
1051.5	0.000815471122971042	0	0	0	0	0	0
1052	0.000829987687885826	0	0	0	0	0	0
1052.5	0.000844320692529294	0	0	0	0	0	0
1053	0.000861860054108417	0	0	0	0	0	0
1053.5	0.00087547805918157	0	0	0	0	0	0
1053.9	0.000886994396486317	0	0	0	0	0	0
1054.4	0.000900116663544291	0	0	0	0	0	0
1054.9	0.000906792958273432	0	0	0	0	0	0
1055.4	0.000920878210551124	0	0	0	0	0	0
1055.9	0.000930640420669039	0	0	0	0	0	0
1056.3	0.000950795990789497	0	0	0	0	0	0
1056.8	0.000965041296008505	0	0	0	0	0	0
1057.3	0.000983063508864237	0	0	0	0	0	0
1057.8	0.000996959611255383	0	0	0	0	0	0
1058.3	0.00100991030238957	0	0	0	0	0	0
1058.7	0.00102165395845096	0	0	0	0	0	0
1059.2	0.001037425504056	0	0	0	0	0	0
1059.7	0.00105059134685601	0	0	0	0	0	0
1060.2	0.00106842152746278	0	0	0	0	0	0
1060.7	0.00107927651122581	0	0	0	0	0	0
1061.2	0.00109644439913367	0	0	0	0	0	0
1061.6	0.00112050501607277	0	0	0	0	0	0
1062.1	0.00113690462990331	0	0	0	0	0	0
1062.6	0.00116328700812573	0	0	0	0	0	0
1063.1	0.00117977467118303	0	0	0	0	0	0
1063.6	0.0011938824664562	0	0	0	0	0	0
1064	0.00122074637517487	0	0	0	0	0	0
1064.5	0.00123836152261122	0	0	0	0	0	0
1065	0.00124796342111212	0	0	0	0	0	0
1065.5	0.00126907208431146	0	0	0	0	0	0
1065.9	0.00128829275726027	0	0	0	0	0	0
1066.4	0.00131463183807718	0	0	0	0	0	0
1066.9	0.0013333989302669	0	0	0	0	0	0
1067.4	0.00135112230680198	0	0	0	0	0	0
1067.9	0.0013669445224344	0	0	0	0	0	0
1068.3	0.00138402135103812	0	0	0	0	0	0
1068.8	0.0014107981918714	0	0	0	0	0	0
1069.3	0.00142811597419946	0	0	0	0	0	0
1069.8	0.0014479464919467	0	0	0	0	0	0
1070.3	0.00146499901206209	0	0	0	0	0	0
1070.7	0.00149147525965526	0	0	0	0	0	0
1071.2	0.00150825607790963	0	0	0	0	0	0
1071.7	0.0015245494889582	0	0	0	0	0	0
1072.2	0.00154719602420704	0	0	0	0	0	0
1072.7	0.00157138128924241	0	0	0	0	0	0
1073.1	0.00157910961696882	0	0	0	0	0	0
1073.6	0.00161224768368255	0	0	0	0	0	0
1074.1	0.00162417375544827	0	0	0	0	0	0
1074.6	0.001656967869097	0	0	0	0	0	0
1075.1	0.0016802641073837	0	0	0	0	0	0
1075.5	0.00170102979415167	0	0	0	0	0	0
1076	0.0017356989627081	0	0	0	0	0	0
1076.5	0.00175382739641027	0	0	0	0	0	0
1077	0.00177617678749905	0	0	0	0	0	0
1077.4	0.00179770673926859	0	0	0	0	0	0
1077.9	0.00181449654960286	0	0	0	0	0	0
1078.4	0.00182892336602818	0	0	0	0	0	0
1078.9	0.00185488544716886	0	0	0	0	0	0
1079.4	0.00185683671667539	0	0	0	0	0	0
1079.8	0.00187349807328121	0	0	0	0	0	0
1080.3	0.00190263605622137	0	0	0	0	0	0
1080.8	0.00191130729620536	0	0	0	0	0	0
1081.3	0.00194022983238581	0	0	0	0	0	0
1081.7	0.00197375362501603	0	0	0	0	0	0
1082.2	0.00201139465858838	0	0	0	0	0	0
1082.7	0.002049634000382	0	0	0	0	0	0
1083.2	0.00208575972506693	0	0	0	0	0	0
1083.7	0.00211682659341104	0	0	0	0	0	0
1084.1	0.00212541180187706	0	0	0	0	0	0
1084.6	0.00212475316469443	0	0	0	0	0	0
1085.1	0.00215255199819633	0	0	0	0	0	0
1085.6	0.00218625876229563	0	0	0	0	0	0
1086	0.00221059462353071	0	0	0	0	0	0
1086.5	0.00224353223629941	0	0	0	0	0	0
1087	0.00227211447409066	0	0	0	0	0	0
1087.5	0.00229927277926008	0	0	0	0	0	0
1087.9	0.00234337467784471	0	0	0	0	0	0
1088.4	0.00237459024973281	0	0	0	0	0	0
1088.9	0.00240525168686307	0	0	0	0	0	0
1089.4	0.00244338967106882	0	0	0	0	0	0
1089.8	0.00248992106681941	0	0	0	0	0	0
1090.3	0.00252381013056151	0	0	0	0	0	0
1090.8	0.00256386462396133	0	0	0	0	0	0
1091.3	0.00261891049889522	0	0	0	0	0	0
1091.8	0.00269928489639598	0	0	0	0	0	0
1092.2	0.00276677551270516	0	0	0	0	0	0
1092.7	0.00284411758679435	0	0	0	0	0	0
1093.2	0.00292250483765757	0	0	0	0	0	0
1093.7	0.00297428821852106	0	0	0	0	0	0
1094.1	0.00304351744158235	0	0	0	0	0	0
1094.6	0.00310802897788017	0	0	0	0	0	0
1095.1	0.00315898098606166	0	0	0	0	0	0
1095.6	0.00321590117769618	0	0	0	0	0	0
1096	0.00321736291147953	0	0	0	0	0	0
1096.5	0.0032302079064024	0	0	0	0	0	0
1097	0.00323179476181298	0	0	0	0	0	0
1097.5	0.00328292999780387	0	0	0	0	0	0
1097.9	0.00335375215945055	0	0	0	0	0	0
1098.4	0.00339530543149653	0	0	0	0	0	0
1098.9	0.00345573140660188	0	0	0	0	0	0
1099.4	0.00353950361791378	0	0	0	0	0	0
1099.8	0.00362640885999642	0	0	0	0	0	0
1100.3	0.003703350031328	0	0	0	0	0	0
1100.8	0.00379993369965296	0	0	0	0	0	0
1101.3	0.003879131531896	0	0	0	0	0	0
1101.7	0.00392366966073466	0	0	0	0	0	0
1102.2	0.00394768680563879	0	0	0	0	0	0
1102.7	0.00397436764272907	0	0	0	0	0	0
1103.2	0.00398863728745015	0	0	0	0	0	0
1103.6	0.00407146394156983	0	0	0	0	0	0
1104.1	0.00409221784270205	0	0	0	0	0	0
1104.6	0.00413198292390781	0	0	0	0	0	0
1105.1	0.00418744207038334	0	0	0	0	0	0
1105.5	0.00431246504100288	0	0	0	0	0	0
1106	0.00446634634345993	0	0	0	0	0	0
1106.5	0.00459038791164118	0	0	0	0	0	0
1106.9	0.0046570225121864	0	0	0	0	0	0
1107.4	0.00473382446688384	0	0	0	0	0	0
1107.9	0.0047890876261653	0	0	0	0	0	0
1108.4	0.00489236313299724	0	0	0	0	0	0
1108.8	0.00504312170628117	0	0	0	0	0	0
1109.3	0.00511153681248993	0	0	0	0	0	0
1109.8	0.00514442308126424	0	0	0	0	0	0
1110.3	0.00517608292547469	0	0	0	0	0	0
1110.7	0.00531801884714968	0	0	0	0	0	0
1111.2	0.0053709750018494	0	0	0	0	0	0
1111.7	0.00550852827090688	0	0	0	0	0	0
1112.2	0.00555826860973988	0	0	0	0	0	0
1112.6	0.00566913825256928	0	0	0	0	0	0
1113.1	0.00581964074195983	0	0	0	0	0	0
1113.6	0.00588808196864767	0	0	0	0	0	0
1114	0.00600936119458162	0	0	0	0	0	0
1114.5	0.00612980013124785	0	0	0	0	0	0
1115	0.0062969452710453	0	0	0	0	0	0
1115.5	0.00647883226843707	0	0	0	0	0	0
1115.9	0.00672683547461899	0	0	0	0	0	0
1116.4	0.00693368679970293	0	0	0	0	0	0
1116.9	0.00718694834754219	0	0	0	0	0	0
1117.4	0.00755972305618207	0	0	0	0	0	0
1117.8	0.00793362943629233	0	0	0	0	0	0
1118.3	0.00828065963572303	0	0	0	0	0	0
1118.8	0.00869635814019126	0	0	0	0	0	0
1119.2	0.00908671573658569	0	0	0	0	0	0
1119.7	0.00987824673157073	0	0	0	0	0	0
1120.2	0.0107856856409484	0	0	0	0	0	0
1120.7	0.0125153580017134	0	0	0	0	0	0
1121.1	0.0147228786707672	0	0	0	0	0	0
1121.6	0.0178913462062322	0	0	0	0	0	0
1122.1	0.0230622127698411	0	0	0	0	0	0
1122.5	0.0304930849711757	0	0	0	0	0	0
1123	0.0418154069959059	0	0	0	0	0	0
1123.5	0.0622799317023118	0	0	0	0	0	0
1124	0.0811700029551711	0	0	0	0	0	0
1124.4	0.119137760531145	0	0	0	0	0	0
1124.9	0.199746367325063	0	0	0	0	0	0
1125.4	0.347584715137357	0	0	0	0	0	0
1125.8	13.8865073869318	0	0	0	0	0	0
1126.3	-0.233810952130539	0	0	0	0	0	0
1126.8	-0.078068446333781	0	0	0	0	0	0
1127.2	-0.0530281616791091	0	0	0	0	0	0
1127.7	-0.0418127122031903	0	0	0	0	0	0
1128.2	-0.0338112759127677	0	0	0	0	0	0
1128.7	-0.0305072097799954	0	0	0	0	0	0
1129.1	-0.0259744618647444	0	0	0	0	0	0
1129.6	-0.0224149595220195	0	0	0	0	0	0
1130.1	-0.0214279077294096	0	0	0	0	0	0
1130.5	-0.0200948458431031	0	0	0	0	0	0
1131	-0.0192031505915438	0	0	0	0	0	0
1131.5	-0.0191968800680966	0	0	0	0	0	0
1131.9	-0.0192677660663577	0	0	0	0	0	0
1132.4	-0.019237095940558	0	0	0	0	0	0
1132.9	-0.0196862730838695	0	0	0	0	0	0
1133.4	-0.0190025788007746	0	0	0	0	0	0
1133.8	-0.0183700705161348	0	0	0	0	0	0
1134.3	-0.0174931132437667	0	0	0	0	0	0
1134.8	-0.0173103508982171	0	0	0	0	0	0
1135.2	-0.0175467852971962	0	0	0	0	0	0
1135.7	-0.0182734652498815	0	0	0	0	0	0
1136.2	-0.018327978796139	0	0	0	0	0	0
1136.6	-0.0187304246094687	0	0	0	0	0	0
1137.1	-0.0192222926243007	0	0	0	0	0	0
1137.6	-0.0199465047266148	0	0	0	0	0	0
1138	-0.0201605868149746	0	0	0	0	0	0
1138.5	-0.0190589156552138	0	0	0	0	0	0
1139	-0.0172791855031897	0	0	0	0	0	0
1139.4	-0.016141637179448	0	0	0	0	0	0
1139.9	-0.0159768919277855	0	0	0	0	0	0
1140.4	-0.0157130041483227	0	0	0	0	0	0
1140.9	-0.0154528250071934	0	0	0	0	0	0
1141.3	-0.0153759030807971	0	0	0	0	0	0
1141.8	-0.015516403268219	0	0	0	0	0	0
1142.3	-0.0155004575025898	0	0	0	0	0	0
1142.7	-0.0152802032094598	0	0	0	0	0	0
1143.2	-0.0153448311544736	0	0	0	0	0	0
1143.7	-0.0152333234404104	0	0	0	0	0	0
1144.1	-0.0152745579078641	0	0	0	0	0	0
1144.6	-0.0150892015528632	0	0	0	0	0	0
