# hypstar_220241_radcal_E_200729.dat							
# E [mW m-2 nm-1] = DN / inttime * 1000 * cal_coef							
# vnir_wl	vnir_cal_coef	vnir_u_sys(k=2)	vnir_u_rnd(k=2)	swir_wl	swir_cal_coef	swir_u_sys(k=2)	swir_u_rnd(k=2)
166.4	0	0	0	873.6	0.197206877948449	0	0
166.8	0	0	0	877.2	0.0733473954379985	0	0
167.3	0	0	0	880.8	0.0389207363041574	0	0
167.7	0	0	0	884.4	0.0282969060797315	0	0
168.1	0	0	0	888.1	0.0249319680524771	0	0
168.5	0	0	0	891.7	0.0236277730527768	0	0
169	0	0	0	895.3	0.0226768233580367	0	0
169.4	0	0	0	898.9	0.0218150024254683	0	0
169.8	0	0	0	902.5	0.0208555896233435	0	0
170.3	0	0	0	906.1	0.0199945830630326	0	0
170.7	0	0	0	909.7	0.0189751407696189	0	0
171.1	0	0	0	913.3	0.0177282975955869	0	0
171.5	0	0	0	916.9	0.0161742250364439	0	0
172	0	0	0	920.5	0.0145761111851194	0	0
172.4	0	0	0	924.1	0.0133043557619624	0	0
172.8	0	0	0	927.7	0.0125113882994907	0	0
173.3	0	0	0	931.3	0.012002682939989	0	0
173.7	0	0	0	934.9	0.0116337943767737	0	0
174.1	0	0	0	938.5	0.011353617188515	0	0
174.6	0	0	0	942	0.0111438187554344	0	0
175	0	0	0	945.6	0.0109616307021357	0	0
175.4	0	0	0	949.2	0.0107603082627054	0	0
175.8	0	0	0	952.7	0.0105506358180581	0	0
176.3	0	0	0	956.3	0.0103559866647061	0	0
176.7	0	0	0	959.9	0.0101741289633505	0	0
177.1	0	0	0	963.4	0.00995028856657297	0	0
177.6	0	0	0	967	0.0097218875083141	0	0
178	0	0	0	970.5	0.00950976737381361	0	0
178.4	0	0	0	974.1	0.00932264423263263	0	0
178.9	0	0	0	977.6	0.00912379351855553	0	0
179.3	0	0	0	981.2	0.00890598622218079	0	0
179.7	0	0	0	984.7	0.00870118063015155	0	0
180.2	0	0	0	988.3	0.00853925339779182	0	0
180.6	0	0	0	991.8	0.00839593177576767	0	0
181	0	0	0	995.3	0.00825358716561557	0	0
181.5	0	0	0	998.9	0.0081026174843646	0	0
181.9	0	0	0	1002.4	0.00795966919103773	0	0
182.3	0	0	0	1005.9	0.00785149576952503	0	0
182.8	0	0	0	1009.4	0.00777295620456763	0	0
183.2	0	0	0	1012.9	0.00769620846506831	0	0
183.6	0	0	0	1016.4	0.0075976954601809	0	0
184.1	0	0	0	1020	0.00750906304418917	0	0
184.5	0	0	0	1023.5	0.00741971217807626	0	0
184.9	0	0	0	1027	0.00738011420242425	0	0
185.3	0	0	0	1030.5	0.00733989943896008	0	0
185.8	0	0	0	1034	0.00729421725385449	0	0
186.2	0	0	0	1037.5	0.00724675212873084	0	0
186.6	0	0	0	1040.9	0.00719688931142818	0	0
187.1	0	0	0	1044.4	0.00716035242517259	0	0
187.5	0	0	0	1047.9	0.00714768204073392	0	0
187.9	0	0	0	1051.4	0.00713879560099828	0	0
188.4	0	0	0	1054.9	0.00710569044217948	0	0
188.8	0	0	0	1058.3	0.00706476056157938	0	0
189.2	0	0	0	1061.8	0.0070148308544879	0	0
189.7	0	0	0	1065.3	0.00697179199500791	0	0
190.1	0	0	0	1068.7	0.00692999644177942	0	0
190.5	0	0	0	1072.2	0.00688022710667524	0	0
191	0	0	0	1075.7	0.00681891961526771	0	0
191.4	0	0	0	1079.1	0.00673944299411578	0	0
191.8	0	0	0	1082.6	0.00664541694861078	0	0
192.3	0	0	0	1086	0.00656425279226875	0	0
192.7	0	0	0	1089.5	0.0064678129325839	0	0
193.2	0	0	0	1092.9	0.0063694274170926	0	0
193.6	0	0	0	1096.3	0.00626282341789021	0	0
194	0	0	0	1099.8	0.00615996366591012	0	0
194.5	0	0	0	1103.2	0.00606736091555408	0	0
194.9	0	0	0	1106.6	0.00596422435348265	0	0
195.3	0	0	0	1110	0.00588108185474203	0	0
195.8	0	0	0	1113.5	0.00580778521896655	0	0
196.2	0	0	0	1116.9	0.00575274121764934	0	0
196.6	0	0	0	1120.3	0.0056943192073439	0	0
197.1	0	0	0	1123.7	0.00563991750106346	0	0
197.5	0	0	0	1127.1	0.00557605699590579	0	0
197.9	0	0	0	1130.5	0.00553315157673256	0	0
198.4	0	0	0	1133.9	0.00550809435224408	0	0
198.8	0	0	0	1137.3	0.00550639479486905	0	0
199.2	0	0	0	1140.7	0.00552368843224219	0	0
199.7	0	0	0	1144.1	0.00554287086411732	0	0
200.1	0	0	0	1147.5	0.00557017852261812	0	0
200.5	0	0	0	1150.8	0.00558249406586223	0	0
201	0	0	0	1154.2	0.00558848548181718	0	0
201.4	0	0	0	1157.6	0.00559556737836754	0	0
201.9	0	0	0	1161	0.00560057760967633	0	0
202.3	0	0	0	1164.3	0.00561465542897649	0	0
202.7	0	0	0	1167.7	0.00561844183921317	0	0
203.2	0	0	0	1171	0.00561811343285363	0	0
203.6	0	0	0	1174.4	0.00560206862710093	0	0
204	0	0	0	1177.8	0.00556385507099742	0	0
204.5	0	0	0	1181.1	0.00551523439104631	0	0
204.9	0	0	0	1184.4	0.00545836814275701	0	0
205.3	0	0	0	1187.8	0.00539789593278112	0	0
205.8	0	0	0	1191.1	0.00533361756736377	0	0
206.2	0	0	0	1194.5	0.00526147293063225	0	0
206.7	0	0	0	1197.8	0.00519971539199284	0	0
207.1	0	0	0	1201.1	0.00514265414534478	0	0
207.5	0	0	0	1204.4	0.00509192953434994	0	0
208	0	0	0	1207.8	0.00505458262684583	0	0
208.4	0	0	0	1211.1	0.00502758349670965	0	0
208.8	0	0	0	1214.4	0.00501342492293659	0	0
209.3	0	0	0	1217.7	0.00500741121902847	0	0
209.7	0	0	0	1221	0.00500255632451182	0	0
210.2	0	0	0	1224.3	0.00498254880646488	0	0
210.6	0	0	0	1227.6	0.00495590054148594	0	0
211	0	0	0	1230.9	0.00493187757464181	0	0
211.5	0	0	0	1234.2	0.00490946619825237	0	0
211.9	0	0	0	1237.5	0.00489286112366522	0	0
212.3	0	0	0	1240.7	0.00487888612438137	0	0
212.8	0	0	0	1244	0.00487889334838275	0	0
213.2	0	0	0	1247.3	0.0048796589389413	0	0
213.7	0	0	0	1250.6	0.00488877659633373	0	0
214.1	0	0	0	1253.8	0.00488817942376715	0	0
214.5	0	0	0	1257.1	0.0048760387027747	0	0
215	0	0	0	1260.3	0.00485911117337134	0	0
215.4	0	0	0	1263.6	0.00482468438638851	0	0
215.8	0	0	0	1266.8	0.00478835968400639	0	0
216.3	0	0	0	1270.1	0.00474171117658113	0	0
216.7	0	0	0	1273.3	0.00470141366205346	0	0
217.2	0	0	0	1276.6	0.00466166264098045	0	0
217.6	0	0	0	1279.8	0.00462672893794009	0	0
218	0	0	0	1283	0.00459269295306744	0	0
218.5	0	0	0	1286.3	0.00456225846415252	0	0
218.9	0	0	0	1289.5	0.00453062571277168	0	0
219.4	0	0	0	1292.7	0.00449520867609825	0	0
219.8	0	0	0	1295.9	0.00446176950825329	0	0
220.2	0	0	0	1299.1	0.00442980967653471	0	0
220.7	0	0	0	1302.3	0.00439908505302646	0	0
221.1	0	0	0	1305.5	0.00437533305119631	0	0
221.6	0	0	0	1308.7	0.00435344113535615	0	0
222	0	0	0	1311.9	0.00434168867214099	0	0
222.4	0	0	0	1315.1	0.00432416305492312	0	0
222.9	0	0	0	1318.3	0.00430826207832106	0	0
223.3	0	0	0	1321.5	0.00429395288584555	0	0
223.8	0	0	0	1324.6	0.00427009045759337	0	0
224.2	0	0	0	1327.8	0.00424114086253442	0	0
224.6	0	0	0	1331	0.0042061010440251	0	0
225.1	0	0	0	1334.2	0.00417440304957867	0	0
225.5	0	0	0	1337.3	0.00415323731355522	0	0
226	0	0	0	1340.5	0.00413453856761101	0	0
226.4	0	0	0	1343.6	0.00413619501511252	0	0
226.8	0	0	0	1346.8	0.00415360197315978	0	0
227.3	0	0	0	1349.9	0.00419978775937189	0	0
227.7	0	0	0	1353	0.00425412935105428	0	0
228.2	0	0	0	1356.2	0.00431293747707002	0	0
228.6	0	0	0	1359.3	0.00436817836149404	0	0
229	0	0	0	1362.4	0.00439337580526939	0	0
229.5	0	0	0	1365.6	0.00439835368148888	0	0
229.9	0	0	0	1368.7	0.00438297762232772	0	0
230.4	0	0	0	1371.8	0.00439001065677938	0	0
230.8	0	0	0	1374.9	0.00443377859070071	0	0
231.3	0	0	0	1378	0.00453905853274626	0	0
231.7	0	0	0	1381.1	0.0046340253908258	0	0
232.1	0	0	0	1384.2	0.00466592867884447	0	0
232.6	0	0	0	1387.3	0.0046284657082413	0	0
233	0	0	0	1390.4	0.00461387655677124	0	0
233.5	0	0	0	1393.5	0.00461458980771334	0	0
233.9	0	0	0	1396.5	0.00461889699432321	0	0
234.4	0	0	0	1399.6	0.00459674365874644	0	0
234.8	0	0	0	1402.7	0.00458577593099713	0	0
235.2	0	0	0	1405.8	0.00455315069703514	0	0
235.7	0	0	0	1408.8	0.0045270422563296	0	0
236.1	0	0	0	1411.9	0.00449713928908768	0	0
236.6	0	0	0	1414.9	0.00446982086851297	0	0
237	0	0	0	1418	0.00444517943990225	0	0
237.4	0	0	0	1421	0.00442421915600985	0	0
237.9	0	0	0	1424	0.00441026934801125	0	0
238.3	0	0	0	1427.1	0.00439426926257898	0	0
238.8	0	0	0	1430.1	0.00438048945020898	0	0
239.2	0	0	0	1433.1	0.00437399127990306	0	0
239.7	0	0	0	1436.2	0.00436204560099536	0	0
240.1	0	0	0	1439.2	0.00434728947935798	0	0
240.6	0	0	0	1442.2	0.00434129428672141	0	0
241	0	0	0	1445.2	0.00433814272385864	0	0
241.4	0	0	0	1448.2	0.00432657213050401	0	0
241.9	0	0	0	1451.2	0.00432121909214245	0	0
242.3	0	0	0	1454.2	0.00431615044780238	0	0
242.8	0	0	0	1457.2	0.00431668758630612	0	0
243.2	0	0	0	1460.1	0.00433002408904273	0	0
243.7	0	0	0	1463.1	0.00434070286354059	0	0
244.1	0	0	0	1466.1	0.0043506986905984	0	0
244.5	0	0	0	1469.1	0.00435615096131817	0	0
245	0	0	0	1472	0.00436868517447692	0	0
245.4	0	0	0	1475	0.00437621524655448	0	0
245.9	0	0	0	1477.9	0.00437777005762076	0	0
246.3	0	0	0	1480.9	0.00438765721637874	0	0
246.8	0	0	0	1483.8	0.00438669577390521	0	0
247.2	0	0	0	1486.8	0.0043952213796594	0	0
247.7	0	0	0	1489.7	0.00440315135178782	0	0
248.1	0	0	0	1492.6	0.0044100334452001	0	0
248.5	0	0	0	1495.6	0.00441492332846694	0	0
249	0	0	0	1498.5	0.00442852516567723	0	0
249.4	0	0	0	1501.4	0.00443768250459838	0	0
249.9	0	0	0	1504.3	0.00445716336645621	0	0
250.3	0.00204063900300735	0	0	1507.2	0.00447435451999	0	0
250.8	0.00238134747811821	0	0	1510.1	0.00448441755370946	0	0
251.2	0.00228028872885859	0	0	1513	0.00450065336385204	0	0
251.7	0.0022575702766978	0	0	1515.9	0.00451449022704276	0	0
252.1	0.00246419985884257	0	0	1518.8	0.00453273492651794	0	0
252.6	0.00280926245416175	0	0	1521.7	0.0045466607271399	0	0
253	0.00296869681356188	0	0	1524.6	0.00455357821010109	0	0
253.4	0.00259086394846424	0	0	1527.4	0.00457352146198179	0	0
253.9	0.00268565425822495	0	0	1530.3	0.00458674055243986	0	0
254.3	0.00326736228010087	0	0	1533.2	0.00460158197864173	0	0
254.8	0.00283133520058045	0	0	1536	0.00462071309364598	0	0
255.2	0.00272166153628541	0	0	1538.9	0.00463027396079843	0	0
255.7	0.00272858355700335	0	0	1541.7	0.00465426485238853	0	0
256.1	0.00291926126106632	0	0	1544.6	0.00467035810351893	0	0
256.6	0.00286946840076091	0	0	1547.4	0.0046868698649966	0	0
257	0.00330239919926945	0	0	1550.2	0.00471077999354018	0	0
257.5	0.00327425041570215	0	0	1553.1	0.00472800547797421	0	0
257.9	0.00364029983596938	0	0	1555.9	0.00474968425576861	0	0
258.4	0.003278058358562	0	0	1558.7	0.00476668755122383	0	0
258.8	0.00367013225371439	0	0	1561.5	0.00478729704603282	0	0
259.2	0.00328503603621991	0	0	1564.3	0.0048078731673279	0	0
259.7	0.00400935777966136	0	0	1567.1	0.00482915208944689	0	0
260.1	0.00356466096849837	0	0	1569.9	0.0048490625354035	0	0
260.6	0.00360782122122263	0	0	1572.7	0.00487268896837025	0	0
261	0.00401895518845501	0	0	1575.5	0.00489760657924493	0	0
261.5	0.00401651725961574	0	0	1578.3	0.00492634875803377	0	0
261.9	0.00388729339712712	0	0	1581	0.00495345532204781	0	0
262.4	0.00396830896422704	0	0	1583.8	0.00498637052031519	0	0
262.8	0.00425158827954136	0	0	1586.6	0.0050219434400683	0	0
263.3	0.00416640829023735	0	0	1589.3	0.00505126553741798	0	0
263.7	0.00414235503579647	0	0	1592.1	0.00508949878804543	0	0
264.2	0.00473869775601466	0	0	1594.8	0.00512342935365327	0	0
264.6	0.0043920825523746	0	0	1597.6	0.00515629578285585	0	0
265.1	0.00476481305735348	0	0	1600.3	0.00520657637411601	0	0
265.5	0.00468075334070698	0	0	1603	0.00523870441575429	0	0
266	0.00460448528426096	0	0	1605.8	0.00528184336820781	0	0
266.4	0.00441524052740257	0	0	1608.5	0.00531717773342259	0	0
266.9	0.00508394016622596	0	0	1611.2	0.00536800142818893	0	0
267.3	0.0051816979147606	0	0	1613.9	0.00540239447062547	0	0
267.8	0.00497235248925357	0	0	1616.6	0.0054493808467724	0	0
268.2	0.00495001123282845	0	0	1619.3	0.0054974779206136	0	0
268.7	0.00586005776086544	0	0	1622	0.0055543472860088	0	0
269.1	0.00494095090860966	0	0	1624.7	0.00561612319780982	0	0
269.5	0.00539383968730741	0	0	1627.4	0.0056822531292831	0	0
270	0.00490589669547441	0	0	1630.1	0.00575531887059027	0	0
270.4	0.00565674453480827	0	0	1632.7	0.00585139315790556	0	0
270.9	0.00538321520535162	0	0	1635.4	0.00595937155710253	0	0
271.3	0.00537940359773397	0	0	1638.1	0.00608780323904356	0	0
271.8	0.00567539844955764	0	0	1640.7	0.00627809964670194	0	0
272.2	0.00568583505535953	0	0	1643.4	0.00654634800725539	0	0
272.7	0.00549814636743553	0	0	1646	0.00691608597780774	0	0
273.1	0.00650652566328643	0	0	1648.6	0.00742735286273482	0	0
273.6	0.00568836916801807	0	0	1651.3	0.00813718966866639	0	0
274	0.00589282066338326	0	0	1653.9	0.00911483406465349	0	0
274.5	0.0064142224392611	0	0	1656.5	0.0103862996168956	0	0
274.9	0.00623657397496337	0	0	1659.1	0.0119760437597807	0	0
275.4	0.00591876664634177	0	0	1661.7	0.0139515340471564	0	0
275.8	0.00654700610254458	0	0	1664.4	0.0162788725457443	0	0
276.3	0.00637477001431627	0	0	1667	0.0190267274050954	0	0
276.7	0.0063615273375558	0	0	1669.5	0.02216343236595	0	0
277.2	0.00628523283532903	0	0	1672.1	0.0257853225760019	0	0
277.6	0.00676715475009932	0	0	1674.7	0.0298248266617577	0	0
278.1	0.00692573579374678	0	0	1677.3	0.0344420930759404	0	0
278.5	0.00658645497210369	0	0	1679.9	0.0398149486283027	0	0
279	0.00674967166555106	0	0	0	0	0	0
279.4	0.00644077068019052	0	0	0	0	0	0
279.9	0.0067316785982811	0	0	0	0	0	0
280.3	0.00682689608106591	0	0	0	0	0	0
280.8	0.00730300536059159	0	0	0	0	0	0
281.2	0.00722545625533082	0	0	0	0	0	0
281.7	0.00738946343305861	0	0	0	0	0	0
282.1	0.00663878991598334	0	0	0	0	0	0
282.6	0.00751046616119543	0	0	0	0	0	0
283	0.00778170436740057	0	0	0	0	0	0
283.5	0.0077813232252439	0	0	0	0	0	0
283.9	0.00779062270035518	0	0	0	0	0	0
284.4	0.00804459051370997	0	0	0	0	0	0
284.9	0.00737268037276895	0	0	0	0	0	0
285.3	0.00824988429999659	0	0	0	0	0	0
285.8	0.00771447266840832	0	0	0	0	0	0
286.2	0.00818041001627135	0	0	0	0	0	0
286.7	0.00784548331022658	0	0	0	0	0	0
287.1	0.00815175971924942	0	0	0	0	0	0
287.6	0.00815361523699526	0	0	0	0	0	0
288	0.00863551234471597	0	0	0	0	0	0
288.5	0.00884345259987079	0	0	0	0	0	0
288.9	0.00845179670980568	0	0	0	0	0	0
289.4	0.00824624705654949	0	0	0	0	0	0
289.8	0.00833327770143808	0	0	0	0	0	0
290.3	0.00848295463863044	0	0	0	0	0	0
290.7	0.00887525060930101	0	0	0	0	0	0
291.2	0.0089342646811114	0	0	0	0	0	0
291.6	0.00881096022992946	0	0	0	0	0	0
292.1	0.00847151738059204	0	0	0	0	0	0
292.5	0.0083817775339542	0	0	0	0	0	0
293	0.00869622394612345	0	0	0	0	0	0
293.4	0.00884603331557673	0	0	0	0	0	0
293.9	0.00951389939505478	0	0	0	0	0	0
294.3	0.00874932923809642	0	0	0	0	0	0
294.8	0.00921953436496547	0	0	0	0	0	0
295.3	0.00966241902041386	0	0	0	0	0	0
295.7	0.00919598571536807	0	0	0	0	0	0
296.2	0.00895941397748889	0	0	0	0	0	0
296.6	0.00906581957753572	0	0	0	0	0	0
297.1	0.00967870535828746	0	0	0	0	0	0
297.5	0.00933967348650451	0	0	0	0	0	0
298	0.00905594112782393	0	0	0	0	0	0
298.4	0.00900502576433025	0	0	0	0	0	0
298.9	0.00941889746637451	0	0	0	0	0	0
299.3	0.00932397721913677	0	0	0	0	0	0
299.8	0.00935004518518422	0	0	0	0	0	0
300.2	0.00959604338761719	0	0	0	0	0	0
300.7	0.00971141375134753	0	0	0	0	0	0
301.2	0.0100269345780524	0	0	0	0	0	0
301.6	0.00933224455144276	0	0	0	0	0	0
302.1	0.00994041447991792	0	0	0	0	0	0
302.5	0.00957407632482545	0	0	0	0	0	0
303	0.00976644204670697	0	0	0	0	0	0
303.4	0.00981374113569514	0	0	0	0	0	0
303.9	0.00973160249748863	0	0	0	0	0	0
304.3	0.0101897139745155	0	0	0	0	0	0
304.8	0.00948097717271136	0	0	0	0	0	0
305.2	0.00979037366122311	0	0	0	0	0	0
305.7	0.00989983334641434	0	0	0	0	0	0
306.2	0.0100743712713053	0	0	0	0	0	0
306.6	0.0100505480615541	0	0	0	0	0	0
307.1	0.0101697242948703	0	0	0	0	0	0
307.5	0.0104297397368608	0	0	0	0	0	0
308	0.00983082855394087	0	0	0	0	0	0
308.4	0.0100160597554389	0	0	0	0	0	0
308.9	0.010097186626957	0	0	0	0	0	0
309.3	0.00964514776914912	0	0	0	0	0	0
309.8	0.0102617911324289	0	0	0	0	0	0
310.3	0.0101921351679915	0	0	0	0	0	0
310.7	0.0101960989835128	0	0	0	0	0	0
311.2	0.0104170308299089	0	0	0	0	0	0
311.6	0.00995950686138575	0	0	0	0	0	0
312.1	0.0105158108444318	0	0	0	0	0	0
312.5	0.0105314248125407	0	0	0	0	0	0
313	0.0106245839619849	0	0	0	0	0	0
313.4	0.0107212148793091	0	0	0	0	0	0
313.9	0.0104180119832528	0	0	0	0	0	0
314.4	0.0113610478035395	0	0	0	0	0	0
314.8	0.0109568401384349	0	0	0	0	0	0
315.3	0.0111292915567177	0	0	0	0	0	0
315.7	0.0111870763181456	0	0	0	0	0	0
316.2	0.0111977160921105	0	0	0	0	0	0
316.6	0.0113406837401281	0	0	0	0	0	0
317.1	0.0112621540517123	0	0	0	0	0	0
317.6	0.0112646779215836	0	0	0	0	0	0
318	0.0112741361117852	0	0	0	0	0	0
318.5	0.0115736133499493	0	0	0	0	0	0
318.9	0.011752285611053	0	0	0	0	0	0
319.4	0.0118057251807607	0	0	0	0	0	0
319.8	0.0117245666693194	0	0	0	0	0	0
320.3	0.0119183430089705	0	0	0	0	0	0
320.8	0.0121716711490162	0	0	0	0	0	0
321.2	0.0124681238555197	0	0	0	0	0	0
321.7	0.01217791641391	0	0	0	0	0	0
322.1	0.0125073778320731	0	0	0	0	0	0
322.6	0.0122458654361918	0	0	0	0	0	0
323	0.0125674772456413	0	0	0	0	0	0
323.5	0.0126686433922899	0	0	0	0	0	0
324	0.0132678727285393	0	0	0	0	0	0
324.4	0.0128459663387423	0	0	0	0	0	0
324.9	0.0125861032532598	0	0	0	0	0	0
325.3	0.0132237387613421	0	0	0	0	0	0
325.8	0.0128671987119782	0	0	0	0	0	0
326.2	0.0131923606807686	0	0	0	0	0	0
326.7	0.0136042348225729	0	0	0	0	0	0
327.2	0.0133410130459938	0	0	0	0	0	0
327.6	0.0143798698300055	0	0	0	0	0	0
328.1	0.0137793436022238	0	0	0	0	0	0
328.5	0.0138446217961917	0	0	0	0	0	0
329	0.0142758113569331	0	0	0	0	0	0
329.5	0.0143158847567112	0	0	0	0	0	0
329.9	0.014313609940643	0	0	0	0	0	0
330.4	0.0146055913463086	0	0	0	0	0	0
330.8	0.0146658688086187	0	0	0	0	0	0
331.3	0.0147204156300672	0	0	0	0	0	0
331.8	0.014566613491451	0	0	0	0	0	0
332.2	0.0152993624898543	0	0	0	0	0	0
332.7	0.0152513847472976	0	0	0	0	0	0
333.1	0.0153288229088301	0	0	0	0	0	0
333.6	0.0153168899633183	0	0	0	0	0	0
334	0.0153013513357244	0	0	0	0	0	0
334.5	0.01557178558249	0	0	0	0	0	0
335	0.0157799448719706	0	0	0	0	0	0
335.4	0.0158045143859464	0	0	0	0	0	0
335.9	0.0154027441346537	0	0	0	0	0	0
336.3	0.0154194211971567	0	0	0	0	0	0
336.8	0.0153632372186914	0	0	0	0	0	0
337.3	0.0157890389647597	0	0	0	0	0	0
337.7	0.0157739433507273	0	0	0	0	0	0
338.2	0.0157936749782731	0	0	0	0	0	0
338.6	0.0157306334063004	0	0	0	0	0	0
339.1	0.0155915741998159	0	0	0	0	0	0
339.6	0.0148447380699412	0	0	0	0	0	0
340	0.0147487872513243	0	0	0	0	0	0
340.5	0.0154466920625243	0	0	0	0	0	0
340.9	0.0151545827878909	0	0	0	0	0	0
341.4	0.0153300230017433	0	0	0	0	0	0
341.9	0.0151167451250272	0	0	0	0	0	0
342.3	0.0150889805551935	0	0	0	0	0	0
342.8	0.0150259492816438	0	0	0	0	0	0
343.3	0.0154231006255341	0	0	0	0	0	0
343.7	0.0152091374526941	0	0	0	0	0	0
344.2	0.0153892902034675	0	0	0	0	0	0
344.6	0.0151261810386272	0	0	0	0	0	0
345.1	0.0150401287053312	0	0	0	0	0	0
345.6	0.0153384464960112	0	0	0	0	0	0
346	0.0146515008514499	0	0	0	0	0	0
346.5	0.0149929694490325	0	0	0	0	0	0
346.9	0.0146583914823505	0	0	0	0	0	0
347.4	0.014716468074891	0	0	0	0	0	0
347.9	0.0146815341588205	0	0	0	0	0	0
348.3	0.0148521067304605	0	0	0	0	0	0
348.8	0.0147035989571729	0	0	0	0	0	0
349.3	0.0146321739203062	0	0	0	0	0	0
349.7	0.014839679911963	0	0	0	0	0	0
350.2	0.0147272726546978	0	0	0	0	0	0
350.6	0.0149849445483593	0	0	0	0	0	0
351.1	0.01510055200883	0	0	0	0	0	0
351.6	0.0151162175026481	0	0	0	0	0	0
352	0.0149228524440672	0	0	0	0	0	0
352.5	0.0148649538172987	0	0	0	0	0	0
352.9	0.0146073837179175	0	0	0	0	0	0
353.4	0.0140805601747291	0	0	0	0	0	0
353.9	0.0140278246898748	0	0	0	0	0	0
354.3	0.0137272244676571	0	0	0	0	0	0
354.8	0.0134843744491073	0	0	0	0	0	0
355.3	0.0131979948355994	0	0	0	0	0	0
355.7	0.0128349138472599	0	0	0	0	0	0
356.2	0.0129649709804903	0	0	0	0	0	0
356.7	0.0125611156135514	0	0	0	0	0	0
357.1	0.0122950148749118	0	0	0	0	0	0
357.6	0.0122249831754759	0	0	0	0	0	0
358	0.0122730918735196	0	0	0	0	0	0
358.5	0.0123427832233644	0	0	0	0	0	0
359	0.0129993797454772	0	0	0	0	0	0
359.4	0.013079612285907	0	0	0	0	0	0
359.9	0.0130857708579205	0	0	0	0	0	0
360.4	0.0133379007797852	0	0	0	0	0	0
360.8	0.0137334453044141	0	0	0	0	0	0
361.3	0.0139833548430879	0	0	0	0	0	0
361.7	0.0142056179458979	0	0	0	0	0	0
362.2	0.014382344920314	0	0	0	0	0	0
362.7	0.0149946433898414	0	0	0	0	0	0
363.1	0.0153593624799165	0	0	0	0	0	0
363.6	0.015516721661923	0	0	0	0	0	0
364.1	0.016275465161338	0	0	0	0	0	0
364.5	0.0165295142893695	0	0	0	0	0	0
365	0.0171587298233818	0	0	0	0	0	0
365.5	0.0172899177053944	0	0	0	0	0	0
365.9	0.0170214224256494	0	0	0	0	0	0
366.4	0.0162175540663471	0	0	0	0	0	0
366.9	0.0156736418166957	0	0	0	0	0	0
367.3	0.015031685737382	0	0	0	0	0	0
367.8	0.0146005397661305	0	0	0	0	0	0
368.2	0.0137723487798063	0	0	0	0	0	0
368.7	0.0132384057786067	0	0	0	0	0	0
369.2	0.0128469707253512	0	0	0	0	0	0
369.6	0.0125225055373394	0	0	0	0	0	0
370.1	0.012159786435854	0	0	0	0	0	0
370.6	0.0119712643858576	0	0	0	0	0	0
371	0.011630006392189	0	0	0	0	0	0
371.5	0.01160657302299	0	0	0	0	0	0
372	0.0116115165909207	0	0	0	0	0	0
372.4	0.0118024499868035	0	0	0	0	0	0
372.9	0.0120538889732571	0	0	0	0	0	0
373.4	0.0122115966259936	0	0	0	0	0	0
373.8	0.0122639867690535	0	0	0	0	0	0
374.3	0.0125185897449962	0	0	0	0	0	0
374.8	0.0124019993454025	0	0	0	0	0	0
375.2	0.0124309066347405	0	0	0	0	0	0
375.7	0.0126321616232057	0	0	0	0	0	0
376.2	0.0124445146184273	0	0	0	0	0	0
376.6	0.0123974301943414	0	0	0	0	0	0
377.1	0.012473233717971	0	0	0	0	0	0
377.6	0.0125086498452507	0	0	0	0	0	0
378	0.012372845934253	0	0	0	0	0	0
378.5	0.0122861393672989	0	0	0	0	0	0
379	0.0123514848261482	0	0	0	0	0	0
379.4	0.0122912637908472	0	0	0	0	0	0
379.9	0.0121564570370931	0	0	0	0	0	0
380.4	0.0120474176604788	0	0	0	0	0	0
380.8	0.0120757922694337	0	0	0	0	0	0
381.3	0.0120381223989032	0	0	0	0	0	0
381.8	0.011827049772688	0	0	0	0	0	0
382.2	0.0116444426117646	0	0	0	0	0	0
382.7	0.0115458130474615	0	0	0	0	0	0
383.2	0.0113703972722703	0	0	0	0	0	0
383.6	0.0113384538077717	0	0	0	0	0	0
384.1	0.0111221413011921	0	0	0	0	0	0
384.6	0.0108721180214544	0	0	0	0	0	0
385	0.010833834857622	0	0	0	0	0	0
385.5	0.0106919230828489	0	0	0	0	0	0
386	0.0105142987141015	0	0	0	0	0	0
386.4	0.0103558037022445	0	0	0	0	0	0
386.9	0.0102250027806177	0	0	0	0	0	0
387.4	0.010130850403473	0	0	0	0	0	0
387.8	0.0100517501898321	0	0	0	0	0	0
388.3	0.00985182363264096	0	0	0	0	0	0
388.8	0.00966656071136767	0	0	0	0	0	0
389.2	0.00948073805155516	0	0	0	0	0	0
389.7	0.00938852433663501	0	0	0	0	0	0
390.2	0.0092511226132961	0	0	0	0	0	0
390.6	0.00917172483044918	0	0	0	0	0	0
391.1	0.00903308910376181	0	0	0	0	0	0
391.6	0.00892496038499809	0	0	0	0	0	0
392	0.00881119164646861	0	0	0	0	0	0
392.5	0.00866556881114777	0	0	0	0	0	0
393	0.00854681439282437	0	0	0	0	0	0
393.4	0.00846042648145088	0	0	0	0	0	0
393.9	0.00832147485447427	0	0	0	0	0	0
394.4	0.00826259873164875	0	0	0	0	0	0
394.8	0.00808823058093822	0	0	0	0	0	0
395.3	0.00808179477373469	0	0	0	0	0	0
395.8	0.00791134307342272	0	0	0	0	0	0
396.3	0.00783996795448638	0	0	0	0	0	0
396.7	0.00779263744156517	0	0	0	0	0	0
397.2	0.00766685855963044	0	0	0	0	0	0
397.7	0.00751134132340229	0	0	0	0	0	0
398.1	0.0074539958595045	0	0	0	0	0	0
398.6	0.00741958824250243	0	0	0	0	0	0
399.1	0.00728276292173887	0	0	0	0	0	0
399.5	0.00721985490539671	0	0	0	0	0	0
400	0.00720199958926677	0	0	0	0	0	0
400.5	0.00707440344927924	0	0	0	0	0	0
400.9	0.00700019960491799	0	0	0	0	0	0
401.4	0.00693976683142407	0	0	0	0	0	0
401.9	0.00688317420707307	0	0	0	0	0	0
402.4	0.00682010328581993	0	0	0	0	0	0
402.8	0.00678110111081517	0	0	0	0	0	0
403.3	0.00678613344339005	0	0	0	0	0	0
403.8	0.00672071277638474	0	0	0	0	0	0
404.2	0.00662388571672981	0	0	0	0	0	0
404.7	0.0065893038165183	0	0	0	0	0	0
405.2	0.00654288340339091	0	0	0	0	0	0
405.6	0.00645607476221031	0	0	0	0	0	0
406.1	0.00645490382341136	0	0	0	0	0	0
406.6	0.0063774630044038	0	0	0	0	0	0
407.1	0.00638511030125686	0	0	0	0	0	0
407.5	0.00635335771805195	0	0	0	0	0	0
408	0.0063202602871263	0	0	0	0	0	0
408.5	0.00631283527217868	0	0	0	0	0	0
408.9	0.00629352477794991	0	0	0	0	0	0
409.4	0.00626058988019784	0	0	0	0	0	0
409.9	0.00624990331212422	0	0	0	0	0	0
410.3	0.0062147684026311	0	0	0	0	0	0
410.8	0.00619617571821314	0	0	0	0	0	0
411.3	0.00617897526033593	0	0	0	0	0	0
411.8	0.00612773572137258	0	0	0	0	0	0
412.2	0.00612589547921753	0	0	0	0	0	0
412.7	0.00611872735864009	0	0	0	0	0	0
413.2	0.00609198738496321	0	0	0	0	0	0
413.6	0.00606512862730658	0	0	0	0	0	0
414.1	0.00605718722134425	0	0	0	0	0	0
414.6	0.00607167120604567	0	0	0	0	0	0
415.1	0.00605206641851777	0	0	0	0	0	0
415.5	0.0060506785613967	0	0	0	0	0	0
416	0.0060710703179818	0	0	0	0	0	0
416.5	0.00604807181993585	0	0	0	0	0	0
416.9	0.0060548860891517	0	0	0	0	0	0
417.4	0.00606623902547403	0	0	0	0	0	0
417.9	0.0060488374755231	0	0	0	0	0	0
418.4	0.00607504315322188	0	0	0	0	0	0
418.8	0.00607082768154059	0	0	0	0	0	0
419.3	0.00609657227427736	0	0	0	0	0	0
419.8	0.00607587102270074	0	0	0	0	0	0
420.2	0.00611860231009584	0	0	0	0	0	0
420.7	0.0061479150571192	0	0	0	0	0	0
421.2	0.0061555988036864	0	0	0	0	0	0
421.7	0.00619321343775177	0	0	0	0	0	0
422.1	0.0062088006364832	0	0	0	0	0	0
422.6	0.00624230631577626	0	0	0	0	0	0
423.1	0.00624013449409086	0	0	0	0	0	0
423.5	0.00629650422446494	0	0	0	0	0	0
424	0.00627055153331813	0	0	0	0	0	0
424.5	0.00629456187733768	0	0	0	0	0	0
425	0.00631905840043483	0	0	0	0	0	0
425.4	0.00634326451490401	0	0	0	0	0	0
425.9	0.00636963404414864	0	0	0	0	0	0
426.4	0.00638606631130334	0	0	0	0	0	0
426.9	0.00639361933431887	0	0	0	0	0	0
427.3	0.00642722378524831	0	0	0	0	0	0
427.8	0.00643588823711104	0	0	0	0	0	0
428.3	0.00643727111349634	0	0	0	0	0	0
428.7	0.00643310377984347	0	0	0	0	0	0
429.2	0.00645886044229291	0	0	0	0	0	0
429.7	0.00642908158913222	0	0	0	0	0	0
430.2	0.00648430732905225	0	0	0	0	0	0
430.6	0.0064855261854786	0	0	0	0	0	0
431.1	0.00652350650857338	0	0	0	0	0	0
431.6	0.0065430307341276	0	0	0	0	0	0
432.1	0.00651180949121595	0	0	0	0	0	0
432.5	0.00654676847840911	0	0	0	0	0	0
433	0.00658688213490306	0	0	0	0	0	0
433.5	0.00659306818939959	0	0	0	0	0	0
434	0.00669425683283781	0	0	0	0	0	0
434.4	0.00666311621823436	0	0	0	0	0	0
434.9	0.00667847991718799	0	0	0	0	0	0
435.4	0.00673468686820513	0	0	0	0	0	0
435.8	0.00675826360640348	0	0	0	0	0	0
436.3	0.006765906843983	0	0	0	0	0	0
436.8	0.00677077100661812	0	0	0	0	0	0
437.3	0.0067898457241663	0	0	0	0	0	0
437.7	0.0068004929931226	0	0	0	0	0	0
438.2	0.00680567188582624	0	0	0	0	0	0
438.7	0.0068349921944747	0	0	0	0	0	0
439.2	0.00686372741978302	0	0	0	0	0	0
439.6	0.00679742467534149	0	0	0	0	0	0
440.1	0.00679241402800413	0	0	0	0	0	0
440.6	0.00679994299925108	0	0	0	0	0	0
441.1	0.00678205086225477	0	0	0	0	0	0
441.5	0.00675824654533286	0	0	0	0	0	0
442	0.00672410659654188	0	0	0	0	0	0
442.5	0.00666042481070813	0	0	0	0	0	0
443	0.00666534719953001	0	0	0	0	0	0
443.4	0.00662963336754821	0	0	0	0	0	0
443.9	0.00662147543558486	0	0	0	0	0	0
444.4	0.00657966032057255	0	0	0	0	0	0
444.9	0.006569397102617	0	0	0	0	0	0
445.3	0.00653178163067913	0	0	0	0	0	0
445.8	0.00648788468490871	0	0	0	0	0	0
446.3	0.00643950950429695	0	0	0	0	0	0
446.8	0.00640188654429709	0	0	0	0	0	0
447.2	0.00638856874717799	0	0	0	0	0	0
447.7	0.00635457100476137	0	0	0	0	0	0
448.2	0.00633110141247633	0	0	0	0	0	0
448.7	0.00630360633241806	0	0	0	0	0	0
449.1	0.0062292118216669	0	0	0	0	0	0
449.6	0.0061820837525342	0	0	0	0	0	0
450.1	0.00616076133448783	0	0	0	0	0	0
450.6	0.00612229853313822	0	0	0	0	0	0
451	0.0061058752894353	0	0	0	0	0	0
451.5	0.00610324635189819	0	0	0	0	0	0
452	0.00602896187851452	0	0	0	0	0	0
452.5	0.00597308537732782	0	0	0	0	0	0
452.9	0.00592453024911948	0	0	0	0	0	0
453.4	0.00587865306400374	0	0	0	0	0	0
453.9	0.00583862633301902	0	0	0	0	0	0
454.4	0.00582286149170827	0	0	0	0	0	0
454.9	0.00579202551958397	0	0	0	0	0	0
455.3	0.00575493939856598	0	0	0	0	0	0
455.8	0.0056802822690026	0	0	0	0	0	0
456.3	0.00565339510436497	0	0	0	0	0	0
456.8	0.00564667962676222	0	0	0	0	0	0
457.2	0.00559147609973103	0	0	0	0	0	0
457.7	0.00555491257216515	0	0	0	0	0	0
458.2	0.00551598958724225	0	0	0	0	0	0
458.7	0.00564058839411329	0	0	0	0	0	0
459.1	0.00542098893614675	0	0	0	0	0	0
459.6	0.0053597550288815	0	0	0	0	0	0
460.1	0.00529866880800628	0	0	0	0	0	0
460.6	0.00521745540187059	0	0	0	0	0	0
461	0.00516228760144727	0	0	0	0	0	0
461.5	0.00510262521717096	0	0	0	0	0	0
462	0.00505807713569643	0	0	0	0	0	0
462.5	0.0050083974217527	0	0	0	0	0	0
463	0.00501935363417388	0	0	0	0	0	0
463.4	0.00500431646209233	0	0	0	0	0	0
463.9	0.00507866870023627	0	0	0	0	0	0
464.4	0.00497332450992548	0	0	0	0	0	0
464.9	0.00492777810993102	0	0	0	0	0	0
465.3	0.00491975317753041	0	0	0	0	0	0
465.8	0.00489036293479079	0	0	0	0	0	0
466.3	0.00487684645190875	0	0	0	0	0	0
466.8	0.00486686584685283	0	0	0	0	0	0
467.3	0.00484448409305382	0	0	0	0	0	0
467.7	0.00481507387716007	0	0	0	0	0	0
468.2	0.00479350952292387	0	0	0	0	0	0
468.7	0.00477843610799199	0	0	0	0	0	0
469.2	0.00477007182423809	0	0	0	0	0	0
469.6	0.00473746060528957	0	0	0	0	0	0
470.1	0.00472256084558999	0	0	0	0	0	0
470.6	0.00470285143984984	0	0	0	0	0	0
471.1	0.00470307493487069	0	0	0	0	0	0
471.6	0.00467737201769724	0	0	0	0	0	0
472	0.00466021667652896	0	0	0	0	0	0
472.5	0.00465220286779148	0	0	0	0	0	0
473	0.00464550891017552	0	0	0	0	0	0
473.5	0.00462537473555539	0	0	0	0	0	0
473.9	0.00461335364259375	0	0	0	0	0	0
474.4	0.00460331150410486	0	0	0	0	0	0
474.9	0.00461640618983584	0	0	0	0	0	0
475.4	0.00458209510137154	0	0	0	0	0	0
475.9	0.00456053109922653	0	0	0	0	0	0
476.3	0.00454937473990732	0	0	0	0	0	0
476.8	0.00454836956704938	0	0	0	0	0	0
477.3	0.00454122463251057	0	0	0	0	0	0
477.8	0.00452689430882377	0	0	0	0	0	0
478.3	0.00452326938596762	0	0	0	0	0	0
478.7	0.00449139021037477	0	0	0	0	0	0
479.2	0.00450306613426947	0	0	0	0	0	0
479.7	0.00451141652999124	0	0	0	0	0	0
480.2	0.0045200991975416	0	0	0	0	0	0
480.7	0.00448371184796935	0	0	0	0	0	0
481.1	0.00449168523253428	0	0	0	0	0	0
481.6	0.00449438611078308	0	0	0	0	0	0
482.1	0.00449959301005824	0	0	0	0	0	0
482.6	0.00450471595460893	0	0	0	0	0	0
483	0.00449944530195038	0	0	0	0	0	0
483.5	0.00449476138414336	0	0	0	0	0	0
484	0.00450388700977562	0	0	0	0	0	0
484.5	0.00451855848662738	0	0	0	0	0	0
485	0.00452401354741268	0	0	0	0	0	0
485.4	0.00452725482359607	0	0	0	0	0	0
485.9	0.00453488706545472	0	0	0	0	0	0
486.4	0.0045311246030519	0	0	0	0	0	0
486.9	0.00452509925159612	0	0	0	0	0	0
487.4	0.00454106523843138	0	0	0	0	0	0
487.8	0.00455735377458446	0	0	0	0	0	0
488.3	0.00454926351017444	0	0	0	0	0	0
488.8	0.0045646412465859	0	0	0	0	0	0
489.3	0.00459921487242379	0	0	0	0	0	0
489.8	0.00460080169347806	0	0	0	0	0	0
490.2	0.00462726851739033	0	0	0	0	0	0
490.7	0.00460158313583549	0	0	0	0	0	0
491.2	0.00461757766818696	0	0	0	0	0	0
491.7	0.00464109560464176	0	0	0	0	0	0
492.2	0.00468046755166868	0	0	0	0	0	0
492.6	0.00466178188048527	0	0	0	0	0	0
493.1	0.0046883862123093	0	0	0	0	0	0
493.6	0.00470033643701819	0	0	0	0	0	0
494.1	0.00471444914868437	0	0	0	0	0	0
494.6	0.00475051441894838	0	0	0	0	0	0
495.1	0.00472862261146691	0	0	0	0	0	0
495.5	0.00474695443499655	0	0	0	0	0	0
496	0.00477244849380064	0	0	0	0	0	0
496.5	0.00478602127489342	0	0	0	0	0	0
497	0.00481586028486684	0	0	0	0	0	0
497.5	0.00482731288405183	0	0	0	0	0	0
497.9	0.00484098462384995	0	0	0	0	0	0
498.4	0.00484868929943083	0	0	0	0	0	0
498.9	0.00488856349674432	0	0	0	0	0	0
499.4	0.00493411141233452	0	0	0	0	0	0
499.9	0.00493528258102039	0	0	0	0	0	0
500.3	0.0049878954672887	0	0	0	0	0	0
500.8	0.00500463294604333	0	0	0	0	0	0
501.3	0.00502128685825388	0	0	0	0	0	0
501.8	0.00503100266628954	0	0	0	0	0	0
502.3	0.00508889199623184	0	0	0	0	0	0
502.8	0.00509599044255464	0	0	0	0	0	0
503.2	0.00512563824293678	0	0	0	0	0	0
503.7	0.00514422785139437	0	0	0	0	0	0
504.2	0.00515068798401081	0	0	0	0	0	0
504.7	0.00519106616143333	0	0	0	0	0	0
505.2	0.00524105458700106	0	0	0	0	0	0
505.6	0.00524885032853646	0	0	0	0	0	0
506.1	0.00528216740772949	0	0	0	0	0	0
506.6	0.00531941158812187	0	0	0	0	0	0
507.1	0.00534051501874041	0	0	0	0	0	0
507.6	0.00537088367595188	0	0	0	0	0	0
508.1	0.00540111096648374	0	0	0	0	0	0
508.5	0.00542210099028862	0	0	0	0	0	0
509	0.00545453820785921	0	0	0	0	0	0
509.5	0.00549251511787851	0	0	0	0	0	0
510	0.00551116980440297	0	0	0	0	0	0
510.5	0.00549923409826344	0	0	0	0	0	0
510.9	0.00554174663101302	0	0	0	0	0	0
511.4	0.00556763378660619	0	0	0	0	0	0
511.9	0.00558313491634253	0	0	0	0	0	0
512.4	0.00560584264202262	0	0	0	0	0	0
512.9	0.00564739063021399	0	0	0	0	0	0
513.4	0.00567079888350029	0	0	0	0	0	0
513.8	0.00570533998709314	0	0	0	0	0	0
514.3	0.0057093842020222	0	0	0	0	0	0
514.8	0.00575027573532336	0	0	0	0	0	0
515.3	0.00577316849074032	0	0	0	0	0	0
515.8	0.0058164619739749	0	0	0	0	0	0
516.3	0.00584866838537733	0	0	0	0	0	0
516.7	0.00584225365186435	0	0	0	0	0	0
517.2	0.00587266758360947	0	0	0	0	0	0
517.7	0.00591003294897375	0	0	0	0	0	0
518.2	0.00590167552445785	0	0	0	0	0	0
518.7	0.00594195015707426	0	0	0	0	0	0
519.2	0.00596217393309846	0	0	0	0	0	0
519.6	0.00598797345306976	0	0	0	0	0	0
520.1	0.00596210968155839	0	0	0	0	0	0
520.6	0.00598936256274895	0	0	0	0	0	0
521.1	0.00602291799237188	0	0	0	0	0	0
521.6	0.00603147777980093	0	0	0	0	0	0
522.1	0.00603649355967328	0	0	0	0	0	0
522.5	0.00602469038981576	0	0	0	0	0	0
523	0.00605251806897135	0	0	0	0	0	0
523.5	0.00606851563340208	0	0	0	0	0	0
524	0.00607362250067636	0	0	0	0	0	0
524.5	0.00610855096564154	0	0	0	0	0	0
525	0.00610363485228635	0	0	0	0	0	0
525.4	0.00610437291119008	0	0	0	0	0	0
525.9	0.00610443533708307	0	0	0	0	0	0
526.4	0.00612134887693447	0	0	0	0	0	0
526.9	0.00613078962358255	0	0	0	0	0	0
527.4	0.00615082436820718	0	0	0	0	0	0
527.9	0.00613615169234925	0	0	0	0	0	0
528.3	0.00611229351721573	0	0	0	0	0	0
528.8	0.00613570954363658	0	0	0	0	0	0
529.3	0.00611199349094783	0	0	0	0	0	0
529.8	0.00610743625936472	0	0	0	0	0	0
530.3	0.00614996329905008	0	0	0	0	0	0
530.8	0.00612978177526803	0	0	0	0	0	0
531.3	0.00613965185173555	0	0	0	0	0	0
531.7	0.00611304010805393	0	0	0	0	0	0
532.2	0.00611823250770747	0	0	0	0	0	0
532.7	0.00611150573552076	0	0	0	0	0	0
533.2	0.00611114962347651	0	0	0	0	0	0
533.7	0.0060971522693213	0	0	0	0	0	0
534.2	0.00608477342951663	0	0	0	0	0	0
534.6	0.006072955797768	0	0	0	0	0	0
535.1	0.00607716616801148	0	0	0	0	0	0
535.6	0.00605408633230677	0	0	0	0	0	0
536.1	0.00606649937974113	0	0	0	0	0	0
536.6	0.00601661769462576	0	0	0	0	0	0
537.1	0.00603764075164815	0	0	0	0	0	0
537.6	0.00601482236390633	0	0	0	0	0	0
538	0.00600341713142301	0	0	0	0	0	0
538.5	0.00598912501593996	0	0	0	0	0	0
539	0.00595384470011026	0	0	0	0	0	0
539.5	0.00594036879576202	0	0	0	0	0	0
540	0.00597032921655249	0	0	0	0	0	0
540.5	0.00595291347527386	0	0	0	0	0	0
540.9	0.00591843477018719	0	0	0	0	0	0
541.4	0.00592062559020863	0	0	0	0	0	0
541.9	0.00589689491966995	0	0	0	0	0	0
542.4	0.00587493317272351	0	0	0	0	0	0
542.9	0.00588267233313985	0	0	0	0	0	0
543.4	0.00585367323116249	0	0	0	0	0	0
543.9	0.0058599695829161	0	0	0	0	0	0
544.3	0.00584962828975469	0	0	0	0	0	0
544.8	0.00580931926772952	0	0	0	0	0	0
545.3	0.00582897022472948	0	0	0	0	0	0
545.8	0.00583229488590042	0	0	0	0	0	0
546.3	0.0058921870916417	0	0	0	0	0	0
546.8	0.00589883143889311	0	0	0	0	0	0
547.3	0.00586717941315461	0	0	0	0	0	0
547.7	0.00582097303993054	0	0	0	0	0	0
548.2	0.00575597238925779	0	0	0	0	0	0
548.7	0.00576313481810092	0	0	0	0	0	0
549.2	0.00575679414888207	0	0	0	0	0	0
549.7	0.00572422927542275	0	0	0	0	0	0
550.2	0.00569635722813955	0	0	0	0	0	0
550.7	0.00567299893972257	0	0	0	0	0	0
551.1	0.00568893230363622	0	0	0	0	0	0
551.6	0.00569444059213961	0	0	0	0	0	0
552.1	0.00569733260730442	0	0	0	0	0	0
552.6	0.00568498931565417	0	0	0	0	0	0
553.1	0.00566971289573122	0	0	0	0	0	0
553.6	0.00564001963233041	0	0	0	0	0	0
554.1	0.0055997405567455	0	0	0	0	0	0
554.6	0.00554349530332375	0	0	0	0	0	0
555	0.00550483723214118	0	0	0	0	0	0
555.5	0.00546705326894543	0	0	0	0	0	0
556	0.00544284716559341	0	0	0	0	0	0
556.5	0.00542674054123496	0	0	0	0	0	0
557	0.00540672341588666	0	0	0	0	0	0
557.5	0.00537033455644897	0	0	0	0	0	0
558	0.00530630801836855	0	0	0	0	0	0
558.4	0.00528293199721664	0	0	0	0	0	0
558.9	0.00524493727651861	0	0	0	0	0	0
559.4	0.00523469164364251	0	0	0	0	0	0
559.9	0.00518549244095728	0	0	0	0	0	0
560.4	0.00515756861256744	0	0	0	0	0	0
560.9	0.00513979559510405	0	0	0	0	0	0
561.4	0.00512314172652273	0	0	0	0	0	0
561.9	0.00508418778707011	0	0	0	0	0	0
562.3	0.00503091462306423	0	0	0	0	0	0
562.8	0.00501573517823378	0	0	0	0	0	0
563.3	0.00499725780306135	0	0	0	0	0	0
563.8	0.00496628823987302	0	0	0	0	0	0
564.3	0.00492623573837685	0	0	0	0	0	0
564.8	0.00491530375790702	0	0	0	0	0	0
565.3	0.00488133316756174	0	0	0	0	0	0
565.8	0.00485646066710029	0	0	0	0	0	0
566.2	0.00482336338971638	0	0	0	0	0	0
566.7	0.00479429639508957	0	0	0	0	0	0
567.2	0.004770891556489	0	0	0	0	0	0
567.7	0.00478569460477744	0	0	0	0	0	0
568.2	0.00476787912769487	0	0	0	0	0	0
568.7	0.00474834636985818	0	0	0	0	0	0
569.2	0.00472774264542446	0	0	0	0	0	0
569.7	0.00469783757518738	0	0	0	0	0	0
570.1	0.00465732868076568	0	0	0	0	0	0
570.6	0.00463219470118089	0	0	0	0	0	0
571.1	0.0045962745363021	0	0	0	0	0	0
571.6	0.00457456141310483	0	0	0	0	0	0
572.1	0.00457026002337616	0	0	0	0	0	0
572.6	0.00454430610211149	0	0	0	0	0	0
573.1	0.00453526404392742	0	0	0	0	0	0
573.6	0.0045096459467868	0	0	0	0	0	0
574	0.00449260302297748	0	0	0	0	0	0
574.5	0.00448402145335608	0	0	0	0	0	0
575	0.00446344000863162	0	0	0	0	0	0
575.5	0.00445260023795674	0	0	0	0	0	0
576	0.00443342611308163	0	0	0	0	0	0
576.5	0.00442573722038609	0	0	0	0	0	0
577	0.00439956541293289	0	0	0	0	0	0
577.5	0.0043835845890244	0	0	0	0	0	0
578	0.00437203134049664	0	0	0	0	0	0
578.4	0.00435297237205912	0	0	0	0	0	0
578.9	0.00434041991587464	0	0	0	0	0	0
579.4	0.00430417858147466	0	0	0	0	0	0
579.9	0.00427291644449577	0	0	0	0	0	0
580.4	0.00423491257507177	0	0	0	0	0	0
580.9	0.00421004496057297	0	0	0	0	0	0
581.4	0.00417802344456969	0	0	0	0	0	0
581.9	0.00413911489506922	0	0	0	0	0	0
582.3	0.00409025342083908	0	0	0	0	0	0
582.8	0.0040521108723247	0	0	0	0	0	0
583.3	0.00402339549332657	0	0	0	0	0	0
583.8	0.00397575939160173	0	0	0	0	0	0
584.3	0.00393761938410284	0	0	0	0	0	0
584.8	0.00389886249518199	0	0	0	0	0	0
585.3	0.00387041732817705	0	0	0	0	0	0
585.8	0.00383163978393015	0	0	0	0	0	0
586.3	0.00380794075887272	0	0	0	0	0	0
586.7	0.00379081919885041	0	0	0	0	0	0
587.2	0.0037658596512135	0	0	0	0	0	0
587.7	0.00375296403227286	0	0	0	0	0	0
588.2	0.00373708712290007	0	0	0	0	0	0
588.7	0.00371840571273185	0	0	0	0	0	0
589.2	0.00371498939177931	0	0	0	0	0	0
589.7	0.00370262462937194	0	0	0	0	0	0
590.2	0.0037054999688022	0	0	0	0	0	0
590.7	0.00368547260032934	0	0	0	0	0	0
591.2	0.00366929726843102	0	0	0	0	0	0
591.6	0.00367044346349906	0	0	0	0	0	0
592.1	0.00364754411328027	0	0	0	0	0	0
592.6	0.00364756060429391	0	0	0	0	0	0
593.1	0.00364591761351825	0	0	0	0	0	0
593.6	0.00364568086754136	0	0	0	0	0	0
594.1	0.00363440620169046	0	0	0	0	0	0
594.6	0.00362325657514324	0	0	0	0	0	0
595.1	0.00364617687474807	0	0	0	0	0	0
595.6	0.00362874779905711	0	0	0	0	0	0
596	0.00362775598300652	0	0	0	0	0	0
596.5	0.00364473469837897	0	0	0	0	0	0
597	0.00364380041202543	0	0	0	0	0	0
597.5	0.00363833482073011	0	0	0	0	0	0
598	0.00364844312123667	0	0	0	0	0	0
598.5	0.00365438188731607	0	0	0	0	0	0
599	0.00365199566212436	0	0	0	0	0	0
599.5	0.00364583105912553	0	0	0	0	0	0
600	0.00364404828085035	0	0	0	0	0	0
600.5	0.0036130695396264	0	0	0	0	0	0
600.9	0.00360245212164011	0	0	0	0	0	0
601.4	0.00360677843955264	0	0	0	0	0	0
601.9	0.0035997163840256	0	0	0	0	0	0
602.4	0.00358884743633338	0	0	0	0	0	0
602.9	0.00358576529026352	0	0	0	0	0	0
603.4	0.00360004229640947	0	0	0	0	0	0
603.9	0.00361358942055471	0	0	0	0	0	0
604.4	0.00361636196727905	0	0	0	0	0	0
604.9	0.00363569723541312	0	0	0	0	0	0
605.4	0.00364164249123573	0	0	0	0	0	0
605.9	0.00367833032566887	0	0	0	0	0	0
606.3	0.00367128945758178	0	0	0	0	0	0
606.8	0.00368765262396672	0	0	0	0	0	0
607.3	0.00369936802181538	0	0	0	0	0	0
607.8	0.0037102510517695	0	0	0	0	0	0
608.3	0.00371731619013369	0	0	0	0	0	0
608.8	0.00373281244984835	0	0	0	0	0	0
609.3	0.00374015357900373	0	0	0	0	0	0
609.8	0.00374416768753975	0	0	0	0	0	0
610.3	0.00376009300635771	0	0	0	0	0	0
610.8	0.00377349347859961	0	0	0	0	0	0
611.2	0.00376319961285621	0	0	0	0	0	0
611.7	0.00377644285413598	0	0	0	0	0	0
612.2	0.00378221448306307	0	0	0	0	0	0
612.7	0.00378205666026926	0	0	0	0	0	0
613.2	0.00379775062155282	0	0	0	0	0	0
613.7	0.00378510711642838	0	0	0	0	0	0
614.2	0.00379863568274346	0	0	0	0	0	0
614.7	0.00379107542750191	0	0	0	0	0	0
615.2	0.00379755594721432	0	0	0	0	0	0
615.7	0.00380881356659228	0	0	0	0	0	0
616.2	0.00380807392563183	0	0	0	0	0	0
616.6	0.00383055268228113	0	0	0	0	0	0
617.1	0.00381714017786782	0	0	0	0	0	0
617.6	0.00385041782415584	0	0	0	0	0	0
618.1	0.00383102280679925	0	0	0	0	0	0
618.6	0.00384391455990432	0	0	0	0	0	0
619.1	0.0038537459312636	0	0	0	0	0	0
619.6	0.00384850843853809	0	0	0	0	0	0
620.1	0.00385797014369688	0	0	0	0	0	0
620.6	0.00386964560074954	0	0	0	0	0	0
621.1	0.00387969710140785	0	0	0	0	0	0
621.6	0.00386749219652868	0	0	0	0	0	0
622.1	0.00388182142876197	0	0	0	0	0	0
622.5	0.0038882181151967	0	0	0	0	0	0
623	0.00391288942585857	0	0	0	0	0	0
623.5	0.003904527870486	0	0	0	0	0	0
624	0.0039206139862084	0	0	0	0	0	0
624.5	0.00390931772271015	0	0	0	0	0	0
625	0.00392348487884584	0	0	0	0	0	0
625.5	0.00391614405564217	0	0	0	0	0	0
626	0.00391570643658132	0	0	0	0	0	0
626.5	0.00390501832164155	0	0	0	0	0	0
627	0.00391321415357556	0	0	0	0	0	0
627.5	0.00391123908870932	0	0	0	0	0	0
628	0.00390713633879689	0	0	0	0	0	0
628.4	0.00393194898096304	0	0	0	0	0	0
628.9	0.00393328087667993	0	0	0	0	0	0
629.4	0.00397332600277789	0	0	0	0	0	0
629.9	0.00396731379243466	0	0	0	0	0	0
630.4	0.00398830730382761	0	0	0	0	0	0
630.9	0.00399558512186868	0	0	0	0	0	0
631.4	0.00399518727676369	0	0	0	0	0	0
631.9	0.00400268540703679	0	0	0	0	0	0
632.4	0.00400617512895761	0	0	0	0	0	0
632.9	0.00399057047751328	0	0	0	0	0	0
633.4	0.00396492949358713	0	0	0	0	0	0
633.9	0.00395989529553512	0	0	0	0	0	0
634.4	0.0039551652845221	0	0	0	0	0	0
634.8	0.00395743810114385	0	0	0	0	0	0
635.3	0.00395643407852383	0	0	0	0	0	0
635.8	0.00395383320641985	0	0	0	0	0	0
636.3	0.0039430815291768	0	0	0	0	0	0
636.8	0.00395187040974814	0	0	0	0	0	0
637.3	0.0039404881060283	0	0	0	0	0	0
637.8	0.00395485200674072	0	0	0	0	0	0
638.3	0.00394804790628304	0	0	0	0	0	0
638.8	0.0039514166973299	0	0	0	0	0	0
639.3	0.00395208622536124	0	0	0	0	0	0
639.8	0.00394397863566541	0	0	0	0	0	0
640.3	0.003940658304978	0	0	0	0	0	0
640.8	0.00394817658446227	0	0	0	0	0	0
641.2	0.00394416364139183	0	0	0	0	0	0
641.7	0.00392579558320093	0	0	0	0	0	0
642.2	0.0039414519160303	0	0	0	0	0	0
642.7	0.00392733631628175	0	0	0	0	0	0
643.2	0.00392934907239689	0	0	0	0	0	0
643.7	0.00392649937138571	0	0	0	0	0	0
644.2	0.00392445007146708	0	0	0	0	0	0
644.7	0.00391999047997686	0	0	0	0	0	0
645.2	0.00390789665398225	0	0	0	0	0	0
645.7	0.00391219148412161	0	0	0	0	0	0
646.2	0.00390557292483253	0	0	0	0	0	0
646.7	0.00390719059185129	0	0	0	0	0	0
647.2	0.00388979720180882	0	0	0	0	0	0
647.7	0.00389084483036793	0	0	0	0	0	0
648.1	0.0038837358320845	0	0	0	0	0	0
648.6	0.0038836637648914	0	0	0	0	0	0
649.1	0.00387681444552549	0	0	0	0	0	0
649.6	0.00387497013668903	0	0	0	0	0	0
650.1	0.00386017805337129	0	0	0	0	0	0
650.6	0.00385619604439932	0	0	0	0	0	0
651.1	0.00385139557121934	0	0	0	0	0	0
651.6	0.00384281181315487	0	0	0	0	0	0
652.1	0.0038434324316894	0	0	0	0	0	0
652.6	0.00383547634452244	0	0	0	0	0	0
653.1	0.00381105073777812	0	0	0	0	0	0
653.6	0.00380892757974491	0	0	0	0	0	0
654.1	0.00380518856405544	0	0	0	0	0	0
654.6	0.00381345868608369	0	0	0	0	0	0
655.1	0.00378358377783168	0	0	0	0	0	0
655.5	0.00378490589066879	0	0	0	0	0	0
656	0.00377177232348109	0	0	0	0	0	0
656.5	0.00377437263733664	0	0	0	0	0	0
657	0.0037710348897069	0	0	0	0	0	0
657.5	0.0037532808473069	0	0	0	0	0	0
658	0.00374604895626465	0	0	0	0	0	0
658.5	0.00373661274328546	0	0	0	0	0	0
659	0.00371165316754236	0	0	0	0	0	0
659.5	0.00371004374539961	0	0	0	0	0	0
660	0.00368856152170273	0	0	0	0	0	0
660.5	0.00368487223667818	0	0	0	0	0	0
661	0.00368945545560249	0	0	0	0	0	0
661.5	0.00367931753356254	0	0	0	0	0	0
662	0.00367022685139322	0	0	0	0	0	0
662.5	0.00366098945687178	0	0	0	0	0	0
662.9	0.00365183120716429	0	0	0	0	0	0
663.4	0.00365377384291624	0	0	0	0	0	0
663.9	0.00364687254948571	0	0	0	0	0	0
664.4	0.00362082238706701	0	0	0	0	0	0
664.9	0.0036006181851287	0	0	0	0	0	0
665.4	0.00359108416256173	0	0	0	0	0	0
665.9	0.00358313691093169	0	0	0	0	0	0
666.4	0.00355153729424531	0	0	0	0	0	0
666.9	0.00353962839832737	0	0	0	0	0	0
667.4	0.00352490021428193	0	0	0	0	0	0
667.9	0.003526421085043	0	0	0	0	0	0
668.4	0.00351897413363084	0	0	0	0	0	0
668.9	0.0035040607941016	0	0	0	0	0	0
669.4	0.00349654412050203	0	0	0	0	0	0
669.9	0.00349460522785002	0	0	0	0	0	0
670.4	0.00348213280957202	0	0	0	0	0	0
670.9	0.00345877539316454	0	0	0	0	0	0
671.3	0.00345444142972264	0	0	0	0	0	0
671.8	0.00345707125608355	0	0	0	0	0	0
672.3	0.00342763873018975	0	0	0	0	0	0
672.8	0.00342057652149998	0	0	0	0	0	0
673.3	0.00339803380638436	0	0	0	0	0	0
673.8	0.00339778672343733	0	0	0	0	0	0
674.3	0.00339038741026326	0	0	0	0	0	0
674.8	0.00337601347365661	0	0	0	0	0	0
675.3	0.0033558903294058	0	0	0	0	0	0
675.8	0.00335764920325868	0	0	0	0	0	0
676.3	0.00334656930640234	0	0	0	0	0	0
676.8	0.00332939214644881	0	0	0	0	0	0
677.3	0.00333291671951678	0	0	0	0	0	0
677.8	0.00330533048480168	0	0	0	0	0	0
678.3	0.0032939652535094	0	0	0	0	0	0
678.8	0.00328464065587779	0	0	0	0	0	0
679.3	0.00327044947293074	0	0	0	0	0	0
679.8	0.0032643606262223	0	0	0	0	0	0
680.2	0.00324435457041762	0	0	0	0	0	0
680.7	0.00323687236680564	0	0	0	0	0	0
681.2	0.00322608973921677	0	0	0	0	0	0
681.7	0.00320509577052584	0	0	0	0	0	0
682.2	0.00320001830913027	0	0	0	0	0	0
682.7	0.00319045403802765	0	0	0	0	0	0
683.2	0.00319175992524672	0	0	0	0	0	0
683.7	0.0031647529192034	0	0	0	0	0	0
684.2	0.00315069668004118	0	0	0	0	0	0
684.7	0.00315079297190919	0	0	0	0	0	0
685.2	0.00314512864721017	0	0	0	0	0	0
685.7	0.00312132099975602	0	0	0	0	0	0
686.2	0.00311701812230986	0	0	0	0	0	0
686.7	0.00309752669592256	0	0	0	0	0	0
687.2	0.00309455021164426	0	0	0	0	0	0
687.7	0.00307653440301039	0	0	0	0	0	0
688.2	0.00305259803757974	0	0	0	0	0	0
688.7	0.00306196082330361	0	0	0	0	0	0
689.2	0.00303016495049961	0	0	0	0	0	0
689.6	0.00302155373339087	0	0	0	0	0	0
690.1	0.00301984065731074	0	0	0	0	0	0
690.6	0.00301285627949613	0	0	0	0	0	0
691.1	0.0030012334576875	0	0	0	0	0	0
691.6	0.00298465456727765	0	0	0	0	0	0
692.1	0.00297919359196929	0	0	0	0	0	0
692.6	0.00296826806123774	0	0	0	0	0	0
693.1	0.002946899800153	0	0	0	0	0	0
693.6	0.00294757949366165	0	0	0	0	0	0
694.1	0.00292821215168637	0	0	0	0	0	0
694.6	0.00291750514811574	0	0	0	0	0	0
695.1	0.00290594873614417	0	0	0	0	0	0
695.6	0.00291012358552872	0	0	0	0	0	0
696.1	0.00288820191645397	0	0	0	0	0	0
696.6	0.00288827767833809	0	0	0	0	0	0
697.1	0.00287435759572659	0	0	0	0	0	0
697.6	0.0028653403902101	0	0	0	0	0	0
698.1	0.00284539157462013	0	0	0	0	0	0
698.6	0.00283856772572559	0	0	0	0	0	0
699.1	0.00282189670691649	0	0	0	0	0	0
699.5	0.00280922090076526	0	0	0	0	0	0
700	0.00280257844706498	0	0	0	0	0	0
700.5	0.00277557352691445	0	0	0	0	0	0
701	0.00276410168413434	0	0	0	0	0	0
701.5	0.0027637978626296	0	0	0	0	0	0
702	0.00274844479566693	0	0	0	0	0	0
702.5	0.00273467779091102	0	0	0	0	0	0
703	0.00272453161257788	0	0	0	0	0	0
703.5	0.0027093048356644	0	0	0	0	0	0
704	0.00270255407193756	0	0	0	0	0	0
704.5	0.00270177844296059	0	0	0	0	0	0
705	0.00269901094431797	0	0	0	0	0	0
705.5	0.00270010637131385	0	0	0	0	0	0
706	0.00269374688577317	0	0	0	0	0	0
706.5	0.00268420225658502	0	0	0	0	0	0
707	0.0026695171433834	0	0	0	0	0	0
707.5	0.00265637250131345	0	0	0	0	0	0
708	0.00262735474119603	0	0	0	0	0	0
708.5	0.00261968456218216	0	0	0	0	0	0
709	0.0025909101675135	0	0	0	0	0	0
709.5	0.00257678903704295	0	0	0	0	0	0
710	0.00257570529953823	0	0	0	0	0	0
710.4	0.00256565610038648	0	0	0	0	0	0
710.9	0.00256845105396277	0	0	0	0	0	0
711.4	0.00255441173978352	0	0	0	0	0	0
711.9	0.00253395611278242	0	0	0	0	0	0
712.4	0.00253635337146062	0	0	0	0	0	0
712.9	0.00251815816393214	0	0	0	0	0	0
713.4	0.00251517653565922	0	0	0	0	0	0
713.9	0.00249828942434254	0	0	0	0	0	0
714.4	0.00249386591549831	0	0	0	0	0	0
714.9	0.00247600877094081	0	0	0	0	0	0
715.4	0.00247197874614049	0	0	0	0	0	0
715.9	0.00246998705202083	0	0	0	0	0	0
716.4	0.00246178399535452	0	0	0	0	0	0
716.9	0.00245592202140269	0	0	0	0	0	0
717.4	0.00244428662312758	0	0	0	0	0	0
717.9	0.00242506262227182	0	0	0	0	0	0
718.4	0.0024115878555251	0	0	0	0	0	0
718.9	0.0024049666520326	0	0	0	0	0	0
719.4	0.00239949561769583	0	0	0	0	0	0
719.9	0.00239644862755184	0	0	0	0	0	0
720.4	0.00238853923345932	0	0	0	0	0	0
720.9	0.00237318081737158	0	0	0	0	0	0
721.4	0.00236987334572198	0	0	0	0	0	0
721.9	0.00236409491144521	0	0	0	0	0	0
722.3	0.00235814067641063	0	0	0	0	0	0
722.8	0.00233815275730758	0	0	0	0	0	0
723.3	0.00233743378078156	0	0	0	0	0	0
723.8	0.00233403125351416	0	0	0	0	0	0
724.3	0.00233058740239479	0	0	0	0	0	0
724.8	0.00232689524410787	0	0	0	0	0	0
725.3	0.0023128496528983	0	0	0	0	0	0
725.8	0.00230434490085486	0	0	0	0	0	0
726.3	0.00229663071966817	0	0	0	0	0	0
726.8	0.00228248373057166	0	0	0	0	0	0
727.3	0.00227040107552167	0	0	0	0	0	0
727.8	0.00226848861663642	0	0	0	0	0	0
728.3	0.00225351852976367	0	0	0	0	0	0
728.8	0.00225964238591819	0	0	0	0	0	0
729.3	0.00225885068488956	0	0	0	0	0	0
729.8	0.00224754790799357	0	0	0	0	0	0
730.3	0.00223615415655558	0	0	0	0	0	0
730.8	0.00223739958914362	0	0	0	0	0	0
731.3	0.0022300908565643	0	0	0	0	0	0
731.8	0.00222341577912607	0	0	0	0	0	0
732.3	0.00220919399600604	0	0	0	0	0	0
732.8	0.00220515554325184	0	0	0	0	0	0
733.3	0.00219843447681091	0	0	0	0	0	0
733.8	0.0021904775242126	0	0	0	0	0	0
734.3	0.00219722586677944	0	0	0	0	0	0
734.8	0.00219178183850128	0	0	0	0	0	0
735.2	0.00218682461612169	0	0	0	0	0	0
735.7	0.00217637200296769	0	0	0	0	0	0
736.2	0.00217656426366178	0	0	0	0	0	0
736.7	0.00217094106700605	0	0	0	0	0	0
737.2	0.00216888185462112	0	0	0	0	0	0
737.7	0.00216096210622102	0	0	0	0	0	0
738.2	0.00215935477415574	0	0	0	0	0	0
738.7	0.00215810938167315	0	0	0	0	0	0
739.2	0.00215485899960154	0	0	0	0	0	0
739.7	0.0021553357491737	0	0	0	0	0	0
740.2	0.00214955662674408	0	0	0	0	0	0
740.7	0.00214497212239872	0	0	0	0	0	0
741.2	0.00213651027151033	0	0	0	0	0	0
741.7	0.0021322900801109	0	0	0	0	0	0
742.2	0.00211939259374467	0	0	0	0	0	0
742.7	0.00210922859860226	0	0	0	0	0	0
743.2	0.00209544649041395	0	0	0	0	0	0
743.7	0.0020890812846102	0	0	0	0	0	0
744.2	0.00208526937418126	0	0	0	0	0	0
744.7	0.00207385256989934	0	0	0	0	0	0
745.2	0.00207030012834092	0	0	0	0	0	0
745.7	0.00205946124470602	0	0	0	0	0	0
746.2	0.00206309034069349	0	0	0	0	0	0
746.7	0.00206345157482617	0	0	0	0	0	0
747.2	0.0020598862666216	0	0	0	0	0	0
747.7	0.00206012382740426	0	0	0	0	0	0
748.2	0.00205926656101943	0	0	0	0	0	0
748.7	0.00205464542202949	0	0	0	0	0	0
749.1	0.00204766856611157	0	0	0	0	0	0
749.6	0.00205892414357046	0	0	0	0	0	0
750.1	0.00205479432350805	0	0	0	0	0	0
750.6	0.00204846992858946	0	0	0	0	0	0
751.1	0.00204145042896768	0	0	0	0	0	0
751.6	0.00203981177610648	0	0	0	0	0	0
752.1	0.00204567242183068	0	0	0	0	0	0
752.6	0.0020549400260293	0	0	0	0	0	0
753.1	0.00204910547084389	0	0	0	0	0	0
753.6	0.00205120277315455	0	0	0	0	0	0
754.1	0.00204550759934561	0	0	0	0	0	0
754.6	0.00204200957572994	0	0	0	0	0	0
755.1	0.0020419165107108	0	0	0	0	0	0
755.6	0.00204980935439884	0	0	0	0	0	0
756.1	0.00205312584260656	0	0	0	0	0	0
756.6	0.00205062739908139	0	0	0	0	0	0
757.1	0.00204746913029987	0	0	0	0	0	0
757.6	0.00205766950385585	0	0	0	0	0	0
758.1	0.00204968385836576	0	0	0	0	0	0
758.6	0.00207216776330715	0	0	0	0	0	0
759.1	0.00207696361191309	0	0	0	0	0	0
759.6	0.00207697897803684	0	0	0	0	0	0
760.1	0.00207604717136315	0	0	0	0	0	0
760.6	0.00207331867367885	0	0	0	0	0	0
761.1	0.00209184568687768	0	0	0	0	0	0
761.6	0.00209356388571246	0	0	0	0	0	0
762.1	0.00211082710561301	0	0	0	0	0	0
762.6	0.0021086061634583	0	0	0	0	0	0
763.1	0.00211056138722807	0	0	0	0	0	0
763.6	0.00211282613921369	0	0	0	0	0	0
764	0.0021249120276374	0	0	0	0	0	0
764.5	0.00212945371182991	0	0	0	0	0	0
765	0.00212425779191484	0	0	0	0	0	0
765.5	0.00212180823916956	0	0	0	0	0	0
766	0.00213068327447422	0	0	0	0	0	0
766.5	0.00212900924762572	0	0	0	0	0	0
767	0.00213572084235494	0	0	0	0	0	0
767.5	0.00213645602648902	0	0	0	0	0	0
768	0.00214121071101858	0	0	0	0	0	0
768.5	0.00215061333518664	0	0	0	0	0	0
769	0.00215798738714622	0	0	0	0	0	0
769.5	0.00216372497872557	0	0	0	0	0	0
770	0.0021627458747962	0	0	0	0	0	0
770.5	0.00217009976436987	0	0	0	0	0	0
771	0.00217420761233153	0	0	0	0	0	0
771.5	0.00217919727769079	0	0	0	0	0	0
772	0.00218536744554775	0	0	0	0	0	0
772.5	0.00218872754064238	0	0	0	0	0	0
773	0.0021971612549162	0	0	0	0	0	0
773.5	0.00220497389800274	0	0	0	0	0	0
774	0.00220711319422581	0	0	0	0	0	0
774.5	0.00221297509160443	0	0	0	0	0	0
775	0.00221831605442684	0	0	0	0	0	0
775.5	0.00222573234053323	0	0	0	0	0	0
776	0.00222396112141899	0	0	0	0	0	0
776.5	0.00222423169692282	0	0	0	0	0	0
777	0.00222952905984438	0	0	0	0	0	0
777.5	0.0022382292056962	0	0	0	0	0	0
778	0.00224760524842538	0	0	0	0	0	0
778.5	0.00225431029708856	0	0	0	0	0	0
779	0.00225940663920141	0	0	0	0	0	0
779.4	0.00225929358373673	0	0	0	0	0	0
779.9	0.00227477596986727	0	0	0	0	0	0
780.4	0.00228039364942166	0	0	0	0	0	0
780.9	0.0022771378040399	0	0	0	0	0	0
781.4	0.00227502665773725	0	0	0	0	0	0
781.9	0.00228696897468812	0	0	0	0	0	0
782.4	0.00228894600386211	0	0	0	0	0	0
782.9	0.00229363940435334	0	0	0	0	0	0
783.4	0.00229916526879493	0	0	0	0	0	0
783.9	0.00229896371374061	0	0	0	0	0	0
784.4	0.00230095131755202	0	0	0	0	0	0
784.9	0.00230472297751922	0	0	0	0	0	0
785.4	0.00231628801496558	0	0	0	0	0	0
785.9	0.00232712990209012	0	0	0	0	0	0
786.4	0.00232454488966476	0	0	0	0	0	0
786.9	0.00232996618126714	0	0	0	0	0	0
787.4	0.00234102880355282	0	0	0	0	0	0
787.9	0.00234834457226747	0	0	0	0	0	0
788.4	0.00235134973916154	0	0	0	0	0	0
788.9	0.00235075840785097	0	0	0	0	0	0
789.4	0.00237094568000541	0	0	0	0	0	0
789.9	0.00236314640339157	0	0	0	0	0	0
790.4	0.00235254672062621	0	0	0	0	0	0
790.9	0.00236453857126862	0	0	0	0	0	0
791.4	0.00237232889986759	0	0	0	0	0	0
791.9	0.00237069413823524	0	0	0	0	0	0
792.4	0.00237810172971872	0	0	0	0	0	0
792.9	0.00237317017556687	0	0	0	0	0	0
793.4	0.0023757897523268	0	0	0	0	0	0
793.9	0.0023844669779467	0	0	0	0	0	0
794.4	0.00238222811035253	0	0	0	0	0	0
794.9	0.00240441489997437	0	0	0	0	0	0
795.3	0.00239609681533455	0	0	0	0	0	0
795.8	0.00240125423300794	0	0	0	0	0	0
796.3	0.00241788214385004	0	0	0	0	0	0
796.8	0.00240982667436445	0	0	0	0	0	0
797.3	0.00241662453579008	0	0	0	0	0	0
797.8	0.0024207298150188	0	0	0	0	0	0
798.3	0.00243881796904371	0	0	0	0	0	0
798.8	0.00244286672659529	0	0	0	0	0	0
799.3	0.00244838015699563	0	0	0	0	0	0
799.8	0.00246096244886643	0	0	0	0	0	0
800.3	0.00247011571889911	0	0	0	0	0	0
800.8	0.00247547185746636	0	0	0	0	0	0
801.3	0.00247715794324	0	0	0	0	0	0
801.8	0.00249411380699984	0	0	0	0	0	0
802.3	0.00248455400739619	0	0	0	0	0	0
802.8	0.00250350564592909	0	0	0	0	0	0
803.3	0.00249332620798559	0	0	0	0	0	0
803.8	0.00250523104432307	0	0	0	0	0	0
804.3	0.00251756307411879	0	0	0	0	0	0
804.8	0.00253049561933142	0	0	0	0	0	0
805.3	0.00253959620381313	0	0	0	0	0	0
805.8	0.00254001361000479	0	0	0	0	0	0
806.3	0.00255163309965773	0	0	0	0	0	0
806.8	0.00256508317866614	0	0	0	0	0	0
807.3	0.00258884081682051	0	0	0	0	0	0
807.8	0.00258911145370345	0	0	0	0	0	0
808.3	0.00259364069747838	0	0	0	0	0	0
808.8	0.00260370955354909	0	0	0	0	0	0
809.3	0.0026073922251265	0	0	0	0	0	0
809.8	0.00261990952397466	0	0	0	0	0	0
810.3	0.00262283411016022	0	0	0	0	0	0
810.8	0.00261016894370086	0	0	0	0	0	0
811.2	0.00262211554725082	0	0	0	0	0	0
811.7	0.00262922529701349	0	0	0	0	0	0
812.2	0.00262892272086752	0	0	0	0	0	0
812.7	0.00262625181402506	0	0	0	0	0	0
813.2	0.00265051504180803	0	0	0	0	0	0
813.7	0.00265435580872543	0	0	0	0	0	0
814.2	0.00266532648782111	0	0	0	0	0	0
814.7	0.0026709487945948	0	0	0	0	0	0
815.2	0.00269165264363056	0	0	0	0	0	0
815.7	0.00270835376438838	0	0	0	0	0	0
816.2	0.00270980176689235	0	0	0	0	0	0
816.7	0.00271166833123382	0	0	0	0	0	0
817.2	0.00272875138264732	0	0	0	0	0	0
817.7	0.00274639326214109	0	0	0	0	0	0
818.2	0.0027554064996161	0	0	0	0	0	0
818.7	0.00276059172405247	0	0	0	0	0	0
819.2	0.00276617805618311	0	0	0	0	0	0
819.7	0.00276579887860896	0	0	0	0	0	0
820.2	0.00277151684896193	0	0	0	0	0	0
820.7	0.00279200376297579	0	0	0	0	0	0
821.2	0.00280475752829593	0	0	0	0	0	0
821.7	0.00281412402512604	0	0	0	0	0	0
822.2	0.00281569284831678	0	0	0	0	0	0
822.7	0.00283138047937097	0	0	0	0	0	0
823.2	0.00283897006723881	0	0	0	0	0	0
823.7	0.00284365532756292	0	0	0	0	0	0
824.2	0.00286713521005546	0	0	0	0	0	0
824.7	0.00286044569987433	0	0	0	0	0	0
825.2	0.00288051064060074	0	0	0	0	0	0
825.7	0.00289947499896538	0	0	0	0	0	0
826.1	0.00290286009814294	0	0	0	0	0	0
826.6	0.00290362511805916	0	0	0	0	0	0
827.1	0.00290130952326142	0	0	0	0	0	0
827.6	0.00291497585341316	0	0	0	0	0	0
828.1	0.00292065806803338	0	0	0	0	0	0
828.6	0.00295282520477137	0	0	0	0	0	0
829.1	0.00294395421370022	0	0	0	0	0	0
829.6	0.00296986829096786	0	0	0	0	0	0
830.1	0.00299113519570932	0	0	0	0	0	0
830.6	0.00299708779757194	0	0	0	0	0	0
831.1	0.00301362587822202	0	0	0	0	0	0
831.6	0.00301863766026972	0	0	0	0	0	0
832.1	0.0030314151595765	0	0	0	0	0	0
832.6	0.00302971041656429	0	0	0	0	0	0
833.1	0.00305824581771088	0	0	0	0	0	0
833.6	0.00306236548477248	0	0	0	0	0	0
834.1	0.00308869231401124	0	0	0	0	0	0
834.6	0.00310007203293244	0	0	0	0	0	0
835.1	0.00310851134959072	0	0	0	0	0	0
835.6	0.00312174559016581	0	0	0	0	0	0
836.1	0.00312940486416903	0	0	0	0	0	0
836.6	0.00316303461060701	0	0	0	0	0	0
837.1	0.00317788058913566	0	0	0	0	0	0
837.6	0.00318141005258851	0	0	0	0	0	0
838.1	0.00320749377911814	0	0	0	0	0	0
838.6	0.00323816764940146	0	0	0	0	0	0
839.1	0.00324605421155151	0	0	0	0	0	0
839.6	0.00327062335913418	0	0	0	0	0	0
840	0.00329715292746687	0	0	0	0	0	0
840.5	0.00330015834107399	0	0	0	0	0	0
841	0.0033482346024804	0	0	0	0	0	0
841.5	0.00333772480986568	0	0	0	0	0	0
842	0.00335812311324785	0	0	0	0	0	0
842.5	0.00336853020348429	0	0	0	0	0	0
843	0.00338796272450765	0	0	0	0	0	0
843.5	0.00341575731398214	0	0	0	0	0	0
844	0.00342891858868144	0	0	0	0	0	0
844.5	0.00344517986127797	0	0	0	0	0	0
845	0.00344947189458838	0	0	0	0	0	0
845.5	0.00346806371442264	0	0	0	0	0	0
846	0.00347545056721652	0	0	0	0	0	0
846.5	0.00351130053678966	0	0	0	0	0	0
847	0.00350960437251266	0	0	0	0	0	0
847.5	0.00350331249184843	0	0	0	0	0	0
848	0.00351962156938466	0	0	0	0	0	0
848.5	0.00353355919453915	0	0	0	0	0	0
849	0.00354511483310733	0	0	0	0	0	0
849.5	0.00355306457448636	0	0	0	0	0	0
850	0.00355790057607942	0	0	0	0	0	0
850.5	0.00357294555725627	0	0	0	0	0	0
851	0.00358032356182476	0	0	0	0	0	0
851.5	0.00358395147438588	0	0	0	0	0	0
852	0.00359046699185265	0	0	0	0	0	0
852.5	0.00361607053415708	0	0	0	0	0	0
852.9	0.00364712761385073	0	0	0	0	0	0
853.4	0.00369264270485037	0	0	0	0	0	0
853.9	0.00371015005488278	0	0	0	0	0	0
854.4	0.00369662900058039	0	0	0	0	0	0
854.9	0.00367393204128366	0	0	0	0	0	0
855.4	0.00365502071911728	0	0	0	0	0	0
855.9	0.00364588100346882	0	0	0	0	0	0
856.4	0.00366310698713087	0	0	0	0	0	0
856.9	0.00366205227397415	0	0	0	0	0	0
857.4	0.00368471144449483	0	0	0	0	0	0
857.9	0.00367220340133981	0	0	0	0	0	0
858.4	0.00370165908887644	0	0	0	0	0	0
858.9	0.00369857187069444	0	0	0	0	0	0
859.4	0.00370137827681705	0	0	0	0	0	0
859.9	0.00371912716350871	0	0	0	0	0	0
860.4	0.00371923919605589	0	0	0	0	0	0
860.9	0.00372284013761552	0	0	0	0	0	0
861.4	0.0037320531884641	0	0	0	0	0	0
861.9	0.00373721941023002	0	0	0	0	0	0
862.4	0.0037330430690782	0	0	0	0	0	0
862.9	0.00374455534399047	0	0	0	0	0	0
863.4	0.00374233437758353	0	0	0	0	0	0
863.9	0.00374114753759587	0	0	0	0	0	0
864.4	0.00377679013464617	0	0	0	0	0	0
864.8	0.00377011984160932	0	0	0	0	0	0
865.3	0.00377665609598341	0	0	0	0	0	0
865.8	0.00377633512534016	0	0	0	0	0	0
866.3	0.00378903080148991	0	0	0	0	0	0
866.8	0.00379149623968366	0	0	0	0	0	0
867.3	0.00379919075628219	0	0	0	0	0	0
867.8	0.00380474741721395	0	0	0	0	0	0
868.3	0.00381572752280172	0	0	0	0	0	0
868.8	0.00382552783102975	0	0	0	0	0	0
869.3	0.00382942271024165	0	0	0	0	0	0
869.8	0.003823650924566	0	0	0	0	0	0
870.3	0.00385305517019324	0	0	0	0	0	0
870.8	0.00385661286576191	0	0	0	0	0	0
871.3	0.00384802646195292	0	0	0	0	0	0
871.8	0.00386498992202232	0	0	0	0	0	0
872.3	0.00387440198911777	0	0	0	0	0	0
872.8	0.00386923624754076	0	0	0	0	0	0
873.3	0.00386719450407783	0	0	0	0	0	0
873.8	0.00388822766624176	0	0	0	0	0	0
874.3	0.00389312647826435	0	0	0	0	0	0
874.8	0.00389118633300188	0	0	0	0	0	0
875.3	0.00389969665025089	0	0	0	0	0	0
875.8	0.00390800513590148	0	0	0	0	0	0
876.2	0.00391905357286509	0	0	0	0	0	0
876.7	0.00392112526798376	0	0	0	0	0	0
877.2	0.0039323575302119	0	0	0	0	0	0
877.7	0.00394554664711598	0	0	0	0	0	0
878.2	0.00394978285231461	0	0	0	0	0	0
878.7	0.00395118857667382	0	0	0	0	0	0
879.2	0.00395125612716954	0	0	0	0	0	0
879.7	0.00398636309461321	0	0	0	0	0	0
880.2	0.00398201989750859	0	0	0	0	0	0
880.7	0.0040120938572224	0	0	0	0	0	0
881.2	0.0040145811566022	0	0	0	0	0	0
881.7	0.00402146407152234	0	0	0	0	0	0
882.2	0.00402436913605332	0	0	0	0	0	0
882.7	0.00403055283162322	0	0	0	0	0	0
883.2	0.0040300128665079	0	0	0	0	0	0
883.7	0.00402815034083229	0	0	0	0	0	0
884.2	0.00404073570460374	0	0	0	0	0	0
884.7	0.00404405487989745	0	0	0	0	0	0
885.2	0.00404595940991351	0	0	0	0	0	0
885.7	0.00404732084949564	0	0	0	0	0	0
886.1	0.00408330990847636	0	0	0	0	0	0
886.6	0.00407255922500379	0	0	0	0	0	0
887.1	0.00409097524132128	0	0	0	0	0	0
887.6	0.0041075603396825	0	0	0	0	0	0
888.1	0.00410072402225632	0	0	0	0	0	0
888.6	0.00411636923948096	0	0	0	0	0	0
889.1	0.00412002277306685	0	0	0	0	0	0
889.6	0.00413615562767332	0	0	0	0	0	0
890.1	0.00414174737822664	0	0	0	0	0	0
890.6	0.00416397253687482	0	0	0	0	0	0
891.1	0.00416138211776242	0	0	0	0	0	0
891.6	0.00416344379635496	0	0	0	0	0	0
892.1	0.00416992487213063	0	0	0	0	0	0
892.6	0.00418977248237099	0	0	0	0	0	0
893.1	0.00419777892203173	0	0	0	0	0	0
893.6	0.00420820117597026	0	0	0	0	0	0
894.1	0.00421242849209828	0	0	0	0	0	0
894.6	0.00421791882774071	0	0	0	0	0	0
895.1	0.00422847412911602	0	0	0	0	0	0
895.5	0.00424420343196558	0	0	0	0	0	0
896	0.00425185583490723	0	0	0	0	0	0
896.5	0.00426358441474074	0	0	0	0	0	0
897	0.00427953391691917	0	0	0	0	0	0
897.5	0.00430132873103899	0	0	0	0	0	0
898	0.00431422030279777	0	0	0	0	0	0
898.5	0.0043551477601718	0	0	0	0	0	0
899	0.0043782322657738	0	0	0	0	0	0
899.5	0.00437631582852479	0	0	0	0	0	0
900	0.00437573354945673	0	0	0	0	0	0
900.5	0.00436184526079397	0	0	0	0	0	0
901	0.00435722042059466	0	0	0	0	0	0
901.5	0.00435033414137831	0	0	0	0	0	0
902	0.00434614850831403	0	0	0	0	0	0
902.5	0.00434733072904431	0	0	0	0	0	0
903	0.00436701184605335	0	0	0	0	0	0
903.5	0.00437454772798192	0	0	0	0	0	0
904	0.00441474782941752	0	0	0	0	0	0
904.4	0.00444263880944948	0	0	0	0	0	0
904.9	0.00445056919319927	0	0	0	0	0	0
905.4	0.00449440575956664	0	0	0	0	0	0
905.9	0.00450566588053903	0	0	0	0	0	0
906.4	0.00451637098163935	0	0	0	0	0	0
906.9	0.00451298493704299	0	0	0	0	0	0
907.4	0.00451400550257285	0	0	0	0	0	0
907.9	0.00451372818844289	0	0	0	0	0	0
908.4	0.00452561305304912	0	0	0	0	0	0
908.9	0.00452642602420144	0	0	0	0	0	0
909.4	0.0045279444465719	0	0	0	0	0	0
909.9	0.00455313867335726	0	0	0	0	0	0
910.4	0.00459166607326845	0	0	0	0	0	0
910.9	0.00460554339043149	0	0	0	0	0	0
911.4	0.00464223889734338	0	0	0	0	0	0
911.9	0.0046701420309971	0	0	0	0	0	0
912.3	0.00465931210495862	0	0	0	0	0	0
912.8	0.00469164927085305	0	0	0	0	0	0
913.3	0.0046847435515401	0	0	0	0	0	0
913.8	0.00471347065367797	0	0	0	0	0	0
914.3	0.00472995965192256	0	0	0	0	0	0
914.8	0.00476119755159804	0	0	0	0	0	0
915.3	0.00476441280891859	0	0	0	0	0	0
915.8	0.00479932037115998	0	0	0	0	0	0
916.3	0.00484501443711587	0	0	0	0	0	0
916.8	0.00485303677267036	0	0	0	0	0	0
917.3	0.00486467567706369	0	0	0	0	0	0
917.8	0.00484555993975708	0	0	0	0	0	0
918.3	0.0048330348558745	0	0	0	0	0	0
918.8	0.00480952165042166	0	0	0	0	0	0
919.3	0.00477286563108498	0	0	0	0	0	0
919.7	0.00476901336655433	0	0	0	0	0	0
920.2	0.00478768200841469	0	0	0	0	0	0
920.7	0.00479448902905895	0	0	0	0	0	0
921.2	0.00482096286643129	0	0	0	0	0	0
921.7	0.00486629256202404	0	0	0	0	0	0
922.2	0.00488850624957853	0	0	0	0	0	0
922.7	0.00492048517147971	0	0	0	0	0	0
923.2	0.00494799730069474	0	0	0	0	0	0
923.7	0.0049917341966177	0	0	0	0	0	0
924.2	0.00499798310390515	0	0	0	0	0	0
924.7	0.00502132962229606	0	0	0	0	0	0
925.2	0.00504509500748721	0	0	0	0	0	0
925.7	0.00507096625539044	0	0	0	0	0	0
926.2	0.00508779844615674	0	0	0	0	0	0
926.7	0.00511403105502025	0	0	0	0	0	0
927.1	0.00512682784962282	0	0	0	0	0	0
927.6	0.00514039417206253	0	0	0	0	0	0
928.1	0.00517271655239654	0	0	0	0	0	0
928.6	0.00518623880166826	0	0	0	0	0	0
929.1	0.00519827114968287	0	0	0	0	0	0
929.6	0.00523983087613261	0	0	0	0	0	0
930.1	0.00522819826347342	0	0	0	0	0	0
930.6	0.00525004814748109	0	0	0	0	0	0
931.1	0.00527993178365539	0	0	0	0	0	0
931.6	0.00533068031075425	0	0	0	0	0	0
932.1	0.00533814404502156	0	0	0	0	0	0
932.6	0.00537384489348641	0	0	0	0	0	0
933.1	0.00540368857990945	0	0	0	0	0	0
933.5	0.00541570164299727	0	0	0	0	0	0
934	0.00543814848897807	0	0	0	0	0	0
934.5	0.00548152821795892	0	0	0	0	0	0
935	0.00549784191616616	0	0	0	0	0	0
935.5	0.00552023782219472	0	0	0	0	0	0
936	0.00553153726303496	0	0	0	0	0	0
936.5	0.00557814058918784	0	0	0	0	0	0
937	0.00555327559508688	0	0	0	0	0	0
937.5	0.00561258913493726	0	0	0	0	0	0
938	0.00560976392422911	0	0	0	0	0	0
938.5	0.00562470569035739	0	0	0	0	0	0
939	0.00566480702942736	0	0	0	0	0	0
939.5	0.00566354105993378	0	0	0	0	0	0
939.9	0.00568521189860051	0	0	0	0	0	0
940.4	0.00572191409500846	0	0	0	0	0	0
940.9	0.00573139225027929	0	0	0	0	0	0
941.4	0.00577246757431875	0	0	0	0	0	0
941.9	0.00577312283477976	0	0	0	0	0	0
942.4	0.0058287663714598	0	0	0	0	0	0
942.9	0.00587691153295117	0	0	0	0	0	0
943.4	0.00590335087916855	0	0	0	0	0	0
943.9	0.00592240164268621	0	0	0	0	0	0
944.4	0.00595311083488051	0	0	0	0	0	0
944.9	0.00596724907294355	0	0	0	0	0	0
945.4	0.00598174354300509	0	0	0	0	0	0
945.8	0.00600376279523754	0	0	0	0	0	0
946.3	0.00604876752785162	0	0	0	0	0	0
946.8	0.00605674521757958	0	0	0	0	0	0
947.3	0.00607261746534758	0	0	0	0	0	0
947.8	0.00609246639127367	0	0	0	0	0	0
948.3	0.00611760330282058	0	0	0	0	0	0
948.8	0.00617033509208867	0	0	0	0	0	0
949.3	0.00621335813315042	0	0	0	0	0	0
949.8	0.0062710600385236	0	0	0	0	0	0
950.3	0.00631895950074602	0	0	0	0	0	0
950.8	0.00637239055398204	0	0	0	0	0	0
951.3	0.00641997082475289	0	0	0	0	0	0
951.7	0.00644289949984559	0	0	0	0	0	0
952.2	0.0064193037100693	0	0	0	0	0	0
952.7	0.00644942618139595	0	0	0	0	0	0
953.2	0.00642980811237259	0	0	0	0	0	0
953.7	0.00644270571888885	0	0	0	0	0	0
954.2	0.00645387266372078	0	0	0	0	0	0
954.7	0.00647653587247374	0	0	0	0	0	0
955.2	0.00649775157825982	0	0	0	0	0	0
955.7	0.00653980342904319	0	0	0	0	0	0
956.2	0.00657599139559361	0	0	0	0	0	0
956.7	0.00661421326601139	0	0	0	0	0	0
957.1	0.00666827528476817	0	0	0	0	0	0
957.6	0.00669137129701685	0	0	0	0	0	0
958.1	0.00673762378868976	0	0	0	0	0	0
958.6	0.00675786513879252	0	0	0	0	0	0
959.1	0.00679792892273369	0	0	0	0	0	0
959.6	0.00684412642471778	0	0	0	0	0	0
960.1	0.0068264961647786	0	0	0	0	0	0
960.6	0.00683727144089603	0	0	0	0	0	0
961.1	0.00689080954110928	0	0	0	0	0	0
961.6	0.00691991375475202	0	0	0	0	0	0
962.1	0.00697296732440858	0	0	0	0	0	0
962.5	0.00699136244191606	0	0	0	0	0	0
963	0.00703767931293735	0	0	0	0	0	0
963.5	0.00707316844489593	0	0	0	0	0	0
964	0.00709615792135831	0	0	0	0	0	0
964.5	0.00717354017667239	0	0	0	0	0	0
965	0.00720874910253558	0	0	0	0	0	0
965.5	0.00725709834853457	0	0	0	0	0	0
966	0.00728746514039147	0	0	0	0	0	0
966.5	0.00731028144772391	0	0	0	0	0	0
967	0.00735812352079975	0	0	0	0	0	0
967.4	0.00742640019381042	0	0	0	0	0	0
967.9	0.00742968814695916	0	0	0	0	0	0
968.4	0.0075003983251132	0	0	0	0	0	0
968.9	0.00751959823395224	0	0	0	0	0	0
969.4	0.00753727887742794	0	0	0	0	0	0
969.9	0.00762144491187075	0	0	0	0	0	0
970.4	0.00763124774368495	0	0	0	0	0	0
970.9	0.00772347738966298	0	0	0	0	0	0
971.4	0.00772238327188984	0	0	0	0	0	0
971.9	0.00779123270283092	0	0	0	0	0	0
972.3	0.00784415515482687	0	0	0	0	0	0
972.8	0.00788785425443648	0	0	0	0	0	0
973.3	0.00793161959735571	0	0	0	0	0	0
973.8	0.00795554357887886	0	0	0	0	0	0
974.3	0.00801646807033624	0	0	0	0	0	0
974.8	0.00806971822572271	0	0	0	0	0	0
975.3	0.00810916755980533	0	0	0	0	0	0
975.8	0.00816020405756984	0	0	0	0	0	0
976.3	0.00819710675016049	0	0	0	0	0	0
976.7	0.00825228387971245	0	0	0	0	0	0
977.2	0.00833530282215875	0	0	0	0	0	0
977.7	0.00838422513486014	0	0	0	0	0	0
978.2	0.00841981474345548	0	0	0	0	0	0
978.7	0.00846297553964333	0	0	0	0	0	0
979.2	0.00850853714230837	0	0	0	0	0	0
979.7	0.00856499616237603	0	0	0	0	0	0
980.2	0.00866503356157296	0	0	0	0	0	0
980.7	0.00874688714433696	0	0	0	0	0	0
981.2	0.00880046051226065	0	0	0	0	0	0
981.6	0.00885412303331444	0	0	0	0	0	0
982.1	0.00883574189113126	0	0	0	0	0	0
982.6	0.00885636144524673	0	0	0	0	0	0
983.1	0.00895316773889149	0	0	0	0	0	0
983.6	0.00896430180963566	0	0	0	0	0	0
984.1	0.00903340439898264	0	0	0	0	0	0
984.6	0.00909169258669007	0	0	0	0	0	0
985.1	0.00917154821779762	0	0	0	0	0	0
985.5	0.00922225679794373	0	0	0	0	0	0
986	0.00930450451705343	0	0	0	0	0	0
986.5	0.00934519589916855	0	0	0	0	0	0
987	0.00938604124087677	0	0	0	0	0	0
987.5	0.0094240581437231	0	0	0	0	0	0
988	0.00952365412849959	0	0	0	0	0	0
988.5	0.0095850215009792	0	0	0	0	0	0
989	0.00967437200364355	0	0	0	0	0	0
989.5	0.00970759443748185	0	0	0	0	0	0
989.9	0.00977472597823556	0	0	0	0	0	0
990.4	0.00988115263762965	0	0	0	0	0	0
990.9	0.00989931622520972	0	0	0	0	0	0
991.4	0.0100231361624153	0	0	0	0	0	0
991.9	0.0100562701765055	0	0	0	0	0	0
992.4	0.0101536334554458	0	0	0	0	0	0
992.9	0.0102563602893651	0	0	0	0	0	0
993.4	0.0103060904096576	0	0	0	0	0	0
993.8	0.0103959065471821	0	0	0	0	0	0
994.3	0.0104636593019	0	0	0	0	0	0
994.8	0.0105435085471659	0	0	0	0	0	0
995.3	0.0106417075452593	0	0	0	0	0	0
995.8	0.0107171348075092	0	0	0	0	0	0
996.3	0.0108278555355532	0	0	0	0	0	0
996.8	0.0108816313378372	0	0	0	0	0	0
997.3	0.010977515517667	0	0	0	0	0	0
997.7	0.0110715365202534	0	0	0	0	0	0
998.2	0.0111737017774073	0	0	0	0	0	0
998.7	0.0112861058360558	0	0	0	0	0	0
999.2	0.0113690589695228	0	0	0	0	0	0
999.7	0.0114333246153642	0	0	0	0	0	0
1000.2	0.0115067538246768	0	0	0	0	0	0
1000.7	0.0116389327652791	0	0	0	0	0	0
1001.2	0.0117178375515625	0	0	0	0	0	0
1001.6	0.0118149427289442	0	0	0	0	0	0
1002.1	0.0119063183031965	0	0	0	0	0	0
1002.6	0.0119328029724665	0	0	0	0	0	0
1003.1	0.0120558970236957	0	0	0	0	0	0
1003.6	0.0121619211436455	0	0	0	0	0	0
1004.1	0.0122385481593868	0	0	0	0	0	0
1004.6	0.0123271763849567	0	0	0	0	0	0
1005.1	0.0124601830438135	0	0	0	0	0	0
1005.5	0.0126255200246121	0	0	0	0	0	0
1006	0.0127537326277012	0	0	0	0	0	0
1006.5	0.012821463552534	0	0	0	0	0	0
1007	0.0129559660379014	0	0	0	0	0	0
1007.5	0.0131109810295613	0	0	0	0	0	0
1008	0.0132116802040966	0	0	0	0	0	0
1008.5	0.0133287831889744	0	0	0	0	0	0
1008.9	0.0134412008153558	0	0	0	0	0	0
1009.4	0.0135545742442469	0	0	0	0	0	0
1009.9	0.0136507647696464	0	0	0	0	0	0
1010.4	0.0136997724614989	0	0	0	0	0	0
1010.9	0.0138385933967063	0	0	0	0	0	0
1011.4	0.0140196144602185	0	0	0	0	0	0
1011.9	0.0142261704502905	0	0	0	0	0	0
1012.3	0.0142764513680844	0	0	0	0	0	0
1012.8	0.0144619978039412	0	0	0	0	0	0
1013.3	0.0146279954748716	0	0	0	0	0	0
1013.8	0.0147285900945194	0	0	0	0	0	0
1014.3	0.0148979661504931	0	0	0	0	0	0
1014.8	0.0150642214666651	0	0	0	0	0	0
1015.3	0.0152099320835596	0	0	0	0	0	0
1015.7	0.0153863822884191	0	0	0	0	0	0
1016.2	0.0155709830734795	0	0	0	0	0	0
1016.7	0.0157149069766217	0	0	0	0	0	0
1017.2	0.0159545441044628	0	0	0	0	0	0
1017.7	0.0160496076393829	0	0	0	0	0	0
1018.2	0.0162002458111633	0	0	0	0	0	0
1018.7	0.0163259296632503	0	0	0	0	0	0
1019.1	0.0165550245180032	0	0	0	0	0	0
1019.6	0.0167479694569778	0	0	0	0	0	0
1020.1	0.0168749786798044	0	0	0	0	0	0
1020.6	0.0169909365884982	0	0	0	0	0	0
1021.1	0.0170613053462391	0	0	0	0	0	0
1021.6	0.0172223866372618	0	0	0	0	0	0
1022.1	0.0173178143240865	0	0	0	0	0	0
1022.5	0.0175854367560726	0	0	0	0	0	0
1023	0.0178891225691497	0	0	0	0	0	0
1023.5	0.0182670524637082	0	0	0	0	0	0
1024	0.0185178183548989	0	0	0	0	0	0
1024.5	0.0187186358896668	0	0	0	0	0	0
1025	0.018850156167356	0	0	0	0	0	0
1025.4	0.0189658699114615	0	0	0	0	0	0
1025.9	0.0192034750478977	0	0	0	0	0	0
1026.4	0.0192756422305774	0	0	0	0	0	0
1026.9	0.0193338950478271	0	0	0	0	0	0
1027.4	0.0195039125438686	0	0	0	0	0	0
1027.9	0.01977674770576	0	0	0	0	0	0
1028.4	0.0199946739397812	0	0	0	0	0	0
1028.8	0.0202168046506234	0	0	0	0	0	0
1029.3	0.0205964539875015	0	0	0	0	0	0
1029.8	0.0210492164432832	0	0	0	0	0	0
1030.3	0.0215246270152949	0	0	0	0	0	0
1030.8	0.0217904411789673	0	0	0	0	0	0
1031.3	0.021955101850094	0	0	0	0	0	0
1031.7	0.0220503539914443	0	0	0	0	0	0
1032.2	0.0221746335394235	0	0	0	0	0	0
1032.7	0.0222818661115218	0	0	0	0	0	0
1033.2	0.0226419179699764	0	0	0	0	0	0
1033.7	0.0228268075483379	0	0	0	0	0	0
1034.2	0.023052184804505	0	0	0	0	0	0
1034.6	0.0234916001299981	0	0	0	0	0	0
1035.1	0.0237518212891814	0	0	0	0	0	0
1035.6	0.0242053687178258	0	0	0	0	0	0
1036.1	0.0245841792526549	0	0	0	0	0	0
1036.6	0.0250352941808516	0	0	0	0	0	0
1037.1	0.0252439985723102	0	0	0	0	0	0
1037.5	0.0255522916065356	0	0	0	0	0	0
1038	0.0259749556267064	0	0	0	0	0	0
1038.5	0.0262206298129085	0	0	0	0	0	0
1039	0.0264311866866543	0	0	0	0	0	0
1039.5	0.0267159150864469	0	0	0	0	0	0
1040	0.0267898446767941	0	0	0	0	0	0
1040.4	0.0271175043684589	0	0	0	0	0	0
1040.9	0.0275067960503589	0	0	0	0	0	0
1041.4	0.0280249171783145	0	0	0	0	0	0
1041.9	0.0284610687905061	0	0	0	0	0	0
1042.4	0.0289514592587523	0	0	0	0	0	0
1042.9	0.0294339209626634	0	0	0	0	0	0
1043.3	0.0298156896626568	0	0	0	0	0	0
1043.8	0.0302460241838735	0	0	0	0	0	0
1044.3	0.0308181205612994	0	0	0	0	0	0
1044.8	0.0311397634254877	0	0	0	0	0	0
1045.3	0.0315867981274086	0	0	0	0	0	0
1045.8	0.031997626445875	0	0	0	0	0	0
1046.2	0.032089470809369	0	0	0	0	0	0
1046.7	0.032374805865647	0	0	0	0	0	0
1047.2	0.0326698399669696	0	0	0	0	0	0
1047.7	0.0332331850343471	0	0	0	0	0	0
1048.2	0.0338972240292484	0	0	0	0	0	0
1048.6	0.0344693791478881	0	0	0	0	0	0
1049.1	0.0351765494751756	0	0	0	0	0	0
1049.6	0.0356534129648112	0	0	0	0	0	0
1050.1	0.0361081045307612	0	0	0	0	0	0
1050.6	0.036457878152284	0	0	0	0	0	0
1051.1	0.0368317266891494	0	0	0	0	0	0
1051.5	0.0372493633265229	0	0	0	0	0	0
1052	0.0378396217410073	0	0	0	0	0	0
1052.5	0.0385754302418901	0	0	0	0	0	0
1053	0.0393309063613181	0	0	0	0	0	0
1053.5	0.0400122410056369	0	0	0	0	0	0
1053.9	0.0410701258359641	0	0	0	0	0	0
1054.4	0.0419159256761775	0	0	0	0	0	0
1054.9	0.0426891813753941	0	0	0	0	0	0
1055.4	0.0439085220079382	0	0	0	0	0	0
1055.9	0.0443522582677486	0	0	0	0	0	0
1056.3	0.0447926656446683	0	0	0	0	0	0
1056.8	0.0451368139290942	0	0	0	0	0	0
1057.3	0.0454684225716179	0	0	0	0	0	0
1057.8	0.0459688619819109	0	0	0	0	0	0
1058.3	0.0464915721258679	0	0	0	0	0	0
1058.7	0.0471469021591403	0	0	0	0	0	0
1059.2	0.0479719264181418	0	0	0	0	0	0
1059.7	0.0487439412809207	0	0	0	0	0	0
1060.2	0.049774522344193	0	0	0	0	0	0
1060.7	0.050264084968699	0	0	0	0	0	0
1061.2	0.0514714320468099	0	0	0	0	0	0
1061.6	0.0520310129740286	0	0	0	0	0	0
1062.1	0.0526908368017763	0	0	0	0	0	0
1062.6	0.0531855994172872	0	0	0	0	0	0
1063.1	0.0537409396046274	0	0	0	0	0	0
1063.6	0.0545407574753995	0	0	0	0	0	0
1064	0.0556060810992096	0	0	0	0	0	0
1064.5	0.056588607922366	0	0	0	0	0	0
1065	0.0571594485398211	0	0	0	0	0	0
1065.5	0.0578940629321713	0	0	0	0	0	0
1065.9	0.0587706950269862	0	0	0	0	0	0
1066.4	0.0599223248860503	0	0	0	0	0	0
1066.9	0.0609338697899416	0	0	0	0	0	0
1067.4	0.0620405133503553	0	0	0	0	0	0
1067.9	0.063072426546433	0	0	0	0	0	0
1068.3	0.0636577489775378	0	0	0	0	0	0
1068.8	0.0645560420830206	0	0	0	0	0	0
1069.3	0.0649206993095729	0	0	0	0	0	0
1069.8	0.065880334830434	0	0	0	0	0	0
1070.3	0.0666480754283943	0	0	0	0	0	0
1070.7	0.0684668983981815	0	0	0	0	0	0
1071.2	0.0692059356677653	0	0	0	0	0	0
1071.7	0.0702994722362633	0	0	0	0	0	0
1072.2	0.0712411572352459	0	0	0	0	0	0
1072.7	0.0724090146517543	0	0	0	0	0	0
1073.1	0.073193455613653	0	0	0	0	0	0
1073.6	0.075309559489483	0	0	0	0	0	0
1074.1	0.0758338919288114	0	0	0	0	0	0
1074.6	0.077189513039153	0	0	0	0	0	0
1075.1	0.0778250036805493	0	0	0	0	0	0
1075.5	0.0777702293809849	0	0	0	0	0	0
1076	0.0779635960024753	0	0	0	0	0	0
1076.5	0.0777424742025628	0	0	0	0	0	0
1077	0.0783855834748167	0	0	0	0	0	0
1077.4	0.0795739035080611	0	0	0	0	0	0
1077.9	0.0804835733534021	0	0	0	0	0	0
1078.4	0.08198404351524	0	0	0	0	0	0
1078.9	0.0838960231662443	0	0	0	0	0	0
1079.4	0.0858022989088653	0	0	0	0	0	0
1079.8	0.0872317801750415	0	0	0	0	0	0
1080.3	0.0895543946803343	0	0	0	0	0	0
1080.8	0.0903383443065087	0	0	0	0	0	0
1081.3	0.0907988129575727	0	0	0	0	0	0
1081.7	0.0911832373115884	0	0	0	0	0	0
1082.2	0.0909732762907239	0	0	0	0	0	0
1082.7	0.0908984540869397	0	0	0	0	0	0
1083.2	0.0915258057963305	0	0	0	0	0	0
1083.7	0.0929184524159736	0	0	0	0	0	0
1084.1	0.094690087928831	0	0	0	0	0	0
1084.6	0.097105639582931	0	0	0	0	0	0
1085.1	0.100864493322742	0	0	0	0	0	0
1085.6	0.100923147472469	0	0	0	0	0	0
1086	0.102210462323883	0	0	0	0	0	0
1086.5	0.102558598582131	0	0	0	0	0	0
1087	0.102571759547787	0	0	0	0	0	0
1087.5	0.104332812379856	0	0	0	0	0	0
1087.9	0.106402585929041	0	0	0	0	0	0
1088.4	0.108181071833259	0	0	0	0	0	0
1088.9	0.11045752285065	0	0	0	0	0	0
1089.4	0.113347378661393	0	0	0	0	0	0
1089.8	0.114816505144067	0	0	0	0	0	0
1090.3	0.119265750233953	0	0	0	0	0	0
1090.8	0.121499353361903	0	0	0	0	0	0
1091.3	0.125445424543888	0	0	0	0	0	0
1091.8	0.126122955610244	0	0	0	0	0	0
1092.2	0.125522568683648	0	0	0	0	0	0
1092.7	0.125582966789847	0	0	0	0	0	0
1093.2	0.126123823337871	0	0	0	0	0	0
1093.7	0.126954075165938	0	0	0	0	0	0
1094.1	0.12871174489262	0	0	0	0	0	0
1094.6	0.129288328574128	0	0	0	0	0	0
1095.1	0.132371844735442	0	0	0	0	0	0
1095.6	0.138379793902056	0	0	0	0	0	0
1096	0.14104047410736	0	0	0	0	0	0
1096.5	0.146750607828239	0	0	0	0	0	0
1097	0.152141262586215	0	0	0	0	0	0
1097.5	0.156364011069448	0	0	0	0	0	0
1097.9	0.161248842404006	0	0	0	0	0	0
1098.4	0.165388250427524	0	0	0	0	0	0
1098.9	0.168342678466148	0	0	0	0	0	0
1099.4	0.168841049630969	0	0	0	0	0	0
1099.8	0.167776554543897	0	0	0	0	0	0
1100.3	0.166180003071321	0	0	0	0	0	0
1100.8	0.166071957051148	0	0	0	0	0	0
1101.3	0.163849817396103	0	0	0	0	0	0
1101.7	0.163194205243459	0	0	0	0	0	0
1102.2	0.166595325512484	0	0	0	0	0	0
1102.7	0.171938434142122	0	0	0	0	0	0
1103.2	0.178339666797321	0	0	0	0	0	0
1103.6	0.183606873116374	0	0	0	0	0	0
1104.1	0.188795132544946	0	0	0	0	0	0
1104.6	0.192584081529662	0	0	0	0	0	0
1105.1	0.197561595280246	0	0	0	0	0	0
1105.5	0.201200773975378	0	0	0	0	0	0
1106	0.208108920176246	0	0	0	0	0	0
1106.5	0.211658501648885	0	0	0	0	0	0
1106.9	0.211233942553541	0	0	0	0	0	0
1107.4	0.214292929518332	0	0	0	0	0	0
1107.9	0.216767070426768	0	0	0	0	0	0
1108.4	0.216867266565457	0	0	0	0	0	0
1108.8	0.224600562938859	0	0	0	0	0	0
1109.3	0.22701393813275	0	0	0	0	0	0
1109.8	0.231720114872399	0	0	0	0	0	0
1110.3	0.233763478965978	0	0	0	0	0	0
1110.7	0.237932775192228	0	0	0	0	0	0
1111.2	0.237747292605186	0	0	0	0	0	0
1111.7	0.244624102574342	0	0	0	0	0	0
1112.2	0.255216725470088	0	0	0	0	0	0
1112.6	0.262797837363611	0	0	0	0	0	0
1113.1	0.277135730837703	0	0	0	0	0	0
1113.6	0.280821790590138	0	0	0	0	0	0
1114	0.288165247343966	0	0	0	0	0	0
1114.5	0.294887418319947	0	0	0	0	0	0
1115	0.29428700641219	0	0	0	0	0	0
1115.5	0.295588674880549	0	0	0	0	0	0
1115.9	0.301136488487409	0	0	0	0	0	0
1116.4	0.304150568363787	0	0	0	0	0	0
1116.9	0.307980716669528	0	0	0	0	0	0
1117.4	0.330220335120456	0	0	0	0	0	0
1117.8	0.357667755803131	0	0	0	0	0	0
1118.3	0.396189691423681	0	0	0	0	0	0
1118.8	0.449431460403674	0	0	0	0	0	0
1119.2	0.534649113016941	0	0	0	0	0	0
1119.7	0.596099078528284	0	0	0	0	0	0
1120.2	0.672765463325304	0	0	0	0	0	0
1120.7	0.727064854764225	0	0	0	0	0	0
1121.1	0.703693852305128	0	0	0	0	0	0
1121.6	0.650124776033696	0	0	0	0	0	0
1122.1	0.625990039452925	0	0	0	0	0	0
1122.5	0.627928755340249	0	0	0	0	0	0
1123	0.672198099844156	0	0	0	0	0	0
1123.5	0.752057167798965	0	0	0	0	0	0
1124	0.92416771018752	0	0	0	0	0	0
1124.4	1.27350948131948	0	0	0	0	0	0
1124.9	2.55686032593553	0	0	0	0	0	0
1125.4	8.46591895531795	0	0	0	0	0	0
1125.8	-5.80546103453856	0	0	0	0	0	0
1126.3	-2.17236673763101	0	0	0	0	0	0
1126.8	-1.52618286860667	0	0	0	0	0	0
1127.2	-1.19552267683084	0	0	0	0	0	0
1127.7	-1.05731863658924	0	0	0	0	0	0
1128.2	-0.947858755019003	0	0	0	0	0	0
1128.7	-0.932163766348475	0	0	0	0	0	0
1129.1	-0.883353563047846	0	0	0	0	0	0
1129.6	-0.863940824848565	0	0	0	0	0	0
1130.1	-0.845532600726578	0	0	0	0	0	0
1130.5	-0.793398334714352	0	0	0	0	0	0
1131	-0.79974680336632	0	0	0	0	0	0
1131.5	-0.815564891442711	0	0	0	0	0	0
1131.9	-0.816912331150924	0	0	0	0	0	0
1132.4	-0.824757198501896	0	0	0	0	0	0
1132.9	-0.787001006690793	0	0	0	0	0	0
1133.4	-0.794370951859067	0	0	0	0	0	0
1133.8	-0.804980813709959	0	0	0	0	0	0
1134.3	-0.787631861369382	0	0	0	0	0	0
1134.8	-0.777026116041347	0	0	0	0	0	0
1135.2	-0.763311704056634	0	0	0	0	0	0
1135.7	-0.761980469809227	0	0	0	0	0	0
1136.2	-0.786465957573361	0	0	0	0	0	0
1136.6	-0.833567273458134	0	0	0	0	0	0
1137.1	-0.802682282819676	0	0	0	0	0	0
1137.6	-0.814278190970404	0	0	0	0	0	0
1138	-0.825690251573991	0	0	0	0	0	0
1138.5	-0.828332249308321	0	0	0	0	0	0
1139	-0.818541194871895	0	0	0	0	0	0
1139.4	-0.803058197285552	0	0	0	0	0	0
1139.9	-0.766167719479078	0	0	0	0	0	0
1140.4	-0.823993460800158	0	0	0	0	0	0
1140.9	-0.756664683569046	0	0	0	0	0	0
1141.3	-0.784771239326921	0	0	0	0	0	0
1141.8	-0.777613484013291	0	0	0	0	0	0
1142.3	-0.821836745665563	0	0	0	0	0	0
1142.7	-0.817634113096768	0	0	0	0	0	0
1143.2	-0.793806937951056	0	0	0	0	0	0
1143.7	-0.799117139714195	0	0	0	0	0	0
1144.1	-0.798934676875938	0	0	0	0	0	0
1144.6	-0.773483271893812	0	0	0	0	0	0
