# hypstar_221211_radcal_E_211101_swir.dat
# Calibrated by Joel Kuusk, Tartu Observatory, University of Tartu, 2021-11-01
#
# Applied corrections:
# nonlinearity	hypstar_221211_nonlin_corr_coefs_210715.dat
# wavelength	hypstar_221211_wl_coefs_210714.dat
# thermal	none
# stray light	none
#
# E [mW m-2 nm-1] = DN / inttime_ms * 1000 * cal_coef
# Pixel counting starts from 0
#
# px	wl	cal_coef	u_cal_coef(k=2)	u_lamp(k=1)	u_aging(k=1)	u_power(k=1)	u_align_lamp(k=1)	u_panel(k=1)	u_interp_panel(k=1)	u_align_panel(k=1)	u_wl_source(k=1)	u_lab_stray(k=1)	u_panel_backrefl(k=1)	u_dist(k=1)	u_align(k=1)	u_temp(k=1)	u_lin(k=1)	u_stray(k=1)	u_typeA(k=1)
0	880.02	2.80381e-02	1.68	0.613	0.110	0.0345	0.100	0	0	0	0.000989	0.100	0	0.440	0.100	0.300	0.0400	0	0.0114
1	883.65	2.49072e-02	1.68	0.613	0.110	0.0344	0.100	0	0	0	0.000650	0.100	0	0.440	0.100	0.300	0.0400	0	0.0115
2	887.27	2.37042e-02	1.68	0.613	0.110	0.0343	0.100	0	0	0	0.000309	0.100	0	0.440	0.100	0.300	0.0400	0	0.00905
3	890.89	2.27022e-02	1.68	0.613	0.110	0.0341	0.100	0	0	0	0.0000359	0.100	0	0.440	0.100	0.300	0.0400	0	0.00922
4	894.51	2.16919e-02	1.68	0.613	0.110	0.0340	0.100	0	0	0	0.000384	0.100	0	0.440	0.100	0.300	0.0400	0	0.00855
5	898.12	2.08165e-02	1.68	0.613	0.110	0.0338	0.100	0	0	0	0.000734	0.100	0	0.440	0.100	0.300	0.0400	0	0.00867
6	901.73	1.98878e-02	3.69	1.76	0.110	0.0337	0.100	0	0	0	0.000681	0.100	0	0.440	0.100	0.300	0.0400	0	0.00817
7	905.34	1.90507e-02	3.69	1.76	0.110	0.0336	0.100	0	0	0	0.000504	0.100	0	0.440	0.100	0.300	0.0400	0	0.00731
8	908.95	1.82498e-02	3.69	1.76	0.110	0.0334	0.100	0	0	0	0.000330	0.100	0	0.440	0.100	0.300	0.0400	0	0.00785
9	912.55	1.73213e-02	3.69	1.76	0.110	0.0333	0.100	0	0	0	0.000159	0.100	0	0.440	0.100	0.300	0.0400	0	0.00685
10	916.15	1.59929e-02	3.69	1.76	0.110	0.0332	0.100	0	0	0	0.00000888	0.100	0	0.440	0.100	0.300	0.0400	0	0.00620
11	919.75	1.43305e-02	3.69	1.76	0.110	0.0331	0.100	0	0	0	0.000174	0.100	0	0.440	0.100	0.300	0.0400	0	0.00595
12	923.34	1.27831e-02	3.69	1.76	0.110	0.0329	0.100	0	0	0	0.000337	0.100	0	0.440	0.100	0.300	0.0400	0	0.00584
13	926.93	1.16632e-02	3.69	1.76	0.110	0.0328	0.100	0	0	0	0.000497	0.100	0	0.440	0.100	0.300	0.0400	0	0.00493
14	930.52	1.09271e-02	3.69	1.76	0.110	0.0327	0.100	0	0	0	0.000655	0.100	0	0.440	0.100	0.300	0.0400	0	0.00444
15	934.11	1.04555e-02	3.69	1.76	0.110	0.0325	0.100	0	0	0	0.000810	0.100	0	0.440	0.100	0.300	0.0400	0	0.00475
16	937.69	1.01575e-02	3.69	1.76	0.110	0.0324	0.100	0	0	0	0.000962	0.100	0	0.440	0.100	0.300	0.0400	0	0.00465
17	941.27	9.93423e-03	3.69	1.76	0.110	0.0323	0.100	0	0	0	0.00111	0.100	0	0.440	0.100	0.300	0.0400	0	0.00470
18	944.85	9.73492e-03	3.69	1.76	0.110	0.0322	0.100	0	0	0	0.00126	0.100	0	0.440	0.100	0.300	0.0400	0	0.00423
19	948.43	9.57407e-03	3.69	1.76	0.110	0.0321	0.100	0	0	0	0.00140	0.100	0	0.440	0.100	0.300	0.0400	0	0.00426
20	952.00	9.44489e-03	3.69	1.76	0.110	0.0319	0.100	0	0	0	0.00155	0.100	0	0.440	0.100	0.300	0.0400	0	0.00420
21	955.57	9.3436e-03	3.69	1.76	0.110	0.0318	0.100	0	0	0	0.00169	0.100	0	0.440	0.100	0.300	0.0400	0	0.00420
22	959.14	9.18604e-03	3.69	1.76	0.110	0.0317	0.100	0	0	0	0.00182	0.100	0	0.440	0.100	0.300	0.0400	0	0.00409
23	962.70	9.01396e-03	3.69	1.76	0.110	0.0316	0.100	0	0	0	0.00196	0.100	0	0.440	0.100	0.300	0.0400	0	0.00368
24	966.26	8.86744e-03	3.69	1.76	0.110	0.0315	0.100	0	0	0	0.00209	0.100	0	0.440	0.100	0.300	0.0400	0	0.00418
25	969.82	8.72931e-03	3.69	1.76	0.110	0.0313	0.100	0	0	0	0.00223	0.100	0	0.440	0.100	0.300	0.0400	0	0.00374
26	973.37	8.56162e-03	3.69	1.76	0.110	0.0312	0.100	0	0	0	0.00235	0.100	0	0.440	0.100	0.300	0.0400	0	0.00380
27	976.93	8.38369e-03	3.69	1.76	0.110	0.0311	0.100	0	0	0	0.00248	0.100	0	0.440	0.100	0.300	0.0400	0	0.00388
28	980.47	8.2086e-03	3.69	1.76	0.110	0.0310	0.100	0	0	0	0.00261	0.100	0	0.440	0.100	0.300	0.0400	0	0.00366
29	984.02	8.06832e-03	3.69	1.76	0.110	0.0309	0.100	0	0	0	0.00273	0.100	0	0.440	0.100	0.300	0.0400	0	0.00375
30	987.56	7.94393e-03	3.69	1.76	0.110	0.0308	0.100	0	0	0	0.00285	0.100	0	0.440	0.100	0.300	0.0400	0	0.00396
31	991.10	7.80443e-03	3.69	1.76	0.110	0.0307	0.100	0	0	0	0.00297	0.100	0	0.440	0.100	0.300	0.0400	0	0.00414
32	994.64	7.64633e-03	3.69	1.76	0.110	0.0306	0.100	0	0	0	0.00309	0.100	0	0.440	0.100	0.300	0.0400	0	0.00381
33	998.18	7.50179e-03	3.69	1.76	0.110	0.0305	0.100	0	0	0	0.00320	0.100	0	0.440	0.100	0.300	0.0400	0	0.00366
34	1001.71	7.3882e-03	3.62	1.72	0.110	0.0303	0.100	0	0	0	0.00331	0.100	0	0.440	0.100	0.300	0.0400	0	0.00366
35	1005.23	7.30973e-03	3.48	1.65	0.110	0.0302	0.100	0	0	0	0.00342	0.100	0	0.440	0.100	0.300	0.0400	0	0.00328
36	1008.76	7.21709e-03	3.34	1.57	0.110	0.0301	0.100	0	0	0	0.00353	0.100	0	0.440	0.100	0.300	0.0400	0	0.00334
37	1012.28	7.10175e-03	3.30	1.54	0.110	0.0300	0.100	0	0	0	0.00364	0.100	0	0.440	0.100	0.300	0.0400	0	0.00349
38	1015.80	6.99454e-03	3.30	1.54	0.110	0.0299	0.100	0	0	0	0.00375	0.100	0	0.440	0.100	0.300	0.0400	0	0.00351
39	1019.32	6.91011e-03	3.30	1.54	0.110	0.0298	0.100	0	0	0	0.00385	0.100	0	0.440	0.100	0.300	0.0400	0	0.00313
40	1022.83	6.84993e-03	3.30	1.54	0.110	0.0297	0.100	0	0	0	0.00395	0.100	0	0.440	0.100	0.300	0.0400	0	0.00336
41	1026.34	6.79732e-03	3.30	1.54	0.110	0.0296	0.100	0	0	0	0.00405	0.100	0	0.440	0.100	0.300	0.0400	0	0.00363
42	1029.84	6.73355e-03	3.30	1.54	0.110	0.0295	0.100	0	0	0	0.00415	0.100	0	0.440	0.100	0.300	0.0400	0	0.00342
43	1033.35	6.65911e-03	3.30	1.54	0.110	0.0294	0.100	0	0	0	0.00425	0.100	0	0.440	0.100	0.300	0.0400	0	0.00346
44	1036.85	6.5862e-03	3.30	1.54	0.110	0.0293	0.100	0	0	0	0.00435	0.100	0	0.440	0.100	0.300	0.0400	0	0.00324
45	1040.34	6.55238e-03	3.30	1.54	0.110	0.0292	0.100	0	0	0	0.00444	0.100	0	0.440	0.100	0.300	0.0400	0	0.00324
46	1043.84	6.53205e-03	3.30	1.54	0.110	0.0291	0.100	0	0	0	0.00453	0.100	0	0.440	0.100	0.300	0.0400	0	0.00313
47	1047.33	6.51992e-03	3.30	1.54	0.110	0.0290	0.100	0	0	0	0.00462	0.100	0	0.440	0.100	0.300	0.0400	0	0.00338
48	1050.81	6.50319e-03	3.30	1.54	0.110	0.0289	0.100	0	0	0	0.00471	0.100	0	0.440	0.100	0.300	0.0400	0	0.00337
49	1054.30	6.47172e-03	3.30	1.54	0.110	0.0288	0.100	0	0	0	0.00480	0.100	0	0.440	0.100	0.300	0.0400	0	0.00347
50	1057.78	6.44041e-03	3.30	1.54	0.110	0.0287	0.100	0	0	0	0.00489	0.100	0	0.440	0.100	0.300	0.0400	0	0.00311
51	1061.26	6.43746e-03	3.30	1.54	0.110	0.0286	0.100	0	0	0	0.00497	0.100	0	0.440	0.100	0.300	0.0400	0	0.00354
52	1064.73	6.44153e-03	3.30	1.54	0.110	0.0286	0.100	0	0	0	0.00506	0.100	0	0.440	0.100	0.300	0.0400	0	0.00348
53	1068.20	6.44914e-03	3.30	1.54	0.110	0.0285	0.100	0	0	0	0.00514	0.100	0	0.440	0.100	0.300	0.0400	0	0.00342
54	1071.67	6.44644e-03	3.30	1.54	0.110	0.0284	0.100	0	0	0	0.00522	0.100	0	0.440	0.100	0.300	0.0400	0	0.00330
55	1075.13	6.43244e-03	3.30	1.54	0.110	0.0283	0.100	0	0	0	0.00530	0.100	0	0.440	0.100	0.300	0.0400	0	0.00323
56	1078.59	6.41488e-03	3.30	1.54	0.110	0.0282	0.100	0	0	0	0.00538	0.100	0	0.440	0.100	0.300	0.0400	0	0.00360
57	1082.05	6.40434e-03	3.30	1.54	0.110	0.0281	0.100	0	0	0	0.00546	0.100	0	0.440	0.100	0.300	0.0400	0	0.00307
58	1085.50	6.40772e-03	3.30	1.54	0.110	0.0280	0.100	0	0	0	0.00553	0.100	0	0.440	0.100	0.300	0.0400	0	0.00321
59	1088.95	6.42019e-03	3.30	1.54	0.110	0.0279	0.100	0	0	0	0.00561	0.100	0	0.440	0.100	0.300	0.0400	0	0.00333
60	1092.40	6.41684e-03	3.26	1.52	0.110	0.0278	0.100	0	0	0	0.00568	0.100	0	0.440	0.100	0.300	0.0400	0	0.00325
61	1095.85	6.39731e-03	3.20	1.49	0.110	0.0277	0.100	0	0	0	0.00575	0.100	0	0.440	0.100	0.300	0.0400	0	0.00349
62	1099.29	6.36727e-03	3.14	1.46	0.110	0.0277	0.100	0	0	0	0.00582	0.100	0	0.440	0.100	0.300	0.0400	0	0.00313
63	1102.72	6.34117e-03	3.13	1.46	0.110	0.0276	0.100	0	0	0	0.00589	0.100	0	0.440	0.100	0.300	0.0400	0	0.00328
64	1106.16	6.32219e-03	3.13	1.46	0.110	0.0275	0.100	0	0	0	0.00596	0.100	0	0.440	0.100	0.300	0.0400	0	0.00339
65	1109.59	6.30065e-03	3.13	1.46	0.110	0.0274	0.100	0	0	0	0.00603	0.100	0	0.440	0.100	0.300	0.0400	0	0.00322
66	1113.01	6.27007e-03	3.13	1.46	0.110	0.0273	0.100	0	0	0	0.00609	0.100	0	0.440	0.100	0.300	0.0400	0	0.00347
67	1116.44	6.21777e-03	3.13	1.46	0.110	0.0272	0.100	0	0	0	0.00616	0.100	0	0.440	0.100	0.300	0.0400	0	0.00328
68	1119.86	6.14372e-03	3.13	1.46	0.110	0.0271	0.100	0	0	0	0.00622	0.100	0	0.440	0.100	0.300	0.0400	0	0.00307
69	1123.27	6.05724e-03	3.13	1.46	0.110	0.0271	0.100	0	0	0	0.00629	0.100	0	0.440	0.100	0.300	0.0400	0	0.00306
70	1126.69	5.97476e-03	3.13	1.46	0.110	0.0270	0.100	0	0	0	0.00635	0.100	0	0.440	0.100	0.300	0.0400	0	0.00317
71	1130.10	5.90059e-03	3.13	1.46	0.110	0.0269	0.100	0	0	0	0.00641	0.100	0	0.440	0.100	0.300	0.0400	0	0.00302
72	1133.50	5.83422e-03	3.13	1.46	0.110	0.0268	0.100	0	0	0	0.00647	0.100	0	0.440	0.100	0.300	0.0400	0	0.00312
73	1136.91	5.77352e-03	3.13	1.46	0.110	0.0267	0.100	0	0	0	0.00653	0.100	0	0.440	0.100	0.300	0.0400	0	0.00315
74	1140.30	5.72283e-03	3.13	1.45	0.110	0.0267	0.100	0	0	0	0.00659	0.100	0	0.440	0.100	0.300	0.0400	0	0.00307
75	1143.70	5.6644e-03	3.12	1.45	0.110	0.0266	0.100	0	0	0	0.00664	0.100	0	0.440	0.100	0.300	0.0400	0	0.00322
76	1147.09	5.60673e-03	3.11	1.45	0.110	0.0265	0.100	0	0	0	0.00670	0.100	0	0.440	0.100	0.300	0.0400	0	0.00282
77	1150.48	5.56407e-03	3.11	1.44	0.110	0.0264	0.100	0	0	0	0.00676	0.100	0	0.440	0.100	0.300	0.0400	0	0.00335
78	1153.86	5.53217e-03	3.11	1.44	0.110	0.0263	0.100	0	0	0	0.00681	0.100	0	0.440	0.100	0.300	0.0400	0	0.00288
79	1157.24	5.51641e-03	3.11	1.44	0.110	0.0263	0.100	0	0	0	0.00686	0.100	0	0.440	0.100	0.300	0.0400	0	0.00298
80	1160.62	5.50828e-03	3.11	1.44	0.110	0.0262	0.100	0	0	0	0.00692	0.100	0	0.440	0.100	0.300	0.0400	0	0.00319
81	1164.00	5.50546e-03	3.11	1.44	0.110	0.0261	0.100	0	0	0	0.00697	0.100	0	0.440	0.100	0.300	0.0400	0	0.00291
82	1167.37	5.50202e-03	3.11	1.44	0.110	0.0260	0.100	0	0	0	0.00702	0.100	0	0.440	0.100	0.300	0.0400	0	0.00307
83	1170.73	5.49112e-03	3.11	1.44	0.110	0.0260	0.100	0	0	0	0.00707	0.100	0	0.440	0.100	0.300	0.0400	0	0.00283
84	1174.10	5.48138e-03	3.11	1.44	0.110	0.0259	0.100	0	0	0	0.00712	0.100	0	0.440	0.100	0.300	0.0400	0	0.00305
85	1177.45	5.46605e-03	3.11	1.44	0.110	0.0258	0.100	0	0	0	0.00717	0.100	0	0.440	0.100	0.300	0.0400	0	0.00300
86	1180.81	5.46363e-03	3.11	1.44	0.110	0.0257	0.100	0	0	0	0.00722	0.100	0	0.440	0.100	0.300	0.0400	0	0.00283
87	1184.16	5.45956e-03	3.11	1.44	0.110	0.0257	0.100	0	0	0	0.00726	0.100	0	0.440	0.100	0.300	0.0400	0	0.00328
88	1187.51	5.44222e-03	3.11	1.44	0.110	0.0256	0.100	0	0	0	0.00731	0.100	0	0.440	0.100	0.300	0.0400	0	0.00300
89	1190.85	5.42201e-03	3.11	1.44	0.110	0.0255	0.100	0	0	0	0.00736	0.100	0	0.440	0.100	0.300	0.0400	0	0.00298
90	1194.19	5.38491e-03	3.11	1.44	0.110	0.0255	0.100	0	0	0	0.00740	0.100	0	0.440	0.100	0.300	0.0400	0	0.00311
91	1197.53	5.33405e-03	3.11	1.44	0.110	0.0254	0.100	0	0	0	0.00745	0.100	0	0.440	0.100	0.300	0.0400	0	0.00266
92	1200.86	5.2832e-03	3.11	1.44	0.110	0.0253	0.100	0	0	0	0.00749	0.100	0	0.440	0.100	0.300	0.0400	0	0.00311
93	1204.19	5.22776e-03	3.11	1.44	0.110	0.0252	0.100	0	0	0	0.00753	0.100	0	0.440	0.100	0.300	0.0400	0	0.00289
94	1207.52	5.17614e-03	3.11	1.44	0.110	0.0252	0.100	0	0	0	0.00757	0.100	0	0.440	0.100	0.300	0.0400	0	0.00280
95	1210.84	5.14081e-03	3.11	1.44	0.110	0.0251	0.100	0	0	0	0.00762	0.100	0	0.440	0.100	0.300	0.0400	0	0.00315
96	1214.16	5.11338e-03	3.11	1.44	0.110	0.0250	0.100	0	0	0	0.00766	0.100	0	0.440	0.100	0.300	0.0400	0	0.00281
97	1217.47	5.09123e-03	3.11	1.44	0.110	0.0250	0.100	0	0	0	0.00770	0.100	0	0.440	0.100	0.300	0.0400	0	0.00306
98	1220.78	5.06574e-03	3.11	1.44	0.110	0.0249	0.100	0	0	0	0.00774	0.100	0	0.440	0.100	0.300	0.0400	0	0.00294
99	1224.09	5.0486e-03	3.11	1.44	0.110	0.0248	0.100	0	0	0	0.00778	0.100	0	0.440	0.100	0.300	0.0400	0	0.00295
100	1227.39	5.02871e-03	3.11	1.44	0.110	0.0248	0.100	0	0	0	0.00782	0.100	0	0.440	0.100	0.300	0.0400	0	0.00325
101	1230.69	5.01032e-03	3.11	1.44	0.110	0.0247	0.100	0	0	0	0.00785	0.100	0	0.440	0.100	0.300	0.0400	0	0.00279
102	1233.98	4.99905e-03	3.11	1.44	0.110	0.0246	0.100	0	0	0	0.00789	0.100	0	0.440	0.100	0.300	0.0400	0	0.00317
103	1237.27	4.99948e-03	3.11	1.44	0.110	0.0246	0.100	0	0	0	0.00793	0.100	0	0.440	0.100	0.300	0.0400	0	0.00310
104	1240.56	5.00106e-03	3.11	1.44	0.110	0.0245	0.100	0	0	0	0.00797	0.100	0	0.440	0.100	0.300	0.0400	0	0.00291
105	1243.84	5.00205e-03	3.11	1.44	0.110	0.0244	0.100	0	0	0	0.00800	0.100	0	0.440	0.100	0.300	0.0400	0	0.00302
106	1247.12	5.00627e-03	3.11	1.44	0.110	0.0244	0.100	0	0	0	0.00804	0.100	0	0.440	0.100	0.300	0.0400	0	0.00306
107	1250.40	4.99967e-03	3.11	1.44	0.110	0.0243	0.100	0	0	0	0.00807	0.100	0	0.440	0.100	0.300	0.0400	0	0.00299
108	1253.67	4.98517e-03	3.11	1.44	0.110	0.0242	0.100	0	0	0	0.00811	0.100	0	0.440	0.100	0.300	0.0400	0	0.00316
109	1256.93	4.96147e-03	3.11	1.44	0.110	0.0242	0.100	0	0	0	0.00814	0.100	0	0.440	0.100	0.300	0.0400	0	0.00285
110	1260.20	4.93536e-03	3.11	1.44	0.110	0.0241	0.100	0	0	0	0.00817	0.100	0	0.440	0.100	0.300	0.0400	0	0.00273
111	1263.46	4.90572e-03	3.11	1.44	0.110	0.0241	0.100	0	0	0	0.00821	0.100	0	0.440	0.100	0.300	0.0400	0	0.00295
112	1266.71	4.87385e-03	3.11	1.44	0.110	0.0240	0.100	0	0	0	0.00824	0.100	0	0.440	0.100	0.300	0.0400	0	0.00302
113	1269.96	4.84764e-03	3.11	1.44	0.110	0.0239	0.100	0	0	0	0.00827	0.100	0	0.440	0.100	0.300	0.0400	0	0.00315
114	1273.21	4.82587e-03	3.11	1.44	0.110	0.0239	0.100	0	0	0	0.00830	0.100	0	0.440	0.100	0.300	0.0400	0	0.00307
115	1276.45	4.78881e-03	3.11	1.44	0.110	0.0238	0.100	0	0	0	0.00834	0.100	0	0.440	0.100	0.300	0.0400	0	0.00325
116	1279.69	4.75407e-03	3.11	1.44	0.110	0.0238	0.100	0	0	0	0.00837	0.100	0	0.440	0.100	0.300	0.0400	0	0.00287
117	1282.93	4.71e-03	3.11	1.44	0.110	0.0237	0.100	0	0	0	0.00840	0.100	0	0.440	0.100	0.300	0.0400	0	0.00268
118	1286.16	4.66386e-03	3.11	1.44	0.110	0.0236	0.100	0	0	0	0.00843	0.100	0	0.440	0.100	0.300	0.0400	0	0.00297
119	1289.38	4.6218e-03	3.11	1.44	0.110	0.0236	0.100	0	0	0	0.00846	0.100	0	0.440	0.100	0.300	0.0400	0	0.00287
120	1292.61	4.5852e-03	3.11	1.44	0.110	0.0235	0.100	0	0	0	0.00849	0.100	0	0.440	0.100	0.300	0.0400	0	0.00292
121	1295.83	4.56447e-03	3.11	1.44	0.110	0.0235	0.100	0	0	0	0.00851	0.100	0	0.440	0.100	0.300	0.0400	0	0.00298
122	1299.04	4.56074e-03	3.11	1.44	0.110	0.0234	0.100	0	0	0	0.00854	0.100	0	0.440	0.100	0.300	0.0400	0	0.00300
123	1302.25	4.55915e-03	3.11	1.44	0.110	0.0233	0.100	0	0	0	0.00857	0.100	0	0.440	0.100	0.300	0.0400	0	0.00325
124	1305.46	4.57029e-03	3.11	1.44	0.110	0.0233	0.100	0	0	0	0.00860	0.100	0	0.440	0.100	0.300	0.0400	0	0.00297
125	1308.66	4.5733e-03	3.11	1.44	0.110	0.0232	0.100	0	0	0	0.00863	0.100	0	0.440	0.100	0.300	0.0400	0	0.00278
126	1311.86	4.58263e-03	3.11	1.44	0.110	0.0232	0.100	0	0	0	0.00865	0.100	0	0.440	0.100	0.300	0.0400	0	0.00277
127	1315.05	4.58599e-03	3.11	1.44	0.110	0.0231	0.100	0	0	0	0.00868	0.100	0	0.440	0.100	0.300	0.0400	0	0.00311
128	1318.24	4.58104e-03	3.11	1.44	0.110	0.0231	0.100	0	0	0	0.00871	0.100	0	0.440	0.100	0.300	0.0400	0	0.00295
129	1321.42	4.57306e-03	3.11	1.44	0.110	0.0230	0.100	0	0	0	0.00873	0.100	0	0.440	0.100	0.300	0.0400	0	0.00313
130	1324.61	4.56753e-03	3.11	1.44	0.110	0.0230	0.100	0	0	0	0.00876	0.100	0	0.440	0.100	0.300	0.0400	0	0.00291
131	1327.78	4.55641e-03	3.11	1.44	0.110	0.0229	0.100	0	0	0	0.00879	0.100	0	0.440	0.100	0.300	0.0400	0	0.00291
132	1330.96	4.55282e-03	3.11	1.44	0.110	0.0228	0.100	0	0	0	0.00881	0.100	0	0.440	0.100	0.300	0.0400	0	0.00315
133	1334.12	4.54607e-03	3.11	1.44	0.110	0.0228	0.100	0	0	0	0.00884	0.100	0	0.440	0.100	0.300	0.0400	0	0.00308
134	1337.29	4.53869e-03	3.11	1.44	0.110	0.0227	0.100	0	0	0	0.00886	0.100	0	0.440	0.100	0.300	0.0400	0	0.00311
135	1340.45	4.53829e-03	3.11	1.44	0.110	0.0227	0.100	0	0	0	0.00889	0.100	0	0.440	0.100	0.300	0.0400	0	0.00298
136	1343.60	4.53493e-03	3.11	1.44	0.110	0.0226	0.100	0	0	0	0.00891	0.100	0	0.440	0.100	0.300	0.0400	0	0.00321
137	1346.75	4.53788e-03	3.11	1.44	0.110	0.0226	0.100	0	0	0	0.00893	0.100	0	0.440	0.100	0.300	0.0400	0	0.00303
138	1349.90	4.54242e-03	3.11	1.44	0.110	0.0225	0.100	0	0	0	0.00896	0.100	0	0.440	0.100	0.300	0.0400	0	0.00289
139	1353.04	4.55536e-03	3.11	1.44	0.110	0.0225	0.100	0	0	0	0.00898	0.100	0	0.440	0.100	0.300	0.0400	0	0.00309
140	1356.18	4.56758e-03	3.11	1.44	0.110	0.0224	0.100	0	0	0	0.00900	0.100	0	0.440	0.100	0.300	0.0400	0	0.00307
141	1359.32	4.58499e-03	3.11	1.44	0.110	0.0224	0.100	0	0	0	0.00903	0.100	0	0.440	0.100	0.300	0.0400	0	0.00295
142	1362.45	4.58999e-03	3.11	1.44	0.110	0.0223	0.100	0	0	0	0.00905	0.100	0	0.440	0.100	0.300	0.0400	0	0.00352
143	1365.57	4.5877e-03	3.11	1.44	0.110	0.0223	0.100	0	0	0	0.00907	0.100	0	0.440	0.100	0.300	0.0400	0	0.00312
144	1368.69	4.58236e-03	3.11	1.44	0.110	0.0222	0.100	0	0	0	0.00909	0.100	0	0.440	0.100	0.300	0.0400	0	0.00330
145	1371.81	4.59159e-03	3.11	1.44	0.110	0.0222	0.100	0	0	0	0.00912	0.100	0	0.440	0.100	0.300	0.0400	0	0.00280
146	1374.92	4.63957e-03	3.11	1.44	0.110	0.0221	0.100	0	0	0	0.00914	0.100	0	0.440	0.100	0.300	0.0400	0	0.00289
147	1378.03	4.72614e-03	3.11	1.44	0.110	0.0221	0.100	0	0	0	0.00916	0.100	0	0.440	0.100	0.300	0.0400	0	0.00365
148	1381.13	4.83031e-03	3.11	1.44	0.110	0.0220	0.100	0	0	0	0.00918	0.100	0	0.440	0.100	0.300	0.0400	0	0.00308
149	1384.23	4.88568e-03	3.11	1.44	0.110	0.0220	0.100	0	0	0	0.00920	0.100	0	0.440	0.100	0.300	0.0400	0	0.00364
150	1387.33	4.8831e-03	3.11	1.44	0.110	0.0219	0.100	0	0	0	0.00922	0.100	0	0.440	0.100	0.300	0.0400	0	0.00344
151	1390.42	4.8591e-03	3.11	1.45	0.110	0.0219	0.100	0	0	0	0.00924	0.100	0	0.440	0.100	0.300	0.0400	0	0.00328
152	1393.50	4.86125e-03	3.13	1.46	0.110	0.0218	0.100	0	0	0	0.00926	0.100	0	0.440	0.100	0.300	0.0400	0	0.00307
153	1396.58	4.85576e-03	3.15	1.46	0.110	0.0218	0.100	0	0	0	0.00928	0.100	0	0.440	0.100	0.300	0.0400	0	0.00335
154	1399.66	4.85132e-03	3.16	1.47	0.110	0.0217	0.100	0	0	0	0.00930	0.100	0	0.440	0.100	0.300	0.0400	0	0.00342
155	1402.73	4.84192e-03	3.17	1.48	0.110	0.0217	0.100	0	0	0	0.00932	0.100	0	0.440	0.100	0.300	0.0400	0	0.00324
156	1405.80	4.83393e-03	3.17	1.48	0.110	0.0216	0.100	0	0	0	0.00934	0.100	0	0.440	0.100	0.300	0.0400	0	0.00317
157	1408.86	4.819e-03	3.17	1.48	0.110	0.0216	0.100	0	0	0	0.00936	0.100	0	0.440	0.100	0.300	0.0400	0	0.00356
158	1411.92	4.79957e-03	3.17	1.48	0.110	0.0215	0.100	0	0	0	0.00938	0.100	0	0.440	0.100	0.300	0.0400	0	0.00314
159	1414.98	4.7906e-03	3.17	1.48	0.110	0.0215	0.100	0	0	0	0.00940	0.100	0	0.440	0.100	0.300	0.0400	0	0.00311
160	1418.03	4.76934e-03	3.17	1.48	0.110	0.0214	0.100	0	0	0	0.00942	0.100	0	0.440	0.100	0.300	0.0400	0	0.00337
161	1421.07	4.75635e-03	3.17	1.48	0.110	0.0214	0.100	0	0	0	0.00944	0.100	0	0.440	0.100	0.300	0.0400	0	0.00324
162	1424.11	4.73594e-03	3.17	1.48	0.110	0.0213	0.100	0	0	0	0.00945	0.100	0	0.440	0.100	0.300	0.0400	0	0.00342
163	1427.15	4.72481e-03	3.17	1.48	0.110	0.0213	0.100	0	0	0	0.00947	0.100	0	0.440	0.100	0.300	0.0400	0	0.00330
164	1430.18	4.70469e-03	3.17	1.48	0.110	0.0213	0.100	0	0	0	0.00949	0.100	0	0.440	0.100	0.300	0.0400	0	0.00333
165	1433.21	4.68628e-03	3.17	1.48	0.110	0.0212	0.100	0	0	0	0.00951	0.100	0	0.440	0.100	0.300	0.0400	0	0.00325
166	1436.23	4.66963e-03	3.17	1.48	0.110	0.0212	0.100	0	0	0	0.00952	0.100	0	0.440	0.100	0.300	0.0400	0	0.00336
167	1439.25	4.65767e-03	3.17	1.48	0.110	0.0211	0.100	0	0	0	0.00954	0.100	0	0.440	0.100	0.300	0.0400	0	0.00373
168	1442.26	4.65152e-03	3.16	1.47	0.110	0.0211	0.100	0	0	0	0.00956	0.100	0	0.440	0.100	0.300	0.0400	0	0.00338
169	1445.27	4.63478e-03	3.14	1.46	0.110	0.0210	0.100	0	0	0	0.00958	0.100	0	0.440	0.100	0.300	0.0400	0	0.00342
170	1448.27	4.62101e-03	3.12	1.45	0.110	0.0210	0.100	0	0	0	0.00959	0.100	0	0.440	0.100	0.300	0.0400	0	0.00345
171	1451.27	4.611e-03	3.12	1.45	0.110	0.0209	0.100	0	0	0	0.00961	0.100	0	0.440	0.100	0.300	0.0400	0	0.00315
172	1454.26	4.6036e-03	3.16	1.47	0.110	0.0209	0.100	0	0	0	0.00963	0.100	0	0.440	0.100	0.300	0.0400	0	0.00292
173	1457.25	4.60736e-03	3.19	1.49	0.110	0.0209	0.100	0	0	0	0.00964	0.100	0	0.440	0.100	0.300	0.0400	0	0.00332
174	1460.24	4.6168e-03	3.22	1.51	0.110	0.0208	0.100	0	0	0	0.00966	0.100	0	0.440	0.100	0.300	0.0400	0	0.00327
175	1463.22	4.62525e-03	3.22	1.51	0.110	0.0208	0.100	0	0	0	0.00967	0.100	0	0.440	0.100	0.300	0.0400	0	0.00339
176	1466.20	4.63604e-03	3.23	1.51	0.110	0.0207	0.100	0	0	0	0.00969	0.100	0	0.440	0.100	0.300	0.0400	0	0.00351
177	1469.17	4.64236e-03	3.23	1.51	0.110	0.0207	0.100	0	0	0	0.00970	0.100	0	0.440	0.100	0.300	0.0400	0	0.00325
178	1472.13	4.65413e-03	3.23	1.51	0.110	0.0207	0.100	0	0	0	0.00972	0.100	0	0.440	0.100	0.300	0.0400	0	0.00353
179	1475.09	4.6601e-03	3.23	1.51	0.110	0.0206	0.100	0	0	0	0.00974	0.100	0	0.440	0.100	0.300	0.0400	0	0.00311
180	1478.05	4.6675e-03	3.23	1.51	0.110	0.0206	0.100	0	0	0	0.00975	0.100	0	0.440	0.100	0.300	0.0400	0	0.00357
181	1481.00	4.67998e-03	3.23	1.51	0.110	0.0205	0.100	0	0	0	0.00977	0.100	0	0.440	0.100	0.300	0.0400	0	0.00356
182	1483.95	4.69061e-03	3.23	1.51	0.110	0.0205	0.100	0	0	0	0.00978	0.100	0	0.440	0.100	0.300	0.0400	0	0.00314
183	1486.89	4.71009e-03	3.22	1.51	0.110	0.0204	0.100	0	0	0	0.00979	0.100	0	0.440	0.100	0.300	0.0400	0	0.00383
184	1489.83	4.72841e-03	3.22	1.51	0.110	0.0204	0.100	0	0	0	0.00981	0.100	0	0.440	0.100	0.300	0.0400	0	0.00379
185	1492.76	4.74705e-03	3.21	1.50	0.110	0.0204	0.100	0	0	0	0.00982	0.100	0	0.440	0.100	0.300	0.0400	0	0.00354
186	1495.69	4.76401e-03	3.20	1.50	0.110	0.0203	0.100	0	0	0	0.00984	0.100	0	0.440	0.100	0.300	0.0400	0	0.00372
187	1498.61	4.78112e-03	3.20	1.49	0.110	0.0203	0.100	0	0	0	0.00985	0.100	0	0.440	0.100	0.300	0.0400	0	0.00349
188	1501.53	4.80552e-03	3.19	1.49	0.110	0.0202	0.100	0	0	0	0.00986	0.100	0	0.440	0.100	0.300	0.0400	0	0.00375
189	1504.44	4.82546e-03	3.19	1.49	0.110	0.0202	0.100	0	0	0	0.00988	0.100	0	0.440	0.100	0.300	0.0400	0	0.00360
190	1507.35	4.84504e-03	3.19	1.49	0.110	0.0202	0.100	0	0	0	0.00989	0.100	0	0.440	0.100	0.300	0.0400	0	0.00349
191	1510.26	4.86405e-03	3.19	1.49	0.110	0.0201	0.100	0	0	0	0.00990	0.100	0	0.440	0.100	0.300	0.0400	0	0.00366
192	1513.16	4.87693e-03	3.19	1.49	0.110	0.0201	0.100	0	0	0	0.00992	0.100	0	0.440	0.100	0.300	0.0400	0	0.00352
193	1516.05	4.89406e-03	3.19	1.49	0.110	0.0201	0.100	0	0	0	0.00993	0.100	0	0.440	0.100	0.300	0.0400	0	0.00374
194	1518.94	4.90612e-03	3.19	1.49	0.110	0.0200	0.100	0	0	0	0.00994	0.100	0	0.440	0.100	0.300	0.0400	0	0.00389
195	1521.82	4.92182e-03	3.19	1.49	0.110	0.0200	0.100	0	0	0	0.00995	0.100	0	0.440	0.100	0.300	0.0400	0	0.00391
196	1524.70	4.93413e-03	3.19	1.49	0.110	0.0199	0.100	0	0	0	0.00997	0.100	0	0.440	0.100	0.300	0.0400	0	0.00396
197	1527.58	4.95046e-03	3.19	1.49	0.110	0.0199	0.100	0	0	0	0.00998	0.100	0	0.440	0.100	0.300	0.0400	0	0.00405
198	1530.45	4.96773e-03	3.19	1.49	0.110	0.0199	0.100	0	0	0	0.00999	0.100	0	0.440	0.100	0.300	0.0400	0	0.00430
199	1533.31	4.9838e-03	3.19	1.49	0.110	0.0198	0.100	0	0	0	0.0100	0.100	0	0.440	0.100	0.300	0.0400	0	0.00426
200	1536.17	5.00569e-03	3.19	1.49	0.110	0.0198	0.100	0	0	0	0.0100	0.100	0	0.440	0.100	0.300	0.0400	0	0.00390
201	1539.02	5.02481e-03	3.19	1.49	0.110	0.0198	0.100	0	0	0	0.0100	0.100	0	0.440	0.100	0.300	0.0400	0	0.00407
202	1541.87	5.0499e-03	3.18	1.48	0.110	0.0197	0.100	0	0	0	0.0100	0.100	0	0.440	0.100	0.300	0.0400	0	0.00369
203	1544.72	5.07021e-03	3.16	1.47	0.110	0.0197	0.100	0	0	0	0.0100	0.100	0	0.440	0.100	0.300	0.0400	0	0.00409
204	1547.56	5.08722e-03	3.14	1.46	0.110	0.0196	0.100	0	0	0	0.0101	0.100	0	0.440	0.100	0.300	0.0400	0	0.00412
205	1550.39	5.10942e-03	3.13	1.46	0.110	0.0196	0.100	0	0	0	0.0101	0.100	0	0.440	0.100	0.300	0.0400	0	0.00394
206	1553.22	5.12397e-03	3.13	1.46	0.110	0.0196	0.100	0	0	0	0.0101	0.100	0	0.440	0.100	0.300	0.0400	0	0.00391
207	1556.05	5.14962e-03	3.13	1.46	0.110	0.0195	0.100	0	0	0	0.0101	0.100	0	0.440	0.100	0.300	0.0400	0	0.00425
208	1558.87	5.16591e-03	3.13	1.46	0.110	0.0195	0.100	0	0	0	0.0101	0.100	0	0.440	0.100	0.300	0.0400	0	0.00368
209	1561.68	5.18934e-03	3.13	1.46	0.110	0.0195	0.100	0	0	0	0.0101	0.100	0	0.440	0.100	0.300	0.0400	0	0.00418
210	1564.49	5.20848e-03	3.13	1.46	0.110	0.0194	0.100	0	0	0	0.0101	0.100	0	0.440	0.100	0.300	0.0400	0	0.00396
211	1567.29	5.22929e-03	3.13	1.46	0.110	0.0194	0.100	0	0	0	0.0101	0.100	0	0.440	0.100	0.300	0.0400	0	0.00408
212	1570.09	5.25664e-03	3.13	1.46	0.110	0.0194	0.100	0	0	0	0.0101	0.100	0	0.440	0.100	0.300	0.0400	0	0.00425
213	1572.89	5.27511e-03	3.13	1.46	0.110	0.0193	0.100	0	0	0	0.0101	0.100	0	0.440	0.100	0.300	0.0400	0	0.00422
214	1575.68	5.30511e-03	3.13	1.46	0.110	0.0193	0.100	0	0	0	0.0102	0.100	0	0.440	0.100	0.300	0.0400	0	0.00408
215	1578.46	5.33419e-03	3.13	1.46	0.110	0.0193	0.100	0	0	0	0.0102	0.100	0	0.440	0.100	0.300	0.0400	0	0.00425
216	1581.24	5.35399e-03	3.13	1.46	0.110	0.0192	0.100	0	0	0	0.0102	0.100	0	0.440	0.100	0.300	0.0400	0	0.00420
217	1584.01	5.3819e-03	3.13	1.46	0.110	0.0192	0.100	0	0	0	0.0102	0.100	0	0.440	0.100	0.300	0.0400	0	0.00417
218	1586.78	5.41339e-03	3.13	1.46	0.110	0.0192	0.100	0	0	0	0.0102	0.100	0	0.440	0.100	0.300	0.0400	0	0.00429
219	1589.55	5.44476e-03	3.13	1.46	0.110	0.0191	0.100	0	0	0	0.0102	0.100	0	0.440	0.100	0.300	0.0400	0	0.00456
220	1592.30	5.47644e-03	3.13	1.45	0.110	0.0191	0.100	0	0	0	0.0102	0.100	0	0.440	0.100	0.300	0.0400	0	0.00473
221	1595.06	5.50118e-03	3.12	1.45	0.110	0.0191	0.100	0	0	0	0.0102	0.100	0	0.440	0.100	0.300	0.0400	0	0.00429
222	1597.80	5.52781e-03	3.12	1.45	0.110	0.0190	0.100	0	0	0	0.0102	0.100	0	0.440	0.100	0.300	0.0400	0	0.00439
223	1600.55	5.54775e-03	3.12	1.45	0.110	0.0190	0.100	0	0	0	0.0102	0.100	0	0.440	0.100	0.300	0.0400	0	0.00470
224	1603.29	5.5832e-03	3.15	1.47	0.110	0.0190	0.100	0	0	0	0.0102	0.100	0	0.440	0.100	0.300	0.0400	0	0.00502
225	1606.02	5.60639e-03	3.18	1.48	0.110	0.0189	0.100	0	0	0	0.0102	0.100	0	0.440	0.100	0.300	0.0400	0	0.00444
226	1608.74	5.64122e-03	3.21	1.50	0.110	0.0189	0.100	0	0	0	0.0103	0.100	0	0.440	0.100	0.300	0.0400	0	0.00450
227	1611.47	5.66999e-03	3.22	1.50	0.110	0.0189	0.100	0	0	0	0.0103	0.100	0	0.440	0.100	0.300	0.0400	0	0.00478
228	1614.18	5.70795e-03	3.22	1.50	0.110	0.0188	0.100	0	0	0	0.0103	0.100	0	0.440	0.100	0.300	0.0400	0	0.00484
229	1616.89	5.7465e-03	3.22	1.50	0.110	0.0188	0.100	0	0	0	0.0103	0.100	0	0.440	0.100	0.300	0.0400	0	0.00478
230	1619.60	5.7849e-03	3.22	1.50	0.110	0.0188	0.100	0	0	0	0.0103	0.100	0	0.440	0.100	0.300	0.0400	0	0.00470
231	1622.30	5.83353e-03	3.22	1.50	0.110	0.0187	0.100	0	0	0	0.0103	0.100	0	0.440	0.100	0.300	0.0400	0	0.00431
232	1625.00	5.8887e-03	3.22	1.50	0.110	0.0187	0.100	0	0	0	0.0103	0.100	0	0.440	0.100	0.300	0.0400	0	0.00462
233	1627.69	5.94919e-03	3.22	1.50	0.110	0.0187	0.100	0	0	0	0.0103	0.100	0	0.440	0.100	0.300	0.0400	0	0.00501
234	1630.37	6.01408e-03	3.22	1.50	0.110	0.0186	0.100	0	0	0	0.0103	0.100	0	0.440	0.100	0.300	0.0400	0	0.00467
235	1633.05	6.0912e-03	3.22	1.50	0.110	0.0186	0.100	0	0	0	0.0103	0.100	0	0.440	0.100	0.300	0.0400	0	0.00504
236	1635.73	6.17125e-03	3.22	1.50	0.110	0.0186	0.100	0	0	0	0.0103	0.100	0	0.440	0.100	0.300	0.0400	0	0.00535
237	1638.40	6.27025e-03	3.22	1.50	0.110	0.0186	0.100	0	0	0	0.0103	0.100	0	0.440	0.100	0.300	0.0400	0	0.00522
238	1641.06	6.39384e-03	3.22	1.50	0.110	0.0185	0.100	0	0	0	0.0103	0.100	0	0.440	0.100	0.300	0.0400	0	0.00519
239	1643.72	6.56843e-03	3.22	1.50	0.110	0.0185	0.100	0	0	0	0.0103	0.100	0	0.440	0.100	0.300	0.0400	0	0.00599
240	1646.37	6.79279e-03	3.22	1.50	0.110	0.0185	0.100	0	0	0	0.0103	0.100	0	0.440	0.100	0.300	0.0400	0	0.00563
241	1649.02	7.10254e-03	3.22	1.50	0.110	0.0184	0.100	0	0	0	0.0103	0.100	0	0.440	0.100	0.300	0.0400	0	0.00619
242	1651.66	7.57544e-03	3.22	1.50	0.110	0.0184	0.100	0	0	0	0.0103	0.100	0	0.440	0.100	0.300	0.0400	0	0.00663
243	1654.30	8.24677e-03	3.22	1.50	0.110	0.0184	0.100	0	0	0	0.0103	0.100	0	0.440	0.100	0.300	0.0400	0	0.00666
244	1656.93	9.1705e-03	3.22	1.50	0.110	0.0183	0.100	0	0	0	0.0104	0.100	0	0.440	0.100	0.300	0.0400	0	0.00777
245	1659.56	1.04218e-02	3.22	1.50	0.110	0.0183	0.100	0	0	0	0.0104	0.100	0	0.440	0.100	0.300	0.0400	0	0.00960
246	1662.18	1.20663e-02	3.22	1.50	0.110	0.0183	0.100	0	0	0	0.0104	0.100	0	0.440	0.100	0.300	0.0400	0	0.00929
247	1664.80	1.41473e-02	3.22	1.50	0.110	0.0183	0.100	0	0	0	0.0104	0.100	0	0.440	0.100	0.300	0.0400	0	0.0117
248	1667.41	1.66596e-02	3.22	1.50	0.110	0.0182	0.100	0	0	0	0.0104	0.100	0	0.440	0.100	0.300	0.0400	0	0.0137
249	1670.01	1.96346e-02	3.22	1.50	0.110	0.0182	0.100	0	0	0	0.0104	0.100	0	0.440	0.100	0.300	0.0400	0	0.0170
250	1672.61	2.30523e-02	3.22	1.50	0.110	0.0182	0.100	0	0	0	0.0104	0.100	0	0.440	0.100	0.300	0.0400	0	0.0190
251	1675.20	2.71336e-02	3.22	1.50	0.110	0.0181	0.100	0	0	0	0.0104	0.100	0	0.440	0.100	0.300	0.0400	0	0.0261
252	1677.79	3.16185e-02	3.22	1.50	0.110	0.0181	0.100	0	0	0	0.0104	0.100	0	0.440	0.100	0.300	0.0400	0	0.0259
253	1680.37	3.66663e-02	3.22	1.50	0.110	0.0181	0.100	0	0	0	0.0104	0.100	0	0.440	0.100	0.300	0.0400	0	0.0278
254	1682.95	4.24955e-02	3.22	1.50	0.110	0.0181	0.100	0	0	0	0.0104	0.100	0	0.440	0.100	0.300	0.0400	0	0.0392
255	1685.52	4.93815e-02	3.22	1.50	0.110	0.0180	0.100	0	0	0	0.0104	0.100	0	0.440	0.100	0.300	0.0400	0	0.0379
