# hypstar_221211_radcal_L_211101_swir.dat
# Calibrated by Joel Kuusk, Tartu Observatory, University of Tartu, 2021-11-01
#
# Applied corrections:
# nonlinearity	hypstar_221211_nonlin_corr_coefs_210715.dat
# wavelength	hypstar_221211_wl_coefs_210714.dat
# thermal	none
# stray light	none
#
# L [mW m-2 nm-1 sr-1] = DN / inttime_ms * 1000 * cal_coef
# Pixel counting starts from 0
#
# px	wl	cal_coef	u_cal_coef(k=2)	u_lamp(k=1)	u_aging(k=1)	u_power(k=1)	u_align_lamp(k=1)	u_panel(k=1)	u_interp_panel(k=1)	u_align_panel(k=1)	u_wl_source(k=1)	u_lab_stray(k=1)	u_panel_backrefl(k=1)	u_dist(k=1)	u_align(k=1)	u_temp(k=1)	u_lin(k=1)	u_stray(k=1)	u_typeA(k=1)
0	880.33	5.88599e-04	1.61	0.613	0.110	0.0345	0.100	0.305	0.100	0.100	0.000726	0.100	0.100	0.120	0.100	0.300	0.0400	0	0.00820
1	883.94	5.2537e-04	1.61	0.613	0.110	0.0344	0.100	0.305	0.100	0.100	0.000396	0.100	0.100	0.120	0.100	0.300	0.0400	0	0.00737
2	887.55	5.00364e-04	1.61	0.613	0.110	0.0343	0.100	0.305	0.100	0.100	0.0000544	0.100	0.100	0.120	0.100	0.300	0.0400	0	0.00710
3	891.16	4.78728e-04	1.61	0.613	0.110	0.0341	0.100	0.305	0.100	0.100	0.000299	0.100	0.100	0.120	0.100	0.300	0.0400	0	0.00656
4	894.76	4.57873e-04	1.61	0.613	0.110	0.0340	0.100	0.305	0.100	0.100	0.000651	0.100	0.100	0.120	0.100	0.300	0.0400	0	0.00617
5	898.37	4.39621e-04	1.61	0.613	0.110	0.0338	0.100	0.305	0.100	0.100	0.00101	0.100	0.100	0.120	0.100	0.300	0.0400	0	0.00547
6	901.97	4.19805e-04	3.66	1.76	0.110	0.0337	0.100	0.305	0.100	0.100	0.000274	0.100	0.100	0.120	0.100	0.300	0.0400	0	0.00545
7	905.57	4.02129e-04	3.66	1.76	0.110	0.0336	0.100	0.305	0.100	0.100	0.0000840	0.100	0.100	0.120	0.100	0.300	0.0400	0	0.00559
8	909.17	3.849e-04	3.66	1.76	0.110	0.0334	0.100	0.305	0.100	0.100	0.0000999	0.100	0.100	0.120	0.100	0.300	0.0400	0	0.00575
9	912.76	3.649e-04	3.66	1.76	0.110	0.0333	0.100	0.305	0.100	0.100	0.000271	0.100	0.100	0.120	0.100	0.300	0.0400	0	0.00519
10	916.35	3.36203e-04	3.66	1.76	0.110	0.0332	0.100	0.305	0.100	0.100	0.000439	0.100	0.100	0.120	0.100	0.300	0.0400	0	0.00499
11	919.94	3.01157e-04	3.66	1.76	0.110	0.0330	0.100	0.305	0.100	0.100	0.000580	0.100	0.100	0.120	0.100	0.300	0.0400	0	0.00475
12	923.53	2.69084e-04	3.66	1.76	0.110	0.0329	0.100	0.305	0.100	0.100	0.000680	0.100	0.100	0.120	0.100	0.300	0.0400	0	0.00402
13	927.12	2.45903e-04	3.66	1.76	0.110	0.0328	0.100	0.305	0.100	0.100	0.000730	0.100	0.100	0.120	0.100	0.300	0.0400	0	0.00389
14	930.70	2.30675e-04	3.66	1.76	0.110	0.0327	0.100	0.305	0.100	0.100	0.000771	0.100	0.100	0.120	0.100	0.300	0.0400	0	0.00357
15	934.28	2.2096e-04	3.66	1.76	0.110	0.0325	0.100	0.305	0.100	0.100	0.000736	0.100	0.100	0.120	0.100	0.300	0.0400	0	0.00363
16	937.85	2.14665e-04	3.66	1.76	0.110	0.0324	0.100	0.305	0.100	0.100	0.000713	0.100	0.100	0.120	0.100	0.300	0.0400	0	0.00357
17	941.43	2.09899e-04	3.66	1.76	0.110	0.0323	0.100	0.305	0.100	0.100	0.000641	0.100	0.100	0.120	0.100	0.300	0.0400	0	0.00377
18	945.00	2.0574e-04	3.66	1.76	0.110	0.0322	0.100	0.305	0.100	0.100	0.000658	0.100	0.100	0.120	0.100	0.300	0.0400	0	0.00349
19	948.57	2.02534e-04	3.66	1.76	0.110	0.0320	0.100	0.305	0.100	0.100	0.000733	0.100	0.100	0.120	0.100	0.300	0.0400	0	0.00348
20	952.14	2.00002e-04	3.66	1.76	0.110	0.0319	0.100	0.305	0.100	0.100	0.000872	0.100	0.100	0.120	0.100	0.300	0.0400	0	0.00331
21	955.70	1.97811e-04	3.66	1.76	0.110	0.0318	0.100	0.305	0.100	0.100	0.00106	0.100	0.100	0.120	0.100	0.300	0.0400	0	0.00348
22	959.26	1.945e-04	3.66	1.76	0.110	0.0317	0.100	0.305	0.100	0.100	0.00133	0.100	0.100	0.120	0.100	0.300	0.0400	0	0.00319
23	962.82	1.90922e-04	3.66	1.76	0.110	0.0316	0.100	0.305	0.100	0.100	0.00161	0.100	0.100	0.120	0.100	0.300	0.0400	0	0.00340
24	966.38	1.87849e-04	3.66	1.76	0.110	0.0315	0.100	0.305	0.100	0.100	0.00191	0.100	0.100	0.120	0.100	0.300	0.0400	0	0.00325
25	969.93	1.84856e-04	3.66	1.76	0.110	0.0313	0.100	0.305	0.100	0.100	0.00215	0.100	0.100	0.120	0.100	0.300	0.0400	0	0.00318
26	973.48	1.81282e-04	3.66	1.76	0.110	0.0312	0.100	0.305	0.100	0.100	0.00237	0.100	0.100	0.120	0.100	0.300	0.0400	0	0.00320
27	977.03	1.77447e-04	3.66	1.76	0.110	0.0311	0.100	0.305	0.100	0.100	0.00254	0.100	0.100	0.120	0.100	0.300	0.0400	0	0.00311
28	980.58	1.73769e-04	3.66	1.76	0.110	0.0310	0.100	0.305	0.100	0.100	0.00268	0.100	0.100	0.120	0.100	0.300	0.0400	0	0.00315
29	984.12	1.70714e-04	3.66	1.76	0.110	0.0309	0.100	0.305	0.100	0.100	0.00279	0.100	0.100	0.120	0.100	0.300	0.0400	0	0.00309
30	987.66	1.67951e-04	3.66	1.76	0.110	0.0308	0.100	0.305	0.100	0.100	0.00289	0.100	0.100	0.120	0.100	0.300	0.0400	0	0.00290
31	991.20	1.64989e-04	3.66	1.76	0.110	0.0307	0.100	0.305	0.100	0.100	0.00299	0.100	0.100	0.120	0.100	0.300	0.0400	0	0.00321
32	994.73	1.61608e-04	3.66	1.76	0.110	0.0306	0.100	0.305	0.100	0.100	0.00309	0.100	0.100	0.120	0.100	0.300	0.0400	0	0.00289
33	998.26	1.58513e-04	3.66	1.76	0.110	0.0305	0.100	0.305	0.100	0.100	0.00319	0.100	0.100	0.120	0.100	0.300	0.0400	0	0.00321
34	1001.79	1.56159e-04	3.59	1.72	0.110	0.0303	0.100	0.305	0.100	0.100	0.00329	0.100	0.100	0.120	0.100	0.300	0.0400	0	0.00276
35	1005.32	1.54378e-04	3.45	1.64	0.110	0.0302	0.100	0.305	0.100	0.100	0.00338	0.100	0.100	0.120	0.100	0.300	0.0400	0	0.00316
36	1008.84	1.5239e-04	3.31	1.57	0.110	0.0301	0.100	0.305	0.100	0.100	0.00348	0.100	0.100	0.120	0.100	0.300	0.0400	0	0.00309
37	1012.36	1.50019e-04	3.26	1.54	0.110	0.0300	0.100	0.305	0.100	0.100	0.00356	0.100	0.100	0.120	0.100	0.300	0.0400	0	0.00277
38	1015.88	1.47796e-04	3.26	1.54	0.110	0.0299	0.100	0.305	0.100	0.100	0.00364	0.100	0.100	0.120	0.100	0.300	0.0400	0	0.00266
39	1019.39	1.46068e-04	3.26	1.54	0.110	0.0298	0.100	0.305	0.100	0.100	0.00370	0.100	0.100	0.120	0.100	0.300	0.0400	0	0.00281
40	1022.90	1.44865e-04	3.26	1.54	0.110	0.0297	0.100	0.305	0.100	0.100	0.00375	0.100	0.100	0.120	0.100	0.300	0.0400	0	0.00280
41	1026.41	1.43804e-04	3.26	1.54	0.110	0.0296	0.100	0.305	0.100	0.100	0.00379	0.100	0.100	0.120	0.100	0.300	0.0400	0	0.00302
42	1029.92	1.42429e-04	3.26	1.54	0.110	0.0295	0.100	0.305	0.100	0.100	0.00384	0.100	0.100	0.120	0.100	0.300	0.0400	0	0.00268
43	1033.42	1.40931e-04	3.26	1.54	0.110	0.0294	0.100	0.305	0.100	0.100	0.00390	0.100	0.100	0.120	0.100	0.300	0.0400	0	0.00290
44	1036.92	1.39508e-04	3.26	1.54	0.110	0.0293	0.100	0.305	0.100	0.100	0.00398	0.100	0.100	0.120	0.100	0.300	0.0400	0	0.00287
45	1040.41	1.38837e-04	3.26	1.54	0.110	0.0292	0.100	0.305	0.100	0.100	0.00407	0.100	0.100	0.120	0.100	0.300	0.0400	0	0.00286
46	1043.91	1.3846e-04	3.26	1.54	0.110	0.0291	0.100	0.305	0.100	0.100	0.00418	0.100	0.100	0.120	0.100	0.300	0.0400	0	0.00264
47	1047.40	1.38289e-04	3.26	1.54	0.110	0.0290	0.100	0.305	0.100	0.100	0.00430	0.100	0.100	0.120	0.100	0.300	0.0400	0	0.00296
48	1050.88	1.37876e-04	3.26	1.54	0.110	0.0289	0.100	0.305	0.100	0.100	0.00444	0.100	0.100	0.120	0.100	0.300	0.0400	0	0.00279
49	1054.37	1.37325e-04	3.26	1.54	0.110	0.0288	0.100	0.305	0.100	0.100	0.00458	0.100	0.100	0.120	0.100	0.300	0.0400	0	0.00273
50	1057.85	1.36751e-04	3.26	1.54	0.110	0.0287	0.100	0.305	0.100	0.100	0.00469	0.100	0.100	0.120	0.100	0.300	0.0400	0	0.00277
51	1061.33	1.36751e-04	3.26	1.54	0.110	0.0286	0.100	0.305	0.100	0.100	0.00479	0.100	0.100	0.120	0.100	0.300	0.0400	0	0.00281
52	1064.80	1.36827e-04	3.26	1.54	0.110	0.0285	0.100	0.305	0.100	0.100	0.00487	0.100	0.100	0.120	0.100	0.300	0.0400	0	0.00293
53	1068.27	1.37015e-04	3.26	1.54	0.110	0.0285	0.100	0.305	0.100	0.100	0.00493	0.100	0.100	0.120	0.100	0.300	0.0400	0	0.00303
54	1071.74	1.36998e-04	3.26	1.54	0.110	0.0284	0.100	0.305	0.100	0.100	0.00498	0.100	0.100	0.120	0.100	0.300	0.0400	0	0.00276
55	1075.20	1.36763e-04	3.26	1.54	0.110	0.0283	0.100	0.305	0.100	0.100	0.00501	0.100	0.100	0.120	0.100	0.300	0.0400	0	0.00292
56	1078.67	1.36419e-04	3.26	1.54	0.110	0.0282	0.100	0.305	0.100	0.100	0.00505	0.100	0.100	0.120	0.100	0.300	0.0400	0	0.00289
57	1082.12	1.36361e-04	3.26	1.54	0.110	0.0281	0.100	0.305	0.100	0.100	0.00508	0.100	0.100	0.120	0.100	0.300	0.0400	0	0.00287
58	1085.58	1.3646e-04	3.26	1.54	0.110	0.0280	0.100	0.305	0.100	0.100	0.00512	0.100	0.100	0.120	0.100	0.300	0.0400	0	0.00273
59	1089.03	1.36714e-04	3.26	1.54	0.110	0.0279	0.100	0.305	0.100	0.100	0.00515	0.100	0.100	0.120	0.100	0.300	0.0400	0	0.00285
60	1092.48	1.36672e-04	3.22	1.52	0.110	0.0278	0.100	0.305	0.100	0.100	0.00518	0.100	0.100	0.120	0.100	0.300	0.0400	0	0.00282
61	1095.93	1.36326e-04	3.16	1.49	0.110	0.0277	0.100	0.305	0.100	0.100	0.00522	0.100	0.100	0.120	0.100	0.300	0.0400	0	0.00277
62	1099.37	1.35816e-04	3.10	1.46	0.110	0.0277	0.100	0.305	0.100	0.100	0.00527	0.100	0.100	0.120	0.100	0.300	0.0400	0	0.00305
63	1102.81	1.35362e-04	3.09	1.46	0.110	0.0276	0.100	0.305	0.100	0.100	0.00534	0.100	0.100	0.120	0.100	0.300	0.0400	0	0.00262
64	1106.24	1.35014e-04	3.09	1.46	0.110	0.0275	0.100	0.305	0.100	0.100	0.00544	0.100	0.100	0.120	0.100	0.300	0.0400	0	0.00283
65	1109.67	1.34592e-04	3.09	1.46	0.110	0.0274	0.100	0.305	0.100	0.100	0.00555	0.100	0.100	0.120	0.100	0.300	0.0400	0	0.00312
66	1113.10	1.33967e-04	3.09	1.46	0.110	0.0273	0.100	0.305	0.100	0.100	0.00569	0.100	0.100	0.120	0.100	0.300	0.0400	0	0.00275
67	1116.53	1.32884e-04	3.09	1.46	0.110	0.0272	0.100	0.305	0.100	0.100	0.00584	0.100	0.100	0.120	0.100	0.300	0.0400	0	0.00279
68	1119.95	1.31395e-04	3.09	1.46	0.110	0.0271	0.100	0.305	0.100	0.100	0.00598	0.100	0.100	0.120	0.100	0.300	0.0400	0	0.00278
69	1123.37	1.29713e-04	3.09	1.46	0.110	0.0271	0.100	0.305	0.100	0.100	0.00611	0.100	0.100	0.120	0.100	0.300	0.0400	0	0.00303
70	1126.78	1.27935e-04	3.09	1.46	0.110	0.0270	0.100	0.305	0.100	0.100	0.00621	0.100	0.100	0.120	0.100	0.300	0.0400	0	0.00279
71	1130.19	1.26464e-04	3.09	1.46	0.110	0.0269	0.100	0.305	0.100	0.100	0.00631	0.100	0.100	0.120	0.100	0.300	0.0400	0	0.00262
72	1133.60	1.25063e-04	3.09	1.46	0.110	0.0268	0.100	0.305	0.100	0.100	0.00637	0.100	0.100	0.120	0.100	0.300	0.0400	0	0.00307
73	1137.01	1.23794e-04	3.09	1.46	0.110	0.0267	0.100	0.305	0.100	0.100	0.00642	0.100	0.100	0.120	0.100	0.300	0.0400	0	0.00284
74	1140.41	1.22733e-04	3.09	1.45	0.110	0.0267	0.100	0.305	0.100	0.100	0.00645	0.100	0.100	0.120	0.100	0.300	0.0400	0	0.00279
75	1143.80	1.21481e-04	3.08	1.45	0.110	0.0266	0.100	0.305	0.100	0.100	0.00650	0.100	0.100	0.120	0.100	0.300	0.0400	0	0.00302
76	1147.20	1.20344e-04	3.08	1.45	0.110	0.0265	0.100	0.305	0.100	0.100	0.00654	0.100	0.100	0.120	0.100	0.300	0.0400	0	0.00278
77	1150.59	1.19518e-04	3.07	1.44	0.110	0.0264	0.100	0.305	0.100	0.100	0.00660	0.100	0.100	0.120	0.100	0.300	0.0400	0	0.00261
78	1153.97	1.1891e-04	3.07	1.44	0.110	0.0263	0.100	0.305	0.100	0.100	0.00667	0.100	0.100	0.120	0.100	0.300	0.0400	0	0.00292
79	1157.36	1.1857e-04	3.07	1.44	0.110	0.0263	0.100	0.305	0.100	0.100	0.00674	0.100	0.100	0.120	0.100	0.300	0.0400	0	0.00262
80	1160.74	1.18484e-04	3.07	1.44	0.110	0.0262	0.100	0.305	0.100	0.100	0.00682	0.100	0.100	0.120	0.100	0.300	0.0400	0	0.00269
81	1164.11	1.18483e-04	3.07	1.44	0.110	0.0261	0.100	0.305	0.100	0.100	0.00690	0.100	0.100	0.120	0.100	0.300	0.0400	0	0.00289
82	1167.49	1.18458e-04	3.07	1.44	0.110	0.0260	0.100	0.305	0.100	0.100	0.00696	0.100	0.100	0.120	0.100	0.300	0.0400	0	0.00270
83	1170.85	1.18323e-04	3.07	1.44	0.110	0.0260	0.100	0.305	0.100	0.100	0.00701	0.100	0.100	0.120	0.100	0.300	0.0400	0	0.00275
84	1174.22	1.18203e-04	3.07	1.44	0.110	0.0259	0.100	0.305	0.100	0.100	0.00704	0.100	0.100	0.120	0.100	0.300	0.0400	0	0.00275
85	1177.58	1.17985e-04	3.07	1.44	0.110	0.0258	0.100	0.305	0.100	0.100	0.00705	0.100	0.100	0.120	0.100	0.300	0.0400	0	0.00293
86	1180.94	1.17986e-04	3.07	1.44	0.110	0.0257	0.100	0.305	0.100	0.100	0.00705	0.100	0.100	0.120	0.100	0.300	0.0400	0	0.00275
87	1184.29	1.18034e-04	3.07	1.44	0.110	0.0257	0.100	0.305	0.100	0.100	0.00703	0.100	0.100	0.120	0.100	0.300	0.0400	0	0.00274
88	1187.64	1.17766e-04	3.07	1.44	0.110	0.0256	0.100	0.305	0.100	0.100	0.00701	0.100	0.100	0.120	0.100	0.300	0.0400	0	0.00274
89	1190.99	1.17329e-04	3.07	1.44	0.110	0.0255	0.100	0.305	0.100	0.100	0.00698	0.100	0.100	0.120	0.100	0.300	0.0400	0	0.00269
90	1194.33	1.16632e-04	3.07	1.44	0.110	0.0255	0.100	0.305	0.100	0.100	0.00694	0.100	0.100	0.120	0.100	0.300	0.0400	0	0.00288
91	1197.67	1.15615e-04	3.07	1.44	0.110	0.0254	0.100	0.305	0.100	0.100	0.00690	0.100	0.100	0.120	0.100	0.300	0.0400	0	0.00297
92	1201.01	1.14538e-04	3.07	1.44	0.110	0.0253	0.100	0.305	0.100	0.100	0.00685	0.100	0.100	0.120	0.100	0.300	0.0400	0	0.00264
93	1204.34	1.13457e-04	3.07	1.44	0.110	0.0252	0.100	0.305	0.100	0.100	0.00679	0.100	0.100	0.120	0.100	0.300	0.0400	0	0.00300
94	1207.67	1.12454e-04	3.07	1.44	0.110	0.0252	0.100	0.305	0.100	0.100	0.00675	0.100	0.100	0.120	0.100	0.300	0.0400	0	0.00250
95	1210.99	1.11737e-04	3.07	1.44	0.110	0.0251	0.100	0.305	0.100	0.100	0.00672	0.100	0.100	0.120	0.100	0.300	0.0400	0	0.00305
96	1214.31	1.11237e-04	3.07	1.44	0.110	0.0250	0.100	0.305	0.100	0.100	0.00672	0.100	0.100	0.120	0.100	0.300	0.0400	0	0.00278
97	1217.63	1.10773e-04	3.07	1.44	0.110	0.0250	0.100	0.305	0.100	0.100	0.00674	0.100	0.100	0.120	0.100	0.300	0.0400	0	0.00282
98	1220.94	1.10333e-04	3.07	1.44	0.110	0.0249	0.100	0.305	0.100	0.100	0.00679	0.100	0.100	0.120	0.100	0.300	0.0400	0	0.00264
99	1224.25	1.10058e-04	3.07	1.44	0.110	0.0248	0.100	0.305	0.100	0.100	0.00687	0.100	0.100	0.120	0.100	0.300	0.0400	0	0.00276
100	1227.55	1.09679e-04	3.07	1.44	0.110	0.0248	0.100	0.305	0.100	0.100	0.00696	0.100	0.100	0.120	0.100	0.300	0.0400	0	0.00286
101	1230.86	1.09378e-04	3.07	1.44	0.110	0.0247	0.100	0.305	0.100	0.100	0.00706	0.100	0.100	0.120	0.100	0.300	0.0400	0	0.00268
102	1234.15	1.09171e-04	3.07	1.44	0.110	0.0246	0.100	0.305	0.100	0.100	0.00715	0.100	0.100	0.120	0.100	0.300	0.0400	0	0.00287
103	1237.45	1.09168e-04	3.07	1.44	0.110	0.0246	0.100	0.305	0.100	0.100	0.00722	0.100	0.100	0.120	0.100	0.300	0.0400	0	0.00283
104	1240.73	1.09255e-04	3.07	1.44	0.110	0.0245	0.100	0.305	0.100	0.100	0.00727	0.100	0.100	0.120	0.100	0.300	0.0400	0	0.00269
105	1244.02	1.09386e-04	3.07	1.44	0.110	0.0244	0.100	0.305	0.100	0.100	0.00731	0.100	0.100	0.120	0.100	0.300	0.0400	0	0.00279
106	1247.30	1.09464e-04	3.07	1.44	0.110	0.0244	0.100	0.305	0.100	0.100	0.00734	0.100	0.100	0.120	0.100	0.300	0.0400	0	0.00313
107	1250.58	1.09426e-04	3.07	1.44	0.110	0.0243	0.100	0.305	0.100	0.100	0.00735	0.100	0.100	0.120	0.100	0.300	0.0400	0	0.00269
108	1253.85	1.09195e-04	3.07	1.44	0.110	0.0242	0.100	0.305	0.100	0.100	0.00737	0.100	0.100	0.120	0.100	0.300	0.0400	0	0.00299
109	1257.12	1.08816e-04	3.07	1.44	0.110	0.0242	0.100	0.305	0.100	0.100	0.00739	0.100	0.100	0.120	0.100	0.300	0.0400	0	0.00258
110	1260.39	1.08377e-04	3.07	1.44	0.110	0.0241	0.100	0.305	0.100	0.100	0.00743	0.100	0.100	0.120	0.100	0.300	0.0400	0	0.00300
111	1263.65	1.07835e-04	3.07	1.44	0.110	0.0241	0.100	0.305	0.100	0.100	0.00748	0.100	0.100	0.120	0.100	0.300	0.0400	0	0.00277
112	1266.91	1.07224e-04	3.07	1.44	0.110	0.0240	0.100	0.305	0.100	0.100	0.00753	0.100	0.100	0.120	0.100	0.300	0.0400	0	0.00302
113	1270.16	1.06767e-04	3.07	1.44	0.110	0.0239	0.100	0.305	0.100	0.100	0.00761	0.100	0.100	0.120	0.100	0.300	0.0400	0	0.00300
114	1273.41	1.06354e-04	3.07	1.44	0.110	0.0239	0.100	0.305	0.100	0.100	0.00768	0.100	0.100	0.120	0.100	0.300	0.0400	0	0.00263
115	1276.65	1.05589e-04	3.07	1.44	0.110	0.0238	0.100	0.305	0.100	0.100	0.00775	0.100	0.100	0.120	0.100	0.300	0.0400	0	0.00271
116	1279.89	1.04873e-04	3.07	1.44	0.110	0.0238	0.100	0.305	0.100	0.100	0.00781	0.100	0.100	0.120	0.100	0.300	0.0400	0	0.00263
117	1283.13	1.04045e-04	3.07	1.44	0.110	0.0237	0.100	0.305	0.100	0.100	0.00788	0.100	0.100	0.120	0.100	0.300	0.0400	0	0.00282
118	1286.36	1.03136e-04	3.07	1.44	0.110	0.0236	0.100	0.305	0.100	0.100	0.00793	0.100	0.100	0.120	0.100	0.300	0.0400	0	0.00284
119	1289.59	1.0232e-04	3.07	1.44	0.110	0.0236	0.100	0.305	0.100	0.100	0.00797	0.100	0.100	0.120	0.100	0.300	0.0400	0	0.00282
120	1292.82	1.01563e-04	3.07	1.44	0.110	0.0235	0.100	0.305	0.100	0.100	0.00801	0.100	0.100	0.120	0.100	0.300	0.0400	0	0.00264
121	1296.04	1.01231e-04	3.07	1.44	0.110	0.0235	0.100	0.305	0.100	0.100	0.00804	0.100	0.100	0.120	0.100	0.300	0.0400	0	0.00275
122	1299.26	1.01204e-04	3.07	1.44	0.110	0.0234	0.100	0.305	0.100	0.100	0.00807	0.100	0.100	0.120	0.100	0.300	0.0400	0	0.00261
123	1302.47	1.0134e-04	3.07	1.44	0.110	0.0233	0.100	0.305	0.100	0.100	0.00809	0.100	0.100	0.120	0.100	0.300	0.0400	0	0.00282
124	1305.68	1.0164e-04	3.07	1.44	0.110	0.0233	0.100	0.305	0.100	0.100	0.00810	0.100	0.100	0.120	0.100	0.300	0.0400	0	0.00273
125	1308.88	1.01871e-04	3.07	1.44	0.110	0.0232	0.100	0.305	0.100	0.100	0.00810	0.100	0.100	0.120	0.100	0.300	0.0400	0	0.00288
126	1312.08	1.02099e-04	3.07	1.44	0.110	0.0232	0.100	0.305	0.100	0.100	0.00810	0.100	0.100	0.120	0.100	0.300	0.0400	0	0.00274
127	1315.27	1.02191e-04	3.07	1.44	0.110	0.0231	0.100	0.305	0.100	0.100	0.00809	0.100	0.100	0.120	0.100	0.300	0.0400	0	0.00283
128	1318.47	1.02154e-04	3.07	1.44	0.110	0.0231	0.100	0.305	0.100	0.100	0.00809	0.100	0.100	0.120	0.100	0.300	0.0400	0	0.00268
129	1321.65	1.02102e-04	3.07	1.44	0.110	0.0230	0.100	0.305	0.100	0.100	0.00812	0.100	0.100	0.120	0.100	0.300	0.0400	0	0.00274
130	1324.84	1.02028e-04	3.07	1.44	0.110	0.0229	0.100	0.305	0.100	0.100	0.00820	0.100	0.100	0.120	0.100	0.300	0.0400	0	0.00299
131	1328.01	1.01898e-04	3.07	1.44	0.110	0.0229	0.100	0.305	0.100	0.100	0.00833	0.100	0.100	0.120	0.100	0.300	0.0400	0	0.00271
132	1331.19	1.0182e-04	3.07	1.44	0.110	0.0228	0.100	0.305	0.100	0.100	0.00851	0.100	0.100	0.120	0.100	0.300	0.0400	0	0.00271
133	1334.36	1.01755e-04	3.07	1.44	0.110	0.0228	0.100	0.305	0.100	0.100	0.00871	0.100	0.100	0.120	0.100	0.300	0.0400	0	0.00278
134	1337.52	1.01669e-04	3.07	1.44	0.110	0.0227	0.100	0.305	0.100	0.100	0.00895	0.100	0.100	0.120	0.100	0.300	0.0400	0	0.00277
135	1340.69	1.01699e-04	3.07	1.44	0.110	0.0227	0.100	0.305	0.100	0.100	0.00920	0.100	0.100	0.120	0.100	0.300	0.0400	0	0.00285
136	1343.84	1.01649e-04	3.07	1.44	0.110	0.0226	0.100	0.305	0.100	0.100	0.00941	0.100	0.100	0.120	0.100	0.300	0.0400	0	0.00276
137	1347.00	1.01725e-04	3.07	1.44	0.110	0.0226	0.100	0.305	0.100	0.100	0.00958	0.100	0.100	0.120	0.100	0.300	0.0400	0	0.00302
138	1350.14	1.01927e-04	3.07	1.44	0.110	0.0225	0.100	0.305	0.100	0.100	0.00970	0.100	0.100	0.120	0.100	0.300	0.0400	0	0.00277
139	1353.29	1.02304e-04	3.07	1.44	0.110	0.0225	0.100	0.305	0.100	0.100	0.00975	0.100	0.100	0.120	0.100	0.300	0.0400	0	0.00275
140	1356.43	1.02694e-04	3.07	1.44	0.110	0.0224	0.100	0.305	0.100	0.100	0.00976	0.100	0.100	0.120	0.100	0.300	0.0400	0	0.00289
141	1359.56	1.03258e-04	3.07	1.44	0.110	0.0224	0.100	0.305	0.100	0.100	0.00973	0.100	0.100	0.120	0.100	0.300	0.0400	0	0.00288
142	1362.69	1.03395e-04	3.07	1.44	0.110	0.0223	0.100	0.305	0.100	0.100	0.00965	0.100	0.100	0.120	0.100	0.300	0.0400	0	0.00291
143	1365.82	1.03368e-04	3.07	1.44	0.110	0.0223	0.100	0.305	0.100	0.100	0.00957	0.100	0.100	0.120	0.100	0.300	0.0400	0	0.00283
144	1368.94	1.03073e-04	3.07	1.44	0.110	0.0222	0.100	0.305	0.100	0.100	0.00948	0.100	0.100	0.120	0.100	0.300	0.0400	0	0.00281
145	1372.06	1.02896e-04	3.07	1.44	0.110	0.0222	0.100	0.305	0.100	0.100	0.00938	0.100	0.100	0.120	0.100	0.300	0.0400	0	0.00273
146	1375.17	1.03378e-04	3.07	1.44	0.110	0.0221	0.100	0.305	0.100	0.100	0.00928	0.100	0.100	0.120	0.100	0.300	0.0400	0	0.00255
147	1378.28	1.04798e-04	3.07	1.44	0.110	0.0221	0.100	0.305	0.100	0.100	0.00920	0.100	0.100	0.120	0.100	0.300	0.0400	0	0.00279
148	1381.39	1.0661e-04	3.07	1.44	0.110	0.0220	0.100	0.305	0.100	0.100	0.00911	0.100	0.100	0.120	0.100	0.300	0.0400	0	0.00269
149	1384.49	1.07695e-04	3.07	1.44	0.110	0.0220	0.100	0.305	0.100	0.100	0.00903	0.100	0.100	0.120	0.100	0.300	0.0400	0	0.00281
150	1387.58	1.0779e-04	3.07	1.44	0.110	0.0219	0.100	0.305	0.100	0.100	0.00895	0.100	0.100	0.120	0.100	0.300	0.0400	0	0.00286
151	1390.68	1.07869e-04	3.08	1.45	0.110	0.0219	0.100	0.305	0.100	0.100	0.00889	0.100	0.100	0.120	0.100	0.300	0.0400	0	0.00294
152	1393.76	1.08504e-04	3.09	1.46	0.110	0.0218	0.100	0.305	0.100	0.100	0.00883	0.100	0.100	0.120	0.100	0.300	0.0400	0	0.00270
153	1396.84	1.09151e-04	3.11	1.47	0.110	0.0218	0.100	0.305	0.100	0.100	0.00878	0.100	0.100	0.120	0.100	0.300	0.0400	0	0.00272
154	1399.92	1.09539e-04	3.13	1.47	0.110	0.0217	0.100	0.305	0.100	0.100	0.00874	0.100	0.100	0.120	0.100	0.300	0.0400	0	0.00307
155	1403.00	1.09893e-04	3.13	1.48	0.110	0.0217	0.100	0.305	0.100	0.100	0.00871	0.100	0.100	0.120	0.100	0.300	0.0400	0	0.00277
156	1406.06	1.10057e-04	3.13	1.48	0.110	0.0216	0.100	0.305	0.100	0.100	0.00869	0.100	0.100	0.120	0.100	0.300	0.0400	0	0.00297
157	1409.13	1.10026e-04	3.14	1.48	0.110	0.0216	0.100	0.305	0.100	0.100	0.00867	0.100	0.100	0.120	0.100	0.300	0.0400	0	0.00300
158	1412.19	1.09766e-04	3.14	1.48	0.110	0.0215	0.100	0.305	0.100	0.100	0.00865	0.100	0.100	0.120	0.100	0.300	0.0400	0	0.00303
159	1415.24	1.09571e-04	3.14	1.48	0.110	0.0215	0.100	0.305	0.100	0.100	0.00863	0.100	0.100	0.120	0.100	0.300	0.0400	0	0.00276
160	1418.29	1.09257e-04	3.14	1.48	0.110	0.0214	0.100	0.305	0.100	0.100	0.00861	0.100	0.100	0.120	0.100	0.300	0.0400	0	0.00335
161	1421.34	1.0895e-04	3.14	1.48	0.110	0.0214	0.100	0.305	0.100	0.100	0.00858	0.100	0.100	0.120	0.100	0.300	0.0400	0	0.00310
162	1424.38	1.08584e-04	3.14	1.48	0.110	0.0213	0.100	0.305	0.100	0.100	0.00855	0.100	0.100	0.120	0.100	0.300	0.0400	0	0.00308
163	1427.42	1.08406e-04	3.14	1.48	0.110	0.0213	0.100	0.305	0.100	0.100	0.00852	0.100	0.100	0.120	0.100	0.300	0.0400	0	0.00315
164	1430.45	1.08061e-04	3.14	1.48	0.110	0.0213	0.100	0.305	0.100	0.100	0.00850	0.100	0.100	0.120	0.100	0.300	0.0400	0	0.00302
165	1433.48	1.07751e-04	3.14	1.48	0.110	0.0212	0.100	0.305	0.100	0.100	0.00849	0.100	0.100	0.120	0.100	0.300	0.0400	0	0.00310
166	1436.50	1.07466e-04	3.14	1.48	0.110	0.0212	0.100	0.305	0.100	0.100	0.00849	0.100	0.100	0.120	0.100	0.300	0.0400	0	0.00308
167	1439.52	1.07253e-04	3.14	1.48	0.110	0.0211	0.100	0.305	0.100	0.100	0.00850	0.100	0.100	0.120	0.100	0.300	0.0400	0	0.00304
168	1442.53	1.07093e-04	3.12	1.47	0.110	0.0211	0.100	0.305	0.100	0.100	0.00852	0.100	0.100	0.120	0.100	0.300	0.0400	0	0.00331
169	1445.54	1.0687e-04	3.10	1.46	0.110	0.0210	0.100	0.305	0.100	0.100	0.00856	0.100	0.100	0.120	0.100	0.300	0.0400	0	0.00313
170	1448.54	1.06646e-04	3.08	1.45	0.110	0.0210	0.100	0.305	0.100	0.100	0.00860	0.100	0.100	0.120	0.100	0.300	0.0400	0	0.00299
171	1451.54	1.06512e-04	3.09	1.45	0.110	0.0209	0.100	0.305	0.100	0.100	0.00866	0.100	0.100	0.120	0.100	0.300	0.0400	0	0.00303
172	1454.54	1.06486e-04	3.12	1.47	0.110	0.0209	0.100	0.305	0.100	0.100	0.00871	0.100	0.100	0.120	0.100	0.300	0.0400	0	0.00296
173	1457.53	1.06565e-04	3.16	1.49	0.110	0.0209	0.100	0.305	0.100	0.100	0.00875	0.100	0.100	0.120	0.100	0.300	0.0400	0	0.00287
174	1460.52	1.0684e-04	3.19	1.51	0.110	0.0208	0.100	0.305	0.100	0.100	0.00878	0.100	0.100	0.120	0.100	0.300	0.0400	0	0.00294
175	1463.50	1.07098e-04	3.19	1.51	0.110	0.0208	0.100	0.305	0.100	0.100	0.00880	0.100	0.100	0.120	0.100	0.300	0.0400	0	0.00302
176	1466.47	1.0742e-04	3.19	1.51	0.110	0.0207	0.100	0.305	0.100	0.100	0.00881	0.100	0.100	0.120	0.100	0.300	0.0400	0	0.00299
177	1469.44	1.07721e-04	3.19	1.51	0.110	0.0207	0.100	0.305	0.100	0.100	0.00881	0.100	0.100	0.120	0.100	0.300	0.0400	0	0.00319
178	1472.41	1.07991e-04	3.19	1.51	0.110	0.0206	0.100	0.305	0.100	0.100	0.00881	0.100	0.100	0.120	0.100	0.300	0.0400	0	0.00285
179	1475.37	1.08321e-04	3.19	1.51	0.110	0.0206	0.100	0.305	0.100	0.100	0.00880	0.100	0.100	0.120	0.100	0.300	0.0400	0	0.00333
180	1478.33	1.08579e-04	3.19	1.51	0.110	0.0206	0.100	0.305	0.100	0.100	0.00880	0.100	0.100	0.120	0.100	0.300	0.0400	0	0.00320
181	1481.28	1.08969e-04	3.19	1.51	0.110	0.0205	0.100	0.305	0.100	0.100	0.00880	0.100	0.100	0.120	0.100	0.300	0.0400	0	0.00329
182	1484.23	1.09375e-04	3.19	1.51	0.110	0.0205	0.100	0.305	0.100	0.100	0.00882	0.100	0.100	0.120	0.100	0.300	0.0400	0	0.00314
183	1487.17	1.09783e-04	3.19	1.51	0.110	0.0204	0.100	0.305	0.100	0.100	0.00883	0.100	0.100	0.120	0.100	0.300	0.0400	0	0.00322
184	1490.11	1.10311e-04	3.19	1.50	0.110	0.0204	0.100	0.305	0.100	0.100	0.00886	0.100	0.100	0.120	0.100	0.300	0.0400	0	0.00315
185	1493.05	1.10828e-04	3.18	1.50	0.110	0.0204	0.100	0.305	0.100	0.100	0.00888	0.100	0.100	0.120	0.100	0.300	0.0400	0	0.00330
186	1495.97	1.11232e-04	3.17	1.50	0.110	0.0203	0.100	0.305	0.100	0.100	0.00891	0.100	0.100	0.120	0.100	0.300	0.0400	0	0.00314
187	1498.90	1.1179e-04	3.16	1.49	0.110	0.0203	0.100	0.305	0.100	0.100	0.00894	0.100	0.100	0.120	0.100	0.300	0.0400	0	0.00340
188	1501.82	1.12372e-04	3.16	1.49	0.110	0.0202	0.100	0.305	0.100	0.100	0.00898	0.100	0.100	0.120	0.100	0.300	0.0400	0	0.00315
189	1504.73	1.12906e-04	3.16	1.49	0.110	0.0202	0.100	0.305	0.100	0.100	0.00901	0.100	0.100	0.120	0.100	0.300	0.0400	0	0.00329
190	1507.64	1.13466e-04	3.16	1.49	0.110	0.0202	0.100	0.305	0.100	0.100	0.00904	0.100	0.100	0.120	0.100	0.300	0.0400	0	0.00327
191	1510.55	1.13835e-04	3.16	1.49	0.110	0.0201	0.100	0.305	0.100	0.100	0.00907	0.100	0.100	0.120	0.100	0.300	0.0400	0	0.00337
192	1513.45	1.14278e-04	3.16	1.49	0.110	0.0201	0.100	0.305	0.100	0.100	0.00911	0.100	0.100	0.120	0.100	0.300	0.0400	0	0.00356
193	1516.34	1.14837e-04	3.16	1.49	0.110	0.0200	0.100	0.305	0.100	0.100	0.00914	0.100	0.100	0.120	0.100	0.300	0.0400	0	0.00335
194	1519.23	1.1515e-04	3.16	1.49	0.110	0.0200	0.100	0.305	0.100	0.100	0.00917	0.100	0.100	0.120	0.100	0.300	0.0400	0	0.00335
195	1522.12	1.15657e-04	3.16	1.49	0.110	0.0200	0.100	0.305	0.100	0.100	0.00919	0.100	0.100	0.120	0.100	0.300	0.0400	0	0.00347
196	1525.00	1.16039e-04	3.16	1.49	0.110	0.0199	0.100	0.305	0.100	0.100	0.00921	0.100	0.100	0.120	0.100	0.300	0.0400	0	0.00364
197	1527.87	1.1642e-04	3.16	1.49	0.110	0.0199	0.100	0.305	0.100	0.100	0.00922	0.100	0.100	0.120	0.100	0.300	0.0400	0	0.00346
198	1530.74	1.16922e-04	3.16	1.49	0.110	0.0199	0.100	0.305	0.100	0.100	0.00923	0.100	0.100	0.120	0.100	0.300	0.0400	0	0.00338
199	1533.61	1.17395e-04	3.16	1.49	0.110	0.0198	0.100	0.305	0.100	0.100	0.00924	0.100	0.100	0.120	0.100	0.300	0.0400	0	0.00343
200	1536.47	1.17906e-04	3.16	1.49	0.110	0.0198	0.100	0.305	0.100	0.100	0.00924	0.100	0.100	0.120	0.100	0.300	0.0400	0	0.00337
201	1539.32	1.18442e-04	3.16	1.49	0.110	0.0197	0.100	0.305	0.100	0.100	0.00923	0.100	0.100	0.120	0.100	0.300	0.0400	0	0.00353
202	1542.18	1.18981e-04	3.14	1.48	0.110	0.0197	0.100	0.305	0.100	0.100	0.00923	0.100	0.100	0.120	0.100	0.300	0.0400	0	0.00375
203	1545.02	1.19492e-04	3.12	1.47	0.110	0.0197	0.100	0.305	0.100	0.100	0.00923	0.100	0.100	0.120	0.100	0.300	0.0400	0	0.00320
204	1547.86	1.20085e-04	3.11	1.46	0.110	0.0196	0.100	0.305	0.100	0.100	0.00923	0.100	0.100	0.120	0.100	0.300	0.0400	0	0.00375
205	1550.70	1.20626e-04	3.09	1.46	0.110	0.0196	0.100	0.305	0.100	0.100	0.00924	0.100	0.100	0.120	0.100	0.300	0.0400	0	0.00349
206	1553.53	1.21165e-04	3.09	1.46	0.110	0.0196	0.100	0.305	0.100	0.100	0.00925	0.100	0.100	0.120	0.100	0.300	0.0400	0	0.00328
207	1556.36	1.21757e-04	3.09	1.46	0.110	0.0195	0.100	0.305	0.100	0.100	0.00926	0.100	0.100	0.120	0.100	0.300	0.0400	0	0.00369
208	1559.18	1.22246e-04	3.09	1.46	0.110	0.0195	0.100	0.305	0.100	0.100	0.00928	0.100	0.100	0.120	0.100	0.300	0.0400	0	0.00366
209	1561.99	1.22754e-04	3.09	1.46	0.110	0.0195	0.100	0.305	0.100	0.100	0.00930	0.100	0.100	0.120	0.100	0.300	0.0400	0	0.00361
210	1564.81	1.23361e-04	3.09	1.46	0.110	0.0194	0.100	0.305	0.100	0.100	0.00931	0.100	0.100	0.120	0.100	0.300	0.0400	0	0.00380
211	1567.61	1.23902e-04	3.09	1.46	0.110	0.0194	0.100	0.305	0.100	0.100	0.00934	0.100	0.100	0.120	0.100	0.300	0.0400	0	0.00338
212	1570.41	1.2456e-04	3.09	1.46	0.110	0.0194	0.100	0.305	0.100	0.100	0.00936	0.100	0.100	0.120	0.100	0.300	0.0400	0	0.00343
213	1573.21	1.25131e-04	3.09	1.46	0.110	0.0193	0.100	0.305	0.100	0.100	0.00938	0.100	0.100	0.120	0.100	0.300	0.0400	0	0.00359
214	1576.00	1.25878e-04	3.09	1.46	0.110	0.0193	0.100	0.305	0.100	0.100	0.00939	0.100	0.100	0.120	0.100	0.300	0.0400	0	0.00370
215	1578.79	1.26657e-04	3.09	1.46	0.110	0.0193	0.100	0.305	0.100	0.100	0.00941	0.100	0.100	0.120	0.100	0.300	0.0400	0	0.00356
216	1581.57	1.27299e-04	3.09	1.46	0.110	0.0192	0.100	0.305	0.100	0.100	0.00943	0.100	0.100	0.120	0.100	0.300	0.0400	0	0.00389
217	1584.35	1.28052e-04	3.09	1.46	0.110	0.0192	0.100	0.305	0.100	0.100	0.00945	0.100	0.100	0.120	0.100	0.300	0.0400	0	0.00370
218	1587.12	1.28826e-04	3.09	1.46	0.110	0.0192	0.100	0.305	0.100	0.100	0.00948	0.100	0.100	0.120	0.100	0.300	0.0400	0	0.00365
219	1589.88	1.29621e-04	3.09	1.46	0.110	0.0191	0.100	0.305	0.100	0.100	0.00951	0.100	0.100	0.120	0.100	0.300	0.0400	0	0.00349
220	1592.65	1.30417e-04	3.09	1.45	0.110	0.0191	0.100	0.305	0.100	0.100	0.00955	0.100	0.100	0.120	0.100	0.300	0.0400	0	0.00381
221	1595.40	1.31072e-04	3.09	1.45	0.110	0.0191	0.100	0.305	0.100	0.100	0.00960	0.100	0.100	0.120	0.100	0.300	0.0400	0	0.00395
222	1598.15	1.31804e-04	3.08	1.45	0.110	0.0190	0.100	0.305	0.100	0.100	0.00966	0.100	0.100	0.120	0.100	0.300	0.0400	0	0.00370
223	1600.90	1.324e-04	3.09	1.45	0.110	0.0190	0.100	0.305	0.100	0.100	0.00971	0.100	0.100	0.120	0.100	0.300	0.0400	0	0.00396
224	1603.64	1.33253e-04	3.12	1.47	0.110	0.0190	0.100	0.305	0.100	0.100	0.00979	0.100	0.100	0.120	0.100	0.300	0.0400	0	0.00401
225	1606.38	1.33837e-04	3.15	1.49	0.110	0.0189	0.100	0.305	0.100	0.100	0.00987	0.100	0.100	0.120	0.100	0.300	0.0400	0	0.00382
226	1609.11	1.34662e-04	3.18	1.50	0.110	0.0189	0.100	0.305	0.100	0.100	0.00995	0.100	0.100	0.120	0.100	0.300	0.0400	0	0.00390
227	1611.83	1.35375e-04	3.19	1.50	0.110	0.0189	0.100	0.305	0.100	0.100	0.0100	0.100	0.100	0.120	0.100	0.300	0.0400	0	0.00418
228	1614.56	1.36299e-04	3.19	1.50	0.110	0.0188	0.100	0.305	0.100	0.100	0.0101	0.100	0.100	0.120	0.100	0.300	0.0400	0	0.00395
229	1617.27	1.3737e-04	3.19	1.50	0.110	0.0188	0.100	0.305	0.100	0.100	0.0101	0.100	0.100	0.120	0.100	0.300	0.0400	0	0.00400
230	1619.98	1.38391e-04	3.19	1.50	0.110	0.0188	0.100	0.305	0.100	0.100	0.0102	0.100	0.100	0.120	0.100	0.300	0.0400	0	0.00423
231	1622.69	1.39519e-04	3.19	1.50	0.110	0.0187	0.100	0.305	0.100	0.100	0.0102	0.100	0.100	0.120	0.100	0.300	0.0400	0	0.00428
232	1625.39	1.40779e-04	3.19	1.50	0.110	0.0187	0.100	0.305	0.100	0.100	0.0103	0.100	0.100	0.120	0.100	0.300	0.0400	0	0.00429
233	1628.08	1.42265e-04	3.19	1.50	0.110	0.0187	0.100	0.305	0.100	0.100	0.0103	0.100	0.100	0.120	0.100	0.300	0.0400	0	0.00403
234	1630.77	1.43936e-04	3.19	1.50	0.110	0.0186	0.100	0.305	0.100	0.100	0.0104	0.100	0.100	0.120	0.100	0.300	0.0400	0	0.00400
235	1633.46	1.45686e-04	3.19	1.50	0.110	0.0186	0.100	0.305	0.100	0.100	0.0104	0.100	0.100	0.120	0.100	0.300	0.0400	0	0.00444
236	1636.14	1.47738e-04	3.19	1.50	0.110	0.0186	0.100	0.305	0.100	0.100	0.0104	0.100	0.100	0.120	0.100	0.300	0.0400	0	0.00442
237	1638.82	1.50266e-04	3.19	1.50	0.110	0.0185	0.100	0.305	0.100	0.100	0.0105	0.100	0.100	0.120	0.100	0.300	0.0400	0	0.00434
238	1641.49	1.53178e-04	3.19	1.50	0.110	0.0185	0.100	0.305	0.100	0.100	0.0105	0.100	0.100	0.120	0.100	0.300	0.0400	0	0.00468
239	1644.15	1.57317e-04	3.19	1.50	0.110	0.0185	0.100	0.305	0.100	0.100	0.0105	0.100	0.100	0.120	0.100	0.300	0.0400	0	0.00472
240	1646.81	1.6294e-04	3.19	1.50	0.110	0.0185	0.100	0.305	0.100	0.100	0.0105	0.100	0.100	0.120	0.100	0.300	0.0400	0	0.00529
241	1649.46	1.70673e-04	3.19	1.50	0.110	0.0184	0.100	0.305	0.100	0.100	0.0105	0.100	0.100	0.120	0.100	0.300	0.0400	0	0.00515
242	1652.11	1.82245e-04	3.19	1.50	0.110	0.0184	0.100	0.305	0.100	0.100	0.0106	0.100	0.100	0.120	0.100	0.300	0.0400	0	0.00584
243	1654.76	1.98506e-04	3.19	1.50	0.110	0.0184	0.100	0.305	0.100	0.100	0.0106	0.100	0.100	0.120	0.100	0.300	0.0400	0	0.00700
244	1657.40	2.20938e-04	3.19	1.50	0.110	0.0183	0.100	0.305	0.100	0.100	0.0106	0.100	0.100	0.120	0.100	0.300	0.0400	0	0.00673
245	1660.03	2.51153e-04	3.19	1.50	0.110	0.0183	0.100	0.305	0.100	0.100	0.0106	0.100	0.100	0.120	0.100	0.300	0.0400	0	0.00801
246	1662.66	2.90717e-04	3.19	1.50	0.110	0.0183	0.100	0.305	0.100	0.100	0.0106	0.100	0.100	0.120	0.100	0.300	0.0400	0	0.00917
247	1665.28	3.41074e-04	3.19	1.50	0.110	0.0183	0.100	0.305	0.100	0.100	0.0106	0.100	0.100	0.120	0.100	0.300	0.0400	0	0.00995
248	1667.90	4.01822e-04	3.19	1.50	0.110	0.0182	0.100	0.305	0.100	0.100	0.0106	0.100	0.100	0.120	0.100	0.300	0.0400	0	0.0122
249	1670.52	4.72933e-04	3.19	1.50	0.110	0.0182	0.100	0.305	0.100	0.100	0.0107	0.100	0.100	0.120	0.100	0.300	0.0400	0	0.0135
250	1673.12	5.54852e-04	3.19	1.50	0.110	0.0182	0.100	0.305	0.100	0.100	0.0107	0.100	0.100	0.120	0.100	0.300	0.0400	0	0.0163
251	1675.73	6.52339e-04	3.19	1.50	0.110	0.0181	0.100	0.305	0.100	0.100	0.0107	0.100	0.100	0.120	0.100	0.300	0.0400	0	0.0189
252	1678.32	7.59841e-04	3.19	1.50	0.110	0.0181	0.100	0.305	0.100	0.100	0.0106	0.100	0.100	0.120	0.100	0.300	0.0400	0	0.0208
253	1680.92	8.82996e-04	3.19	1.50	0.110	0.0181	0.100	0.305	0.100	0.100	0.0106	0.100	0.100	0.120	0.100	0.300	0.0400	0	0.0248
254	1683.50	1.0209e-03	3.19	1.50	0.110	0.0181	0.100	0.305	0.100	0.100	0.0105	0.100	0.100	0.120	0.100	0.300	0.0400	0	0.0322
255	1686.09	1.18527e-03	3.19	1.50	0.110	0.0180	0.100	0.305	0.100	0.100	0.0105	0.100	0.100	0.120	0.100	0.300	0.0400	0	0.0314
