# hypstar_220261_radcal_E_220426_swir.dat
# File was created 2022-04-26 15:58:33 UTC
#
# Calibrated by Joel Kuusk, Tartu Observatory, University of Tartu, 2022-04-26
#
# Applied corrections:
# nonlinearity	hypstar_220261_nonlin_corr_coefs_220105.dat
# wavelength	hypstar_220261_wl_coefs_220426.dat
# thermal	none
# stray light	none
#
# E [mW m-2 nm-1] = DN / inttime_ms * 1000 * cal_coef
# Pixel counting starts from 0
#
# px	wl	cal_coef	u_cal_coef(k=2)	u_lamp(k=1)	u_aging(k=1)	u_power(k=1)	u_align_lamp(k=1)	u_panel(k=1)	u_interp_panel(k=1)	u_align_panel(k=1)	u_wl_source(k=1)	u_lab_stray(k=1)	u_panel_backrefl(k=1)	u_dist(k=1)	u_align(k=1)	u_temp(k=1)	u_lin(k=1)	u_stray(k=1)	u_typeA(k=1)
0	880.94	3.90187e-02	1.71	0.613	0.193	0.0345	0.100	0	0	0	0.000417	0.100	0	0.440	0.100	0.300	0.0800	0	0.0164
1	884.57	2.9573e-02	1.71	0.613	0.193	0.0344	0.100	0	0	0	0.000260	0.100	0	0.440	0.100	0.300	0.0800	0	0.0141
2	888.19	2.65561e-02	1.71	0.613	0.193	0.0342	0.100	0	0	0	0.000102	0.100	0	0.440	0.100	0.300	0.0800	0	0.0116
3	891.82	2.51735e-02	1.71	0.613	0.193	0.0341	0.100	0	0	0	0.0000576	0.100	0	0.440	0.100	0.300	0.0800	0	0.0102
4	895.44	2.42175e-02	1.71	0.613	0.193	0.0339	0.100	0	0	0	0.000219	0.100	0	0.440	0.100	0.300	0.0800	0	0.0105
5	899.05	2.32899e-02	1.71	0.613	0.193	0.0338	0.100	0	0	0	0.000381	0.100	0	0.440	0.100	0.300	0.0800	0	0.00932
6	902.67	2.23196e-02	3.71	1.76	0.193	0.0337	0.100	0	0	0	0.000293	0.100	0	0.440	0.100	0.300	0.0800	0	0.0101
7	906.28	2.14364e-02	3.71	1.76	0.193	0.0335	0.100	0	0	0	0.000212	0.100	0	0.440	0.100	0.300	0.0800	0	0.0103
8	909.89	2.04827e-02	3.71	1.76	0.193	0.0334	0.100	0	0	0	0.000132	0.100	0	0.440	0.100	0.300	0.0800	0	0.00909
9	913.49	1.94054e-02	3.71	1.76	0.193	0.0333	0.100	0	0	0	0.0000531	0.100	0	0.440	0.100	0.300	0.0800	0	0.00848
10	917.09	1.80157e-02	3.71	1.76	0.193	0.0331	0.100	0	0	0	0.0000242	0.100	0	0.440	0.100	0.300	0.0800	0	0.00829
11	920.69	1.63648e-02	3.71	1.76	0.193	0.0330	0.100	0	0	0	0.000100	0.100	0	0.440	0.100	0.300	0.0800	0	0.00694
12	924.29	1.48493e-02	3.71	1.76	0.193	0.0329	0.100	0	0	0	0.000175	0.100	0	0.440	0.100	0.300	0.0800	0	0.00630
13	927.88	1.37646e-02	3.71	1.76	0.193	0.0328	0.100	0	0	0	0.000249	0.100	0	0.440	0.100	0.300	0.0800	0	0.00640
14	931.47	1.30154e-02	3.71	1.76	0.193	0.0326	0.100	0	0	0	0.000321	0.100	0	0.440	0.100	0.300	0.0800	0	0.00598
15	935.05	1.25301e-02	3.71	1.76	0.193	0.0325	0.100	0	0	0	0.000392	0.100	0	0.440	0.100	0.300	0.0800	0	0.00591
16	938.64	1.21855e-02	3.71	1.76	0.193	0.0324	0.100	0	0	0	0.000462	0.100	0	0.440	0.100	0.300	0.0800	0	0.00608
17	942.22	1.19273e-02	3.71	1.76	0.193	0.0323	0.100	0	0	0	0.000531	0.100	0	0.440	0.100	0.300	0.0800	0	0.00538
18	945.80	1.17086e-02	3.71	1.76	0.193	0.0321	0.100	0	0	0	0.000599	0.100	0	0.440	0.100	0.300	0.0800	0	0.00517
19	949.37	1.14683e-02	3.71	1.76	0.193	0.0320	0.100	0	0	0	0.000666	0.100	0	0.440	0.100	0.300	0.0800	0	0.00532
20	952.94	1.12524e-02	3.71	1.76	0.193	0.0319	0.100	0	0	0	0.000731	0.100	0	0.440	0.100	0.300	0.0800	0	0.00594
21	956.51	1.10459e-02	3.71	1.76	0.193	0.0318	0.100	0	0	0	0.000795	0.100	0	0.440	0.100	0.300	0.0800	0	0.00526
22	960.07	1.0828e-02	3.71	1.76	0.193	0.0317	0.100	0	0	0	0.000859	0.100	0	0.440	0.100	0.300	0.0800	0	0.00505
23	963.64	1.05832e-02	3.71	1.76	0.193	0.0315	0.100	0	0	0	0.000921	0.100	0	0.440	0.100	0.300	0.0800	0	0.00555
24	967.19	1.03368e-02	3.71	1.76	0.193	0.0314	0.100	0	0	0	0.000982	0.100	0	0.440	0.100	0.300	0.0800	0	0.00500
25	970.75	1.0128e-02	3.71	1.76	0.193	0.0313	0.100	0	0	0	0.00104	0.100	0	0.440	0.100	0.300	0.0800	0	0.00513
26	974.30	9.92131e-03	3.71	1.76	0.193	0.0312	0.100	0	0	0	0.00110	0.100	0	0.440	0.100	0.300	0.0800	0	0.00529
27	977.85	9.70432e-03	3.71	1.76	0.193	0.0311	0.100	0	0	0	0.00116	0.100	0	0.440	0.100	0.300	0.0800	0	0.00533
28	981.40	9.47221e-03	3.71	1.76	0.193	0.0310	0.100	0	0	0	0.00122	0.100	0	0.440	0.100	0.300	0.0800	0	0.00476
29	984.94	9.25256e-03	3.71	1.76	0.193	0.0309	0.100	0	0	0	0.00127	0.100	0	0.440	0.100	0.300	0.0800	0	0.00447
30	988.48	9.08656e-03	3.71	1.76	0.193	0.0308	0.100	0	0	0	0.00133	0.100	0	0.440	0.100	0.300	0.0800	0	0.00494
31	992.01	8.92825e-03	3.71	1.76	0.193	0.0306	0.100	0	0	0	0.00138	0.100	0	0.440	0.100	0.300	0.0800	0	0.00473
32	995.55	8.7853e-03	3.71	1.76	0.193	0.0305	0.100	0	0	0	0.00144	0.100	0	0.440	0.100	0.300	0.0800	0	0.00468
33	999.08	8.62481e-03	3.71	1.76	0.193	0.0304	0.100	0	0	0	0.00149	0.100	0	0.440	0.100	0.300	0.0800	0	0.00414
34	1002.60	8.49606e-03	3.61	1.70	0.193	0.0303	0.100	0	0	0	0.00154	0.100	0	0.440	0.100	0.300	0.0800	0	0.00457
35	1006.13	8.37536e-03	3.47	1.63	0.193	0.0302	0.100	0	0	0	0.00159	0.100	0	0.440	0.100	0.300	0.0800	0	0.00437
36	1009.65	8.30899e-03	3.33	1.55	0.193	0.0301	0.100	0	0	0	0.00164	0.100	0	0.440	0.100	0.300	0.0800	0	0.00416
37	1013.16	8.2174e-03	3.31	1.54	0.193	0.0300	0.100	0	0	0	0.00169	0.100	0	0.440	0.100	0.300	0.0800	0	0.00428
38	1016.68	8.12171e-03	3.31	1.54	0.193	0.0299	0.100	0	0	0	0.00174	0.100	0	0.440	0.100	0.300	0.0800	0	0.00425
39	1020.19	8.02281e-03	3.31	1.54	0.193	0.0298	0.100	0	0	0	0.00179	0.100	0	0.440	0.100	0.300	0.0800	0	0.00391
40	1023.69	7.95229e-03	3.31	1.54	0.193	0.0297	0.100	0	0	0	0.00184	0.100	0	0.440	0.100	0.300	0.0800	0	0.00441
41	1027.20	7.89721e-03	3.31	1.54	0.193	0.0296	0.100	0	0	0	0.00188	0.100	0	0.440	0.100	0.300	0.0800	0	0.00429
42	1030.70	7.85346e-03	3.31	1.54	0.193	0.0295	0.100	0	0	0	0.00193	0.100	0	0.440	0.100	0.300	0.0800	0	0.00446
43	1034.19	7.80045e-03	3.31	1.54	0.193	0.0294	0.100	0	0	0	0.00197	0.100	0	0.440	0.100	0.300	0.0800	0	0.00427
44	1037.69	7.73356e-03	3.31	1.54	0.193	0.0293	0.100	0	0	0	0.00202	0.100	0	0.440	0.100	0.300	0.0800	0	0.00411
45	1041.18	7.6843e-03	3.31	1.54	0.193	0.0292	0.100	0	0	0	0.00206	0.100	0	0.440	0.100	0.300	0.0800	0	0.00463
46	1044.66	7.63542e-03	3.31	1.54	0.193	0.0291	0.100	0	0	0	0.00210	0.100	0	0.440	0.100	0.300	0.0800	0	0.00397
47	1048.15	7.62307e-03	3.31	1.54	0.193	0.0290	0.100	0	0	0	0.00214	0.100	0	0.440	0.100	0.300	0.0800	0	0.00441
48	1051.63	7.60505e-03	3.31	1.54	0.193	0.0289	0.100	0	0	0	0.00218	0.100	0	0.440	0.100	0.300	0.0800	0	0.00472
49	1055.10	7.57597e-03	3.31	1.54	0.193	0.0288	0.100	0	0	0	0.00223	0.100	0	0.440	0.100	0.300	0.0800	0	0.00431
50	1058.57	7.52833e-03	3.31	1.54	0.193	0.0287	0.100	0	0	0	0.00227	0.100	0	0.440	0.100	0.300	0.0800	0	0.00438
51	1062.04	7.46849e-03	3.31	1.54	0.193	0.0286	0.100	0	0	0	0.00230	0.100	0	0.440	0.100	0.300	0.0800	0	0.00376
52	1065.51	7.42124e-03	3.31	1.54	0.193	0.0285	0.100	0	0	0	0.00234	0.100	0	0.440	0.100	0.300	0.0800	0	0.00429
53	1068.97	7.38243e-03	3.31	1.54	0.193	0.0284	0.100	0	0	0	0.00238	0.100	0	0.440	0.100	0.300	0.0800	0	0.00415
54	1072.43	7.32659e-03	3.31	1.54	0.193	0.0283	0.100	0	0	0	0.00242	0.100	0	0.440	0.100	0.300	0.0800	0	0.00458
55	1075.89	7.25582e-03	3.31	1.54	0.193	0.0283	0.100	0	0	0	0.00245	0.100	0	0.440	0.100	0.300	0.0800	0	0.00415
56	1079.34	7.17107e-03	3.31	1.54	0.193	0.0282	0.100	0	0	0	0.00249	0.100	0	0.440	0.100	0.300	0.0800	0	0.00410
57	1082.79	7.06898e-03	3.31	1.54	0.193	0.0281	0.100	0	0	0	0.00253	0.100	0	0.440	0.100	0.300	0.0800	0	0.00431
58	1086.23	6.97449e-03	3.31	1.54	0.193	0.0280	0.100	0	0	0	0.00256	0.100	0	0.440	0.100	0.300	0.0800	0	0.00423
59	1089.68	6.8719e-03	3.31	1.54	0.193	0.0279	0.100	0	0	0	0.00259	0.100	0	0.440	0.100	0.300	0.0800	0	0.00439
60	1093.11	6.76366e-03	3.26	1.52	0.193	0.0278	0.100	0	0	0	0.00263	0.100	0	0.440	0.100	0.300	0.0800	0	0.00404
61	1096.55	6.65615e-03	3.20	1.49	0.193	0.0277	0.100	0	0	0	0.00266	0.100	0	0.440	0.100	0.300	0.0800	0	0.00376
62	1099.98	6.55108e-03	3.15	1.46	0.193	0.0276	0.100	0	0	0	0.00269	0.100	0	0.440	0.100	0.300	0.0800	0	0.00395
63	1103.41	6.44999e-03	3.15	1.46	0.193	0.0276	0.100	0	0	0	0.00273	0.100	0	0.440	0.100	0.300	0.0800	0	0.00447
64	1106.83	6.3435e-03	3.15	1.46	0.193	0.0275	0.100	0	0	0	0.00276	0.100	0	0.440	0.100	0.300	0.0800	0	0.00379
65	1110.25	6.25318e-03	3.15	1.46	0.193	0.0274	0.100	0	0	0	0.00279	0.100	0	0.440	0.100	0.300	0.0800	0	0.00400
66	1113.67	6.17821e-03	3.15	1.46	0.193	0.0273	0.100	0	0	0	0.00282	0.100	0	0.440	0.100	0.300	0.0800	0	0.00387
67	1117.08	6.11653e-03	3.15	1.46	0.193	0.0272	0.100	0	0	0	0.00285	0.100	0	0.440	0.100	0.300	0.0800	0	0.00387
68	1120.49	6.05788e-03	3.15	1.46	0.193	0.0271	0.100	0	0	0	0.00288	0.100	0	0.440	0.100	0.300	0.0800	0	0.00377
69	1123.90	5.99466e-03	3.15	1.46	0.193	0.0270	0.100	0	0	0	0.00291	0.100	0	0.440	0.100	0.300	0.0800	0	0.00364
70	1127.30	5.93603e-03	3.15	1.46	0.193	0.0270	0.100	0	0	0	0.00294	0.100	0	0.440	0.100	0.300	0.0800	0	0.00384
71	1130.70	5.89272e-03	3.15	1.46	0.193	0.0269	0.100	0	0	0	0.00296	0.100	0	0.440	0.100	0.300	0.0800	0	0.00371
72	1134.09	5.86918e-03	3.15	1.46	0.193	0.0268	0.100	0	0	0	0.00299	0.100	0	0.440	0.100	0.300	0.0800	0	0.00408
73	1137.49	5.86629e-03	3.15	1.46	0.193	0.0267	0.100	0	0	0	0.00302	0.100	0	0.440	0.100	0.300	0.0800	0	0.00364
74	1140.87	5.86784e-03	3.14	1.45	0.193	0.0266	0.100	0	0	0	0.00304	0.100	0	0.440	0.100	0.300	0.0800	0	0.00397
75	1144.26	5.8851e-03	3.14	1.45	0.193	0.0266	0.100	0	0	0	0.00307	0.100	0	0.440	0.100	0.300	0.0800	0	0.00381
76	1147.64	5.89825e-03	3.13	1.45	0.193	0.0265	0.100	0	0	0	0.00310	0.100	0	0.440	0.100	0.300	0.0800	0	0.00392
77	1151.02	5.902e-03	3.13	1.44	0.193	0.0264	0.100	0	0	0	0.00312	0.100	0	0.440	0.100	0.300	0.0800	0	0.00373
78	1154.39	5.91302e-03	3.13	1.44	0.193	0.0263	0.100	0	0	0	0.00315	0.100	0	0.440	0.100	0.300	0.0800	0	0.00408
79	1157.76	5.91061e-03	3.13	1.44	0.193	0.0263	0.100	0	0	0	0.00317	0.100	0	0.440	0.100	0.300	0.0800	0	0.00353
80	1161.12	5.91679e-03	3.13	1.44	0.193	0.0262	0.100	0	0	0	0.00320	0.100	0	0.440	0.100	0.300	0.0800	0	0.00382
81	1164.49	5.92189e-03	3.13	1.44	0.193	0.0261	0.100	0	0	0	0.00322	0.100	0	0.440	0.100	0.300	0.0800	0	0.00408
82	1167.84	5.92297e-03	3.13	1.44	0.193	0.0260	0.100	0	0	0	0.00324	0.100	0	0.440	0.100	0.300	0.0800	0	0.00408
83	1171.20	5.92257e-03	3.13	1.44	0.193	0.0260	0.100	0	0	0	0.00327	0.100	0	0.440	0.100	0.300	0.0800	0	0.00349
84	1174.55	5.90841e-03	3.13	1.44	0.193	0.0259	0.100	0	0	0	0.00329	0.100	0	0.440	0.100	0.300	0.0800	0	0.00349
85	1177.90	5.88044e-03	3.13	1.44	0.193	0.0258	0.100	0	0	0	0.00331	0.100	0	0.440	0.100	0.300	0.0800	0	0.00350
86	1181.24	5.82877e-03	3.13	1.44	0.193	0.0257	0.100	0	0	0	0.00333	0.100	0	0.440	0.100	0.300	0.0800	0	0.00405
87	1184.58	5.77706e-03	3.13	1.44	0.193	0.0257	0.100	0	0	0	0.00336	0.100	0	0.440	0.100	0.300	0.0800	0	0.00407
88	1187.92	5.71709e-03	3.13	1.44	0.193	0.0256	0.100	0	0	0	0.00338	0.100	0	0.440	0.100	0.300	0.0800	0	0.00397
89	1191.25	5.66011e-03	3.13	1.44	0.193	0.0255	0.100	0	0	0	0.00340	0.100	0	0.440	0.100	0.300	0.0800	0	0.00361
90	1194.58	5.59579e-03	3.13	1.44	0.193	0.0254	0.100	0	0	0	0.00342	0.100	0	0.440	0.100	0.300	0.0800	0	0.00418
91	1197.90	5.53607e-03	3.13	1.44	0.193	0.0254	0.100	0	0	0	0.00344	0.100	0	0.440	0.100	0.300	0.0800	0	0.00395
92	1201.22	5.48332e-03	3.13	1.44	0.193	0.0253	0.100	0	0	0	0.00346	0.100	0	0.440	0.100	0.300	0.0800	0	0.00375
93	1204.54	5.42677e-03	3.13	1.44	0.193	0.0252	0.100	0	0	0	0.00348	0.100	0	0.440	0.100	0.300	0.0800	0	0.00371
94	1207.85	5.38752e-03	3.13	1.44	0.193	0.0252	0.100	0	0	0	0.00350	0.100	0	0.440	0.100	0.300	0.0800	0	0.00363
95	1211.16	5.3586e-03	3.13	1.44	0.193	0.0251	0.100	0	0	0	0.00352	0.100	0	0.440	0.100	0.300	0.0800	0	0.00384
96	1214.46	5.34442e-03	3.13	1.44	0.193	0.0250	0.100	0	0	0	0.00354	0.100	0	0.440	0.100	0.300	0.0800	0	0.00359
97	1217.77	5.33566e-03	3.13	1.44	0.193	0.0250	0.100	0	0	0	0.00355	0.100	0	0.440	0.100	0.300	0.0800	0	0.00389
98	1221.06	5.32064e-03	3.13	1.44	0.193	0.0249	0.100	0	0	0	0.00357	0.100	0	0.440	0.100	0.300	0.0800	0	0.00361
99	1224.36	5.30201e-03	3.13	1.44	0.193	0.0248	0.100	0	0	0	0.00359	0.100	0	0.440	0.100	0.300	0.0800	0	0.00371
100	1227.65	5.28345e-03	3.13	1.44	0.193	0.0248	0.100	0	0	0	0.00361	0.100	0	0.440	0.100	0.300	0.0800	0	0.00339
101	1230.93	5.25375e-03	3.13	1.44	0.193	0.0247	0.100	0	0	0	0.00363	0.100	0	0.440	0.100	0.300	0.0800	0	0.00386
102	1234.21	5.22619e-03	3.13	1.44	0.193	0.0246	0.100	0	0	0	0.00364	0.100	0	0.440	0.100	0.300	0.0800	0	0.00364
103	1237.49	5.21296e-03	3.13	1.44	0.193	0.0246	0.100	0	0	0	0.00366	0.100	0	0.440	0.100	0.300	0.0800	0	0.00377
104	1240.76	5.20068e-03	3.13	1.44	0.193	0.0245	0.100	0	0	0	0.00368	0.100	0	0.440	0.100	0.300	0.0800	0	0.00383
105	1244.03	5.19221e-03	3.13	1.44	0.193	0.0244	0.100	0	0	0	0.00369	0.100	0	0.440	0.100	0.300	0.0800	0	0.00387
106	1247.30	5.19393e-03	3.13	1.44	0.193	0.0244	0.100	0	0	0	0.00371	0.100	0	0.440	0.100	0.300	0.0800	0	0.00376
107	1250.56	5.20183e-03	3.13	1.44	0.193	0.0243	0.100	0	0	0	0.00373	0.100	0	0.440	0.100	0.300	0.0800	0	0.00362
108	1253.82	5.20729e-03	3.13	1.44	0.193	0.0242	0.100	0	0	0	0.00374	0.100	0	0.440	0.100	0.300	0.0800	0	0.00395
109	1257.07	5.20318e-03	3.13	1.44	0.193	0.0242	0.100	0	0	0	0.00376	0.100	0	0.440	0.100	0.300	0.0800	0	0.00394
110	1260.32	5.18933e-03	3.13	1.44	0.193	0.0241	0.100	0	0	0	0.00377	0.100	0	0.440	0.100	0.300	0.0800	0	0.00381
111	1263.57	5.17291e-03	3.13	1.44	0.193	0.0241	0.100	0	0	0	0.00379	0.100	0	0.440	0.100	0.300	0.0800	0	0.00369
112	1266.81	5.13722e-03	3.13	1.44	0.193	0.0240	0.100	0	0	0	0.00380	0.100	0	0.440	0.100	0.300	0.0800	0	0.00352
113	1270.05	5.10572e-03	3.13	1.44	0.193	0.0239	0.100	0	0	0	0.00382	0.100	0	0.440	0.100	0.300	0.0800	0	0.00363
114	1273.28	5.07263e-03	3.13	1.44	0.193	0.0239	0.100	0	0	0	0.00383	0.100	0	0.440	0.100	0.300	0.0800	0	0.00358
115	1276.51	5.03759e-03	3.13	1.44	0.193	0.0238	0.100	0	0	0	0.00385	0.100	0	0.440	0.100	0.300	0.0800	0	0.00380
116	1279.74	5.00801e-03	3.13	1.44	0.193	0.0238	0.100	0	0	0	0.00386	0.100	0	0.440	0.100	0.300	0.0800	0	0.00389
117	1282.96	4.97649e-03	3.13	1.44	0.193	0.0237	0.100	0	0	0	0.00388	0.100	0	0.440	0.100	0.300	0.0800	0	0.00345
118	1286.18	4.94213e-03	3.13	1.44	0.193	0.0236	0.100	0	0	0	0.00389	0.100	0	0.440	0.100	0.300	0.0800	0	0.00363
119	1289.39	4.91232e-03	3.13	1.44	0.193	0.0236	0.100	0	0	0	0.00390	0.100	0	0.440	0.100	0.300	0.0800	0	0.00372
120	1292.60	4.86993e-03	3.13	1.44	0.193	0.0235	0.100	0	0	0	0.00392	0.100	0	0.440	0.100	0.300	0.0800	0	0.00373
121	1295.80	4.83835e-03	3.13	1.44	0.193	0.0235	0.100	0	0	0	0.00393	0.100	0	0.440	0.100	0.300	0.0800	0	0.00369
122	1299.01	4.80568e-03	3.13	1.44	0.193	0.0234	0.100	0	0	0	0.00394	0.100	0	0.440	0.100	0.300	0.0800	0	0.00379
123	1302.20	4.77926e-03	3.13	1.44	0.193	0.0233	0.100	0	0	0	0.00396	0.100	0	0.440	0.100	0.300	0.0800	0	0.00305
124	1305.40	4.74913e-03	3.13	1.44	0.193	0.0233	0.100	0	0	0	0.00397	0.100	0	0.440	0.100	0.300	0.0800	0	0.00391
125	1308.58	4.73255e-03	3.13	1.44	0.193	0.0232	0.100	0	0	0	0.00398	0.100	0	0.440	0.100	0.300	0.0800	0	0.00325
126	1311.77	4.71294e-03	3.13	1.44	0.193	0.0232	0.100	0	0	0	0.00399	0.100	0	0.440	0.100	0.300	0.0800	0	0.00395
127	1314.95	4.69581e-03	3.13	1.44	0.193	0.0231	0.100	0	0	0	0.00401	0.100	0	0.440	0.100	0.300	0.0800	0	0.00389
128	1318.13	4.68541e-03	3.13	1.44	0.193	0.0231	0.100	0	0	0	0.00402	0.100	0	0.440	0.100	0.300	0.0800	0	0.00361
129	1321.30	4.67073e-03	3.13	1.44	0.193	0.0230	0.100	0	0	0	0.00403	0.100	0	0.440	0.100	0.300	0.0800	0	0.00373
130	1324.47	4.65474e-03	3.13	1.44	0.193	0.0230	0.100	0	0	0	0.00404	0.100	0	0.440	0.100	0.300	0.0800	0	0.00394
131	1327.63	4.63176e-03	3.13	1.44	0.193	0.0229	0.100	0	0	0	0.00405	0.100	0	0.440	0.100	0.300	0.0800	0	0.00353
132	1330.79	4.6031e-03	3.13	1.44	0.193	0.0228	0.100	0	0	0	0.00407	0.100	0	0.440	0.100	0.300	0.0800	0	0.00410
133	1333.94	4.57436e-03	3.13	1.44	0.193	0.0228	0.100	0	0	0	0.00408	0.100	0	0.440	0.100	0.300	0.0800	0	0.00372
134	1337.09	4.54717e-03	3.13	1.44	0.193	0.0227	0.100	0	0	0	0.00409	0.100	0	0.440	0.100	0.300	0.0800	0	0.00385
135	1340.24	4.53455e-03	3.13	1.44	0.193	0.0227	0.100	0	0	0	0.00410	0.100	0	0.440	0.100	0.300	0.0800	0	0.00389
136	1343.38	4.51528e-03	3.13	1.44	0.193	0.0226	0.100	0	0	0	0.00411	0.100	0	0.440	0.100	0.300	0.0800	0	0.00393
137	1346.52	4.51715e-03	3.13	1.44	0.193	0.0226	0.100	0	0	0	0.00412	0.100	0	0.440	0.100	0.300	0.0800	0	0.00361
138	1349.66	4.5325e-03	3.13	1.44	0.193	0.0225	0.100	0	0	0	0.00413	0.100	0	0.440	0.100	0.300	0.0800	0	0.00374
139	1352.79	4.5596e-03	3.13	1.44	0.193	0.0225	0.100	0	0	0	0.00414	0.100	0	0.440	0.100	0.300	0.0800	0	0.00350
140	1355.91	4.58709e-03	3.13	1.44	0.193	0.0224	0.100	0	0	0	0.00415	0.100	0	0.440	0.100	0.300	0.0800	0	0.00381
141	1359.03	4.62871e-03	3.13	1.44	0.193	0.0224	0.100	0	0	0	0.00417	0.100	0	0.440	0.100	0.300	0.0800	0	0.00337
142	1362.15	4.64764e-03	3.13	1.44	0.193	0.0223	0.100	0	0	0	0.00418	0.100	0	0.440	0.100	0.300	0.0800	0	0.00414
143	1365.26	4.65883e-03	3.13	1.44	0.193	0.0223	0.100	0	0	0	0.00419	0.100	0	0.440	0.100	0.300	0.0800	0	0.00355
144	1368.37	4.67932e-03	3.13	1.44	0.193	0.0222	0.100	0	0	0	0.00420	0.100	0	0.440	0.100	0.300	0.0800	0	0.00387
145	1371.47	4.70058e-03	3.13	1.44	0.193	0.0222	0.100	0	0	0	0.00421	0.100	0	0.440	0.100	0.300	0.0800	0	0.00358
146	1374.57	4.75934e-03	3.13	1.44	0.193	0.0221	0.100	0	0	0	0.00422	0.100	0	0.440	0.100	0.300	0.0800	0	0.00396
147	1377.67	4.84008e-03	3.13	1.44	0.193	0.0221	0.100	0	0	0	0.00423	0.100	0	0.440	0.100	0.300	0.0800	0	0.00397
148	1380.76	4.93754e-03	3.13	1.44	0.193	0.0220	0.100	0	0	0	0.00424	0.100	0	0.440	0.100	0.300	0.0800	0	0.00325
149	1383.85	4.98114e-03	3.13	1.44	0.193	0.0220	0.100	0	0	0	0.00425	0.100	0	0.440	0.100	0.300	0.0800	0	0.00402
150	1386.93	4.98513e-03	3.13	1.44	0.193	0.0219	0.100	0	0	0	0.00425	0.100	0	0.440	0.100	0.300	0.0800	0	0.00368
151	1390.01	4.9911e-03	3.13	1.45	0.193	0.0219	0.100	0	0	0	0.00426	0.100	0	0.440	0.100	0.300	0.0800	0	0.00402
152	1393.08	4.99751e-03	3.14	1.45	0.193	0.0218	0.100	0	0	0	0.00427	0.100	0	0.440	0.100	0.300	0.0800	0	0.00426
153	1396.15	5.00961e-03	3.16	1.46	0.193	0.0218	0.100	0	0	0	0.00428	0.100	0	0.440	0.100	0.300	0.0800	0	0.00382
154	1399.21	4.99745e-03	3.18	1.47	0.193	0.0217	0.100	0	0	0	0.00429	0.100	0	0.440	0.100	0.300	0.0800	0	0.00419
155	1402.27	5.00125e-03	3.19	1.48	0.193	0.0217	0.100	0	0	0	0.00430	0.100	0	0.440	0.100	0.300	0.0800	0	0.00381
156	1405.33	4.99199e-03	3.19	1.48	0.193	0.0216	0.100	0	0	0	0.00431	0.100	0	0.440	0.100	0.300	0.0800	0	0.00409
157	1408.38	4.9792e-03	3.19	1.48	0.193	0.0216	0.100	0	0	0	0.00432	0.100	0	0.440	0.100	0.300	0.0800	0	0.00381
158	1411.43	4.96701e-03	3.19	1.48	0.193	0.0215	0.100	0	0	0	0.00433	0.100	0	0.440	0.100	0.300	0.0800	0	0.00406
159	1414.47	4.94421e-03	3.19	1.48	0.193	0.0215	0.100	0	0	0	0.00434	0.100	0	0.440	0.100	0.300	0.0800	0	0.00381
160	1417.51	4.93404e-03	3.19	1.48	0.193	0.0214	0.100	0	0	0	0.00434	0.100	0	0.440	0.100	0.300	0.0800	0	0.00369
161	1420.54	4.92133e-03	3.19	1.48	0.193	0.0214	0.100	0	0	0	0.00435	0.100	0	0.440	0.100	0.300	0.0800	0	0.00432
162	1423.57	4.90323e-03	3.19	1.48	0.193	0.0214	0.100	0	0	0	0.00436	0.100	0	0.440	0.100	0.300	0.0800	0	0.00414
163	1426.59	4.90862e-03	3.19	1.48	0.193	0.0213	0.100	0	0	0	0.00437	0.100	0	0.440	0.100	0.300	0.0800	0	0.00412
164	1429.61	4.89629e-03	3.19	1.48	0.193	0.0213	0.100	0	0	0	0.00438	0.100	0	0.440	0.100	0.300	0.0800	0	0.00428
165	1432.63	4.88989e-03	3.19	1.48	0.193	0.0212	0.100	0	0	0	0.00439	0.100	0	0.440	0.100	0.300	0.0800	0	0.00396
166	1435.64	4.88175e-03	3.19	1.48	0.193	0.0212	0.100	0	0	0	0.00439	0.100	0	0.440	0.100	0.300	0.0800	0	0.00465
167	1438.65	4.87673e-03	3.19	1.48	0.193	0.0211	0.100	0	0	0	0.00440	0.100	0	0.440	0.100	0.300	0.0800	0	0.00392
168	1441.65	4.87958e-03	3.18	1.47	0.193	0.0211	0.100	0	0	0	0.00441	0.100	0	0.440	0.100	0.300	0.0800	0	0.00412
169	1444.65	4.87804e-03	3.16	1.46	0.193	0.0210	0.100	0	0	0	0.00442	0.100	0	0.440	0.100	0.300	0.0800	0	0.00390
170	1447.64	4.87766e-03	3.14	1.45	0.193	0.0210	0.100	0	0	0	0.00443	0.100	0	0.440	0.100	0.300	0.0800	0	0.00428
171	1450.63	4.87038e-03	3.13	1.45	0.193	0.0210	0.100	0	0	0	0.00443	0.100	0	0.440	0.100	0.300	0.0800	0	0.00413
172	1453.61	4.87986e-03	3.17	1.47	0.193	0.0209	0.100	0	0	0	0.00444	0.100	0	0.440	0.100	0.300	0.0800	0	0.00412
173	1456.59	4.89279e-03	3.20	1.48	0.193	0.0209	0.100	0	0	0	0.00445	0.100	0	0.440	0.100	0.300	0.0800	0	0.00452
174	1459.56	4.89933e-03	3.23	1.50	0.193	0.0208	0.100	0	0	0	0.00446	0.100	0	0.440	0.100	0.300	0.0800	0	0.00461
175	1462.53	4.92343e-03	3.24	1.51	0.193	0.0208	0.100	0	0	0	0.00446	0.100	0	0.440	0.100	0.300	0.0800	0	0.00432
176	1465.50	4.941e-03	3.24	1.51	0.193	0.0207	0.100	0	0	0	0.00447	0.100	0	0.440	0.100	0.300	0.0800	0	0.00420
177	1468.46	4.9617e-03	3.25	1.51	0.193	0.0207	0.100	0	0	0	0.00448	0.100	0	0.440	0.100	0.300	0.0800	0	0.00408
178	1471.42	4.97601e-03	3.25	1.51	0.193	0.0207	0.100	0	0	0	0.00448	0.100	0	0.440	0.100	0.300	0.0800	0	0.00411
179	1474.37	4.9957e-03	3.25	1.51	0.193	0.0206	0.100	0	0	0	0.00449	0.100	0	0.440	0.100	0.300	0.0800	0	0.00446
180	1477.31	5.00843e-03	3.25	1.51	0.193	0.0206	0.100	0	0	0	0.00450	0.100	0	0.440	0.100	0.300	0.0800	0	0.00419
181	1480.26	5.03385e-03	3.25	1.51	0.193	0.0205	0.100	0	0	0	0.00451	0.100	0	0.440	0.100	0.300	0.0800	0	0.00435
182	1483.19	5.04172e-03	3.25	1.51	0.193	0.0205	0.100	0	0	0	0.00451	0.100	0	0.440	0.100	0.300	0.0800	0	0.00480
183	1486.13	5.04936e-03	3.24	1.51	0.193	0.0205	0.100	0	0	0	0.00452	0.100	0	0.440	0.100	0.300	0.0800	0	0.00427
184	1489.05	5.07507e-03	3.24	1.51	0.193	0.0204	0.100	0	0	0	0.00453	0.100	0	0.440	0.100	0.300	0.0800	0	0.00501
185	1491.98	5.08959e-03	3.23	1.50	0.193	0.0204	0.100	0	0	0	0.00453	0.100	0	0.440	0.100	0.300	0.0800	0	0.00501
186	1494.90	5.10995e-03	3.23	1.50	0.193	0.0203	0.100	0	0	0	0.00454	0.100	0	0.440	0.100	0.300	0.0800	0	0.00400
187	1497.81	5.13169e-03	3.22	1.49	0.193	0.0203	0.100	0	0	0	0.00454	0.100	0	0.440	0.100	0.300	0.0800	0	0.00455
188	1500.72	5.15143e-03	3.21	1.49	0.193	0.0203	0.100	0	0	0	0.00455	0.100	0	0.440	0.100	0.300	0.0800	0	0.00479
189	1503.62	5.17807e-03	3.21	1.49	0.193	0.0202	0.100	0	0	0	0.00456	0.100	0	0.440	0.100	0.300	0.0800	0	0.00483
190	1506.52	5.20586e-03	3.21	1.49	0.193	0.0202	0.100	0	0	0	0.00456	0.100	0	0.440	0.100	0.300	0.0800	0	0.00464
191	1509.42	5.23032e-03	3.21	1.49	0.193	0.0201	0.100	0	0	0	0.00457	0.100	0	0.440	0.100	0.300	0.0800	0	0.00444
192	1512.31	5.25686e-03	3.21	1.49	0.193	0.0201	0.100	0	0	0	0.00458	0.100	0	0.440	0.100	0.300	0.0800	0	0.00506
193	1515.19	5.28397e-03	3.21	1.49	0.193	0.0201	0.100	0	0	0	0.00458	0.100	0	0.440	0.100	0.300	0.0800	0	0.00487
194	1518.08	5.3089e-03	3.21	1.49	0.193	0.0200	0.100	0	0	0	0.00459	0.100	0	0.440	0.100	0.300	0.0800	0	0.00435
195	1520.95	5.34226e-03	3.21	1.49	0.193	0.0200	0.100	0	0	0	0.00459	0.100	0	0.440	0.100	0.300	0.0800	0	0.00519
196	1523.82	5.36833e-03	3.21	1.49	0.193	0.0199	0.100	0	0	0	0.00460	0.100	0	0.440	0.100	0.300	0.0800	0	0.00456
197	1526.69	5.3861e-03	3.21	1.49	0.193	0.0199	0.100	0	0	0	0.00460	0.100	0	0.440	0.100	0.300	0.0800	0	0.00470
198	1529.55	5.41814e-03	3.21	1.49	0.193	0.0199	0.100	0	0	0	0.00461	0.100	0	0.440	0.100	0.300	0.0800	0	0.00459
199	1532.41	5.45269e-03	3.21	1.49	0.193	0.0198	0.100	0	0	0	0.00461	0.100	0	0.440	0.100	0.300	0.0800	0	0.00475
200	1535.26	5.4791e-03	3.21	1.49	0.193	0.0198	0.100	0	0	0	0.00462	0.100	0	0.440	0.100	0.300	0.0800	0	0.00522
201	1538.11	5.51274e-03	3.21	1.49	0.193	0.0198	0.100	0	0	0	0.00463	0.100	0	0.440	0.100	0.300	0.0800	0	0.00508
202	1540.95	5.54138e-03	3.20	1.49	0.193	0.0197	0.100	0	0	0	0.00463	0.100	0	0.440	0.100	0.300	0.0800	0	0.00504
203	1543.79	5.58098e-03	3.19	1.48	0.193	0.0197	0.100	0	0	0	0.00464	0.100	0	0.440	0.100	0.300	0.0800	0	0.00556
204	1546.62	5.61479e-03	3.17	1.47	0.193	0.0197	0.100	0	0	0	0.00464	0.100	0	0.440	0.100	0.300	0.0800	0	0.00507
205	1549.45	5.65166e-03	3.15	1.46	0.193	0.0196	0.100	0	0	0	0.00465	0.100	0	0.440	0.100	0.300	0.0800	0	0.00511
206	1552.27	5.68544e-03	3.15	1.46	0.193	0.0196	0.100	0	0	0	0.00465	0.100	0	0.440	0.100	0.300	0.0800	0	0.00524
207	1555.09	5.72999e-03	3.15	1.46	0.193	0.0195	0.100	0	0	0	0.00465	0.100	0	0.440	0.100	0.300	0.0800	0	0.00468
208	1557.90	5.76574e-03	3.15	1.46	0.193	0.0195	0.100	0	0	0	0.00466	0.100	0	0.440	0.100	0.300	0.0800	0	0.00525
209	1560.71	5.79167e-03	3.15	1.46	0.193	0.0195	0.100	0	0	0	0.00466	0.100	0	0.440	0.100	0.300	0.0800	0	0.00531
210	1563.51	5.82603e-03	3.15	1.46	0.193	0.0194	0.100	0	0	0	0.00467	0.100	0	0.440	0.100	0.300	0.0800	0	0.00515
211	1566.31	5.86766e-03	3.15	1.46	0.193	0.0194	0.100	0	0	0	0.00467	0.100	0	0.440	0.100	0.300	0.0800	0	0.00544
212	1569.11	5.90261e-03	3.15	1.46	0.193	0.0194	0.100	0	0	0	0.00468	0.100	0	0.440	0.100	0.300	0.0800	0	0.00582
213	1571.89	5.94516e-03	3.15	1.46	0.193	0.0193	0.100	0	0	0	0.00468	0.100	0	0.440	0.100	0.300	0.0800	0	0.00579
214	1574.68	5.98156e-03	3.15	1.46	0.193	0.0193	0.100	0	0	0	0.00469	0.100	0	0.440	0.100	0.300	0.0800	0	0.00519
215	1577.46	6.02037e-03	3.15	1.46	0.193	0.0193	0.100	0	0	0	0.00469	0.100	0	0.440	0.100	0.300	0.0800	0	0.00527
216	1580.23	6.07057e-03	3.15	1.46	0.193	0.0192	0.100	0	0	0	0.00469	0.100	0	0.440	0.100	0.300	0.0800	0	0.00576
217	1583.00	6.12428e-03	3.15	1.46	0.193	0.0192	0.100	0	0	0	0.00470	0.100	0	0.440	0.100	0.300	0.0800	0	0.00529
218	1585.76	6.16954e-03	3.15	1.46	0.193	0.0192	0.100	0	0	0	0.00470	0.100	0	0.440	0.100	0.300	0.0800	0	0.00575
219	1588.52	6.22483e-03	3.15	1.46	0.193	0.0191	0.100	0	0	0	0.00471	0.100	0	0.440	0.100	0.300	0.0800	0	0.00553
220	1591.28	6.28556e-03	3.14	1.45	0.193	0.0191	0.100	0	0	0	0.00471	0.100	0	0.440	0.100	0.300	0.0800	0	0.00543
221	1594.03	6.34893e-03	3.14	1.45	0.193	0.0191	0.100	0	0	0	0.00471	0.100	0	0.440	0.100	0.300	0.0800	0	0.00584
222	1596.77	6.40292e-03	3.14	1.45	0.193	0.0190	0.100	0	0	0	0.00472	0.100	0	0.440	0.100	0.300	0.0800	0	0.00639
223	1599.51	6.45841e-03	3.14	1.45	0.193	0.0190	0.100	0	0	0	0.00472	0.100	0	0.440	0.100	0.300	0.0800	0	0.00577
224	1602.24	6.52869e-03	3.16	1.46	0.193	0.0190	0.100	0	0	0	0.00472	0.100	0	0.440	0.100	0.300	0.0800	0	0.00552
225	1604.97	6.59118e-03	3.19	1.48	0.193	0.0189	0.100	0	0	0	0.00473	0.100	0	0.440	0.100	0.300	0.0800	0	0.00592
226	1607.70	6.65498e-03	3.22	1.49	0.193	0.0189	0.100	0	0	0	0.00473	0.100	0	0.440	0.100	0.300	0.0800	0	0.00592
227	1610.41	6.71766e-03	3.24	1.50	0.193	0.0189	0.100	0	0	0	0.00473	0.100	0	0.440	0.100	0.300	0.0800	0	0.00575
228	1613.13	6.7953e-03	3.24	1.50	0.193	0.0188	0.100	0	0	0	0.00474	0.100	0	0.440	0.100	0.300	0.0800	0	0.00577
229	1615.84	6.85297e-03	3.24	1.50	0.193	0.0188	0.100	0	0	0	0.00474	0.100	0	0.440	0.100	0.300	0.0800	0	0.00635
230	1618.54	6.91349e-03	3.24	1.50	0.193	0.0188	0.100	0	0	0	0.00474	0.100	0	0.440	0.100	0.300	0.0800	0	0.00561
231	1621.24	6.99067e-03	3.24	1.50	0.193	0.0188	0.100	0	0	0	0.00475	0.100	0	0.440	0.100	0.300	0.0800	0	0.00614
232	1623.93	7.08206e-03	3.24	1.50	0.193	0.0187	0.100	0	0	0	0.00475	0.100	0	0.440	0.100	0.300	0.0800	0	0.00689
233	1626.62	7.15968e-03	3.24	1.50	0.193	0.0187	0.100	0	0	0	0.00475	0.100	0	0.440	0.100	0.300	0.0800	0	0.00755
234	1629.30	7.24713e-03	3.24	1.50	0.193	0.0187	0.100	0	0	0	0.00475	0.100	0	0.440	0.100	0.300	0.0800	0	0.00582
235	1631.98	7.35389e-03	3.24	1.50	0.193	0.0186	0.100	0	0	0	0.00476	0.100	0	0.440	0.100	0.300	0.0800	0	0.00630
236	1634.66	7.4591e-03	3.24	1.50	0.193	0.0186	0.100	0	0	0	0.00476	0.100	0	0.440	0.100	0.300	0.0800	0	0.00711
237	1637.32	7.56088e-03	3.24	1.50	0.193	0.0186	0.100	0	0	0	0.00476	0.100	0	0.440	0.100	0.300	0.0800	0	0.00681
238	1639.99	7.70462e-03	3.24	1.50	0.193	0.0185	0.100	0	0	0	0.00476	0.100	0	0.440	0.100	0.300	0.0800	0	0.00697
239	1642.64	7.86158e-03	3.24	1.50	0.193	0.0185	0.100	0	0	0	0.00477	0.100	0	0.440	0.100	0.300	0.0800	0	0.00754
240	1645.30	8.06055e-03	3.24	1.50	0.193	0.0185	0.100	0	0	0	0.00477	0.100	0	0.440	0.100	0.300	0.0800	0	0.00775
241	1647.94	8.30999e-03	3.24	1.50	0.193	0.0184	0.100	0	0	0	0.00477	0.100	0	0.440	0.100	0.300	0.0800	0	0.00805
242	1650.59	8.6358e-03	3.24	1.50	0.193	0.0184	0.100	0	0	0	0.00477	0.100	0	0.440	0.100	0.300	0.0800	0	0.00767
243	1653.22	9.08918e-03	3.24	1.50	0.193	0.0184	0.100	0	0	0	0.00478	0.100	0	0.440	0.100	0.300	0.0800	0	0.00782
244	1655.86	9.70676e-03	3.24	1.50	0.193	0.0184	0.100	0	0	0	0.00478	0.100	0	0.440	0.100	0.300	0.0800	0	0.0103
245	1658.48	1.05556e-02	3.24	1.50	0.193	0.0183	0.100	0	0	0	0.00478	0.100	0	0.440	0.100	0.300	0.0800	0	0.00953
246	1661.10	1.16679e-02	3.24	1.50	0.193	0.0183	0.100	0	0	0	0.00478	0.100	0	0.440	0.100	0.300	0.0800	0	0.00947
247	1663.72	1.31284e-02	3.24	1.50	0.193	0.0183	0.100	0	0	0	0.00478	0.100	0	0.440	0.100	0.300	0.0800	0	0.0123
248	1666.33	1.49992e-02	3.24	1.50	0.193	0.0182	0.100	0	0	0	0.00478	0.100	0	0.440	0.100	0.300	0.0800	0	0.0127
249	1668.94	1.73628e-02	3.24	1.50	0.193	0.0182	0.100	0	0	0	0.00479	0.100	0	0.440	0.100	0.300	0.0800	0	0.0161
250	1671.54	2.01572e-02	3.24	1.50	0.193	0.0182	0.100	0	0	0	0.00479	0.100	0	0.440	0.100	0.300	0.0800	0	0.0153
251	1674.13	2.34712e-02	3.24	1.50	0.193	0.0182	0.100	0	0	0	0.00479	0.100	0	0.440	0.100	0.300	0.0800	0	0.0204
252	1676.72	2.734e-02	3.24	1.50	0.193	0.0181	0.100	0	0	0	0.00479	0.100	0	0.440	0.100	0.300	0.0800	0	0.0236
253	1679.31	3.17394e-02	3.24	1.50	0.193	0.0181	0.100	0	0	0	0.00479	0.100	0	0.440	0.100	0.300	0.0800	0	0.0308
254	1681.89	3.68579e-02	3.24	1.50	0.193	0.0181	0.100	0	0	0	0.00479	0.100	0	0.440	0.100	0.300	0.0800	0	0.0314
255	1684.46	4.27258e-02	3.24	1.50	0.193	0.0180	0.100	0	0	0	0.00479	0.100	0	0.440	0.100	0.300	0.0800	0	0.0424
