# hypstar_220261_radcal_L_220426_swir.dat
# File was created 2022-04-26 15:58:31 UTC
#
# Calibrated by Joel Kuusk, Tartu Observatory, University of Tartu, 2022-04-26
#
# Applied corrections:
# nonlinearity	hypstar_220261_nonlin_corr_coefs_220105.dat
# wavelength	hypstar_220261_wl_coefs_220426.dat
# thermal	none
# stray light	none
#
# L [mW m-2 nm-1 sr-1] = DN / inttime_ms * 1000 * cal_coef
# Pixel counting starts from 0
#
# px	wl	cal_coef	u_cal_coef(k=2)	u_lamp(k=1)	u_aging(k=1)	u_power(k=1)	u_align_lamp(k=1)	u_panel(k=1)	u_interp_panel(k=1)	u_align_panel(k=1)	u_wl_source(k=1)	u_lab_stray(k=1)	u_panel_backrefl(k=1)	u_dist(k=1)	u_align(k=1)	u_temp(k=1)	u_lin(k=1)	u_stray(k=1)	u_typeA(k=1)
0	880.91	1.00899e-03	1.56	0.613	0.193	0.0345	0.100	0.150	0.100	0.100	0.000446	0.100	0.100	0.120	0.100	0.300	0.0800	0	0.0106
1	884.53	7.62593e-04	1.56	0.613	0.193	0.0344	0.100	0.150	0.100	0.100	0.000212	0.100	0.100	0.120	0.100	0.300	0.0800	0	0.00871
2	888.15	6.73021e-04	1.56	0.613	0.193	0.0342	0.100	0.150	0.100	0.100	0.0000252	0.100	0.100	0.120	0.100	0.300	0.0800	0	0.00821
3	891.77	6.3511e-04	1.56	0.613	0.193	0.0341	0.100	0.150	0.100	0.100	0.000349	0.100	0.100	0.120	0.100	0.300	0.0800	0	0.00754
4	895.38	6.10134e-04	1.56	0.613	0.193	0.0340	0.100	0.150	0.100	0.100	0.000590	0.100	0.100	0.120	0.100	0.300	0.0800	0	0.00715
5	898.99	5.87848e-04	1.56	0.613	0.193	0.0338	0.100	0.150	0.100	0.100	0.000833	0.100	0.100	0.120	0.100	0.300	0.0800	0	0.00704
6	902.59	5.63579e-04	3.64	1.76	0.193	0.0337	0.100	0.150	0.100	0.100	0.000176	0.100	0.100	0.120	0.100	0.300	0.0800	0	0.00594
7	906.20	5.42239e-04	3.64	1.76	0.193	0.0335	0.100	0.150	0.100	0.100	0.0000537	0.100	0.100	0.120	0.100	0.300	0.0800	0	0.00695
8	909.80	5.18459e-04	3.64	1.76	0.193	0.0334	0.100	0.150	0.100	0.100	0.0000662	0.100	0.100	0.120	0.100	0.300	0.0800	0	0.00636
9	913.40	4.91073e-04	3.64	1.76	0.193	0.0333	0.100	0.150	0.100	0.100	0.0000819	0.100	0.100	0.120	0.100	0.300	0.0800	0	0.00556
10	916.99	4.5665e-04	3.64	1.76	0.193	0.0332	0.100	0.150	0.100	0.100	0.000198	0.100	0.100	0.120	0.100	0.300	0.0800	0	0.00553
11	920.59	4.1717e-04	3.64	1.76	0.193	0.0330	0.100	0.150	0.100	0.100	0.000227	0.100	0.100	0.120	0.100	0.300	0.0800	0	0.00538
12	924.18	3.80808e-04	3.64	1.76	0.193	0.0329	0.100	0.150	0.100	0.100	0.000339	0.100	0.100	0.120	0.100	0.300	0.0800	0	0.00520
13	927.77	3.52916e-04	3.64	1.76	0.193	0.0328	0.100	0.150	0.100	0.100	0.000449	0.100	0.100	0.120	0.100	0.300	0.0800	0	0.00448
14	931.35	3.33931e-04	3.64	1.76	0.193	0.0326	0.100	0.150	0.100	0.100	0.000808	0.100	0.100	0.120	0.100	0.300	0.0800	0	0.00438
15	934.93	3.21482e-04	3.64	1.76	0.193	0.0325	0.100	0.150	0.100	0.100	0.000915	0.100	0.100	0.120	0.100	0.300	0.0800	0	0.00476
16	938.51	3.12678e-04	3.64	1.76	0.193	0.0324	0.100	0.150	0.100	0.100	0.00102	0.100	0.100	0.120	0.100	0.300	0.0800	0	0.00452
17	942.09	3.05915e-04	3.64	1.76	0.193	0.0323	0.100	0.150	0.100	0.100	0.000897	0.100	0.100	0.120	0.100	0.300	0.0800	0	0.00405
18	945.66	3.00456e-04	3.64	1.76	0.193	0.0321	0.100	0.150	0.100	0.100	0.000999	0.100	0.100	0.120	0.100	0.300	0.0800	0	0.00424
19	949.23	2.94821e-04	3.64	1.76	0.193	0.0320	0.100	0.150	0.100	0.100	0.00110	0.100	0.100	0.120	0.100	0.300	0.0800	0	0.00413
20	952.79	2.8962e-04	3.64	1.76	0.193	0.0319	0.100	0.150	0.100	0.100	0.00108	0.100	0.100	0.120	0.100	0.300	0.0800	0	0.00403
21	956.36	2.84554e-04	3.64	1.76	0.193	0.0318	0.100	0.150	0.100	0.100	0.00117	0.100	0.100	0.120	0.100	0.300	0.0800	0	0.00418
22	959.92	2.79047e-04	3.64	1.76	0.193	0.0317	0.100	0.150	0.100	0.100	0.00128	0.100	0.100	0.120	0.100	0.300	0.0800	0	0.00429
23	963.48	2.73285e-04	3.64	1.76	0.193	0.0316	0.100	0.150	0.100	0.100	0.00151	0.100	0.100	0.120	0.100	0.300	0.0800	0	0.00376
24	967.03	2.67477e-04	3.64	1.76	0.193	0.0314	0.100	0.150	0.100	0.100	0.00160	0.100	0.100	0.120	0.100	0.300	0.0800	0	0.00428
25	970.58	2.622e-04	3.64	1.76	0.193	0.0313	0.100	0.150	0.100	0.100	0.00183	0.100	0.100	0.120	0.100	0.300	0.0800	0	0.00404
26	974.13	2.56818e-04	3.64	1.76	0.193	0.0312	0.100	0.150	0.100	0.100	0.00192	0.100	0.100	0.120	0.100	0.300	0.0800	0	0.00437
27	977.68	2.51348e-04	3.64	1.76	0.193	0.0311	0.100	0.150	0.100	0.100	0.00201	0.100	0.100	0.120	0.100	0.300	0.0800	0	0.00378
28	981.22	2.45791e-04	3.64	1.76	0.193	0.0310	0.100	0.150	0.100	0.100	0.00199	0.100	0.100	0.120	0.100	0.300	0.0800	0	0.00372
29	984.76	2.40582e-04	3.64	1.76	0.193	0.0309	0.100	0.150	0.100	0.100	0.00208	0.100	0.100	0.120	0.100	0.300	0.0800	0	0.00382
30	988.30	2.36257e-04	3.64	1.76	0.193	0.0308	0.100	0.150	0.100	0.100	0.00216	0.100	0.100	0.120	0.100	0.300	0.0800	0	0.00382
31	991.83	2.32392e-04	3.64	1.76	0.193	0.0307	0.100	0.150	0.100	0.100	0.00203	0.100	0.100	0.120	0.100	0.300	0.0800	0	0.00391
32	995.36	2.28702e-04	3.64	1.76	0.193	0.0305	0.100	0.150	0.100	0.100	0.00211	0.100	0.100	0.120	0.100	0.300	0.0800	0	0.00375
33	998.89	2.24983e-04	3.64	1.76	0.193	0.0304	0.100	0.150	0.100	0.100	0.00219	0.100	0.100	0.120	0.100	0.300	0.0800	0	0.00372
34	1002.41	2.21932e-04	3.54	1.70	0.193	0.0303	0.100	0.150	0.100	0.100	0.00244	0.100	0.100	0.120	0.100	0.300	0.0800	0	0.00390
35	1005.93	2.18962e-04	3.40	1.63	0.193	0.0302	0.100	0.150	0.100	0.100	0.00252	0.100	0.100	0.120	0.100	0.300	0.0800	0	0.00354
36	1009.45	2.16994e-04	3.26	1.56	0.193	0.0301	0.100	0.150	0.100	0.100	0.00259	0.100	0.100	0.120	0.100	0.300	0.0800	0	0.00399
37	1012.96	2.1483e-04	3.24	1.54	0.193	0.0300	0.100	0.150	0.100	0.100	0.00281	0.100	0.100	0.120	0.100	0.300	0.0800	0	0.00348
38	1016.48	2.12702e-04	3.24	1.54	0.193	0.0299	0.100	0.150	0.100	0.100	0.00288	0.100	0.100	0.120	0.100	0.300	0.0800	0	0.00355
39	1019.98	2.10263e-04	3.24	1.54	0.193	0.0298	0.100	0.150	0.100	0.100	0.00292	0.100	0.100	0.120	0.100	0.300	0.0800	0	0.00374
40	1023.49	2.08649e-04	3.24	1.54	0.193	0.0297	0.100	0.150	0.100	0.100	0.00293	0.100	0.100	0.120	0.100	0.300	0.0800	0	0.00351
41	1026.99	2.07341e-04	3.24	1.54	0.193	0.0296	0.100	0.150	0.100	0.100	0.00300	0.100	0.100	0.120	0.100	0.300	0.0800	0	0.00379
42	1030.49	2.06285e-04	3.24	1.54	0.193	0.0295	0.100	0.150	0.100	0.100	0.00285	0.100	0.100	0.120	0.100	0.300	0.0800	0	0.00358
43	1033.99	2.05006e-04	3.24	1.54	0.193	0.0294	0.100	0.150	0.100	0.100	0.00292	0.100	0.100	0.120	0.100	0.300	0.0800	0	0.00334
44	1037.48	2.03637e-04	3.24	1.54	0.193	0.0293	0.100	0.150	0.100	0.100	0.00298	0.100	0.100	0.120	0.100	0.300	0.0800	0	0.00374
45	1040.97	2.02651e-04	3.24	1.54	0.193	0.0292	0.100	0.150	0.100	0.100	0.00307	0.100	0.100	0.120	0.100	0.300	0.0800	0	0.00336
46	1044.45	2.0162e-04	3.24	1.54	0.193	0.0291	0.100	0.150	0.100	0.100	0.00313	0.100	0.100	0.120	0.100	0.300	0.0800	0	0.00378
47	1047.93	2.01216e-04	3.24	1.54	0.193	0.0290	0.100	0.150	0.100	0.100	0.00320	0.100	0.100	0.120	0.100	0.300	0.0800	0	0.00368
48	1051.41	2.00737e-04	3.24	1.54	0.193	0.0289	0.100	0.150	0.100	0.100	0.00326	0.100	0.100	0.120	0.100	0.300	0.0800	0	0.00345
49	1054.89	1.99952e-04	3.24	1.54	0.193	0.0288	0.100	0.150	0.100	0.100	0.00332	0.100	0.100	0.120	0.100	0.300	0.0800	0	0.00371
50	1058.36	1.98992e-04	3.24	1.54	0.193	0.0287	0.100	0.150	0.100	0.100	0.00338	0.100	0.100	0.120	0.100	0.300	0.0800	0	0.00366
51	1061.83	1.97781e-04	3.24	1.54	0.193	0.0286	0.100	0.150	0.100	0.100	0.00361	0.100	0.100	0.120	0.100	0.300	0.0800	0	0.00379
52	1065.30	1.96715e-04	3.24	1.54	0.193	0.0285	0.100	0.150	0.100	0.100	0.00367	0.100	0.100	0.120	0.100	0.300	0.0800	0	0.00350
53	1068.76	1.95634e-04	3.24	1.54	0.193	0.0284	0.100	0.150	0.100	0.100	0.00373	0.100	0.100	0.120	0.100	0.300	0.0800	0	0.00403
54	1072.22	1.94132e-04	3.24	1.54	0.193	0.0284	0.100	0.150	0.100	0.100	0.00388	0.100	0.100	0.120	0.100	0.300	0.0800	0	0.00370
55	1075.67	1.92509e-04	3.24	1.54	0.193	0.0283	0.100	0.150	0.100	0.100	0.00393	0.100	0.100	0.120	0.100	0.300	0.0800	0	0.00333
56	1079.13	1.90431e-04	3.24	1.54	0.193	0.0282	0.100	0.150	0.100	0.100	0.00399	0.100	0.100	0.120	0.100	0.300	0.0800	0	0.00352
57	1082.58	1.8809e-04	3.24	1.54	0.193	0.0281	0.100	0.150	0.100	0.100	0.00325	0.100	0.100	0.120	0.100	0.300	0.0800	0	0.00370
58	1086.02	1.85735e-04	3.24	1.54	0.193	0.0280	0.100	0.150	0.100	0.100	0.00330	0.100	0.100	0.120	0.100	0.300	0.0800	0	0.00372
59	1089.46	1.8317e-04	3.24	1.54	0.193	0.0279	0.100	0.150	0.100	0.100	0.00335	0.100	0.100	0.120	0.100	0.300	0.0800	0	0.00371
60	1092.90	1.80431e-04	3.19	1.52	0.193	0.0278	0.100	0.150	0.100	0.100	0.00332	0.100	0.100	0.120	0.100	0.300	0.0800	0	0.00399
61	1096.34	1.77788e-04	3.13	1.49	0.193	0.0277	0.100	0.150	0.100	0.100	0.00337	0.100	0.100	0.120	0.100	0.300	0.0800	0	0.00333
62	1099.77	1.75296e-04	3.07	1.46	0.193	0.0276	0.100	0.150	0.100	0.100	0.00342	0.100	0.100	0.120	0.100	0.300	0.0800	0	0.00329
63	1103.20	1.72798e-04	3.06	1.46	0.193	0.0276	0.100	0.150	0.100	0.100	0.00415	0.100	0.100	0.120	0.100	0.300	0.0800	0	0.00307
64	1106.62	1.70043e-04	3.06	1.46	0.193	0.0275	0.100	0.150	0.100	0.100	0.00420	0.100	0.100	0.120	0.100	0.300	0.0800	0	0.00367
65	1110.04	1.67854e-04	3.06	1.46	0.193	0.0274	0.100	0.150	0.100	0.100	0.00427	0.100	0.100	0.120	0.100	0.300	0.0800	0	0.00339
66	1113.46	1.65907e-04	3.06	1.46	0.193	0.0273	0.100	0.150	0.100	0.100	0.00433	0.100	0.100	0.120	0.100	0.300	0.0800	0	0.00320
67	1116.88	1.64298e-04	3.06	1.46	0.193	0.0272	0.100	0.150	0.100	0.100	0.00437	0.100	0.100	0.120	0.100	0.300	0.0800	0	0.00339
68	1120.29	1.62735e-04	3.06	1.46	0.193	0.0271	0.100	0.150	0.100	0.100	0.00451	0.100	0.100	0.120	0.100	0.300	0.0800	0	0.00316
69	1123.69	1.61227e-04	3.06	1.46	0.193	0.0271	0.100	0.150	0.100	0.100	0.00455	0.100	0.100	0.120	0.100	0.300	0.0800	0	0.00330
70	1127.10	1.59733e-04	3.06	1.46	0.193	0.0270	0.100	0.150	0.100	0.100	0.00459	0.100	0.100	0.120	0.100	0.300	0.0800	0	0.00338
71	1130.50	1.5872e-04	3.06	1.46	0.193	0.0269	0.100	0.150	0.100	0.100	0.00468	0.100	0.100	0.120	0.100	0.300	0.0800	0	0.00352
72	1133.90	1.5817e-04	3.06	1.46	0.193	0.0268	0.100	0.150	0.100	0.100	0.00472	0.100	0.100	0.120	0.100	0.300	0.0800	0	0.00347
73	1137.29	1.58078e-04	3.06	1.46	0.193	0.0267	0.100	0.150	0.100	0.100	0.00476	0.100	0.100	0.120	0.100	0.300	0.0800	0	0.00338
74	1140.68	1.58132e-04	3.06	1.45	0.193	0.0267	0.100	0.150	0.100	0.100	0.00483	0.100	0.100	0.120	0.100	0.300	0.0800	0	0.00328
75	1144.06	1.58553e-04	3.06	1.45	0.193	0.0266	0.100	0.150	0.100	0.100	0.00487	0.100	0.100	0.120	0.100	0.300	0.0800	0	0.00308
76	1147.45	1.58935e-04	3.05	1.45	0.193	0.0265	0.100	0.150	0.100	0.100	0.00490	0.100	0.100	0.120	0.100	0.300	0.0800	0	0.00343
77	1150.83	1.59199e-04	3.05	1.44	0.193	0.0264	0.100	0.150	0.100	0.100	0.00519	0.100	0.100	0.120	0.100	0.300	0.0800	0	0.00333
78	1154.20	1.59442e-04	3.05	1.44	0.193	0.0263	0.100	0.150	0.100	0.100	0.00523	0.100	0.100	0.120	0.100	0.300	0.0800	0	0.00324
79	1157.57	1.5965e-04	3.05	1.44	0.193	0.0263	0.100	0.150	0.100	0.100	0.00526	0.100	0.100	0.120	0.100	0.300	0.0800	0	0.00320
80	1160.94	1.59804e-04	3.05	1.44	0.193	0.0262	0.100	0.150	0.100	0.100	0.00500	0.100	0.100	0.120	0.100	0.300	0.0800	0	0.00328
81	1164.30	1.60094e-04	3.05	1.44	0.193	0.0261	0.100	0.150	0.100	0.100	0.00503	0.100	0.100	0.120	0.100	0.300	0.0800	0	0.00352
82	1167.66	1.60147e-04	3.05	1.44	0.193	0.0260	0.100	0.150	0.100	0.100	0.00507	0.100	0.100	0.120	0.100	0.300	0.0800	0	0.00362
83	1171.02	1.60239e-04	3.05	1.44	0.193	0.0260	0.100	0.150	0.100	0.100	0.00479	0.100	0.100	0.120	0.100	0.300	0.0800	0	0.00312
84	1174.37	1.60066e-04	3.05	1.44	0.193	0.0259	0.100	0.150	0.100	0.100	0.00482	0.100	0.100	0.120	0.100	0.300	0.0800	0	0.00335
85	1177.72	1.59491e-04	3.05	1.44	0.193	0.0258	0.100	0.150	0.100	0.100	0.00486	0.100	0.100	0.120	0.100	0.300	0.0800	0	0.00342
86	1181.07	1.58357e-04	3.05	1.44	0.193	0.0257	0.100	0.150	0.100	0.100	0.00481	0.100	0.100	0.120	0.100	0.300	0.0800	0	0.00328
87	1184.41	1.57174e-04	3.05	1.44	0.193	0.0257	0.100	0.150	0.100	0.100	0.00485	0.100	0.100	0.120	0.100	0.300	0.0800	0	0.00329
88	1187.75	1.55735e-04	3.05	1.44	0.193	0.0256	0.100	0.150	0.100	0.100	0.00488	0.100	0.100	0.120	0.100	0.300	0.0800	0	0.00342
89	1191.08	1.5427e-04	3.05	1.44	0.193	0.0255	0.100	0.150	0.100	0.100	0.00509	0.100	0.100	0.120	0.100	0.300	0.0800	0	0.00320
90	1194.41	1.52668e-04	3.05	1.44	0.193	0.0255	0.100	0.150	0.100	0.100	0.00512	0.100	0.100	0.120	0.100	0.300	0.0800	0	0.00338
91	1197.74	1.51182e-04	3.05	1.44	0.193	0.0254	0.100	0.150	0.100	0.100	0.00515	0.100	0.100	0.120	0.100	0.300	0.0800	0	0.00342
92	1201.06	1.49845e-04	3.05	1.44	0.193	0.0253	0.100	0.150	0.100	0.100	0.00520	0.100	0.100	0.120	0.100	0.300	0.0800	0	0.00346
93	1204.38	1.48491e-04	3.05	1.44	0.193	0.0252	0.100	0.150	0.100	0.100	0.00523	0.100	0.100	0.120	0.100	0.300	0.0800	0	0.00331
94	1207.70	1.47469e-04	3.05	1.44	0.193	0.0252	0.100	0.150	0.100	0.100	0.00526	0.100	0.100	0.120	0.100	0.300	0.0800	0	0.00319
95	1211.01	1.46858e-04	3.05	1.44	0.193	0.0251	0.100	0.150	0.100	0.100	0.00527	0.100	0.100	0.120	0.100	0.300	0.0800	0	0.00330
96	1214.32	1.46462e-04	3.05	1.44	0.193	0.0250	0.100	0.150	0.100	0.100	0.00530	0.100	0.100	0.120	0.100	0.300	0.0800	0	0.00323
97	1217.62	1.4623e-04	3.05	1.44	0.193	0.0250	0.100	0.150	0.100	0.100	0.00533	0.100	0.100	0.120	0.100	0.300	0.0800	0	0.00307
98	1220.92	1.4587e-04	3.05	1.44	0.193	0.0249	0.100	0.150	0.100	0.100	0.00536	0.100	0.100	0.120	0.100	0.300	0.0800	0	0.00311
99	1224.22	1.45288e-04	3.05	1.44	0.193	0.0248	0.100	0.150	0.100	0.100	0.00539	0.100	0.100	0.120	0.100	0.300	0.0800	0	0.00348
100	1227.51	1.44776e-04	3.05	1.44	0.193	0.0248	0.100	0.150	0.100	0.100	0.00541	0.100	0.100	0.120	0.100	0.300	0.0800	0	0.00292
101	1230.80	1.44119e-04	3.05	1.44	0.193	0.0247	0.100	0.150	0.100	0.100	0.00542	0.100	0.100	0.120	0.100	0.300	0.0800	0	0.00332
102	1234.08	1.43485e-04	3.05	1.44	0.193	0.0246	0.100	0.150	0.100	0.100	0.00545	0.100	0.100	0.120	0.100	0.300	0.0800	0	0.00311
103	1237.36	1.43149e-04	3.05	1.44	0.193	0.0246	0.100	0.150	0.100	0.100	0.00547	0.100	0.100	0.120	0.100	0.300	0.0800	0	0.00324
104	1240.64	1.42836e-04	3.05	1.44	0.193	0.0245	0.100	0.150	0.100	0.100	0.00551	0.100	0.100	0.120	0.100	0.300	0.0800	0	0.00334
105	1243.91	1.42608e-04	3.05	1.44	0.193	0.0244	0.100	0.150	0.100	0.100	0.00554	0.100	0.100	0.120	0.100	0.300	0.0800	0	0.00297
106	1247.18	1.42763e-04	3.05	1.44	0.193	0.0244	0.100	0.150	0.100	0.100	0.00556	0.100	0.100	0.120	0.100	0.300	0.0800	0	0.00335
107	1250.45	1.43054e-04	3.05	1.44	0.193	0.0243	0.100	0.150	0.100	0.100	0.00570	0.100	0.100	0.120	0.100	0.300	0.0800	0	0.00353
108	1253.71	1.43244e-04	3.05	1.44	0.193	0.0242	0.100	0.150	0.100	0.100	0.00573	0.100	0.100	0.120	0.100	0.300	0.0800	0	0.00331
109	1256.96	1.43162e-04	3.05	1.44	0.193	0.0242	0.100	0.150	0.100	0.100	0.00575	0.100	0.100	0.120	0.100	0.300	0.0800	0	0.00328
110	1260.22	1.42907e-04	3.05	1.44	0.193	0.0241	0.100	0.150	0.100	0.100	0.00599	0.100	0.100	0.120	0.100	0.300	0.0800	0	0.00324
111	1263.47	1.42456e-04	3.05	1.44	0.193	0.0241	0.100	0.150	0.100	0.100	0.00601	0.100	0.100	0.120	0.100	0.300	0.0800	0	0.00323
112	1266.71	1.41816e-04	3.05	1.44	0.193	0.0240	0.100	0.150	0.100	0.100	0.00604	0.100	0.100	0.120	0.100	0.300	0.0800	0	0.00318
113	1269.95	1.41119e-04	3.05	1.44	0.193	0.0239	0.100	0.150	0.100	0.100	0.00601	0.100	0.100	0.120	0.100	0.300	0.0800	0	0.00331
114	1273.19	1.40343e-04	3.05	1.44	0.193	0.0239	0.100	0.150	0.100	0.100	0.00586	0.100	0.100	0.120	0.100	0.300	0.0800	0	0.00344
115	1276.42	1.39419e-04	3.05	1.44	0.193	0.0238	0.100	0.150	0.100	0.100	0.00588	0.100	0.100	0.120	0.100	0.300	0.0800	0	0.00322
116	1279.65	1.38574e-04	3.05	1.44	0.193	0.0238	0.100	0.150	0.100	0.100	0.00590	0.100	0.100	0.120	0.100	0.300	0.0800	0	0.00307
117	1282.87	1.37805e-04	3.05	1.44	0.193	0.0237	0.100	0.150	0.100	0.100	0.00592	0.100	0.100	0.120	0.100	0.300	0.0800	0	0.00332
118	1286.09	1.369e-04	3.05	1.44	0.193	0.0236	0.100	0.150	0.100	0.100	0.00594	0.100	0.100	0.120	0.100	0.300	0.0800	0	0.00301
119	1289.31	1.36098e-04	3.05	1.44	0.193	0.0236	0.100	0.150	0.100	0.100	0.00596	0.100	0.100	0.120	0.100	0.300	0.0800	0	0.00354
120	1292.52	1.35149e-04	3.05	1.44	0.193	0.0235	0.100	0.150	0.100	0.100	0.00621	0.100	0.100	0.120	0.100	0.300	0.0800	0	0.00300
121	1295.73	1.34235e-04	3.05	1.44	0.193	0.0235	0.100	0.150	0.100	0.100	0.00623	0.100	0.100	0.120	0.100	0.300	0.0800	0	0.00345
122	1298.93	1.33378e-04	3.05	1.44	0.193	0.0234	0.100	0.150	0.100	0.100	0.00625	0.100	0.100	0.120	0.100	0.300	0.0800	0	0.00317
123	1302.13	1.32758e-04	3.05	1.44	0.193	0.0233	0.100	0.150	0.100	0.100	0.00605	0.100	0.100	0.120	0.100	0.300	0.0800	0	0.00343
124	1305.33	1.32109e-04	3.05	1.44	0.193	0.0233	0.100	0.150	0.100	0.100	0.00607	0.100	0.100	0.120	0.100	0.300	0.0800	0	0.00332
125	1308.52	1.31629e-04	3.05	1.44	0.193	0.0232	0.100	0.150	0.100	0.100	0.00609	0.100	0.100	0.120	0.100	0.300	0.0800	0	0.00330
126	1311.71	1.31178e-04	3.05	1.44	0.193	0.0232	0.100	0.150	0.100	0.100	0.00597	0.100	0.100	0.120	0.100	0.300	0.0800	0	0.00320
127	1314.89	1.30745e-04	3.05	1.44	0.193	0.0231	0.100	0.150	0.100	0.100	0.00599	0.100	0.100	0.120	0.100	0.300	0.0800	0	0.00337
128	1318.07	1.30498e-04	3.05	1.44	0.193	0.0231	0.100	0.150	0.100	0.100	0.00601	0.100	0.100	0.120	0.100	0.300	0.0800	0	0.00324
129	1321.25	1.30135e-04	3.05	1.44	0.193	0.0230	0.100	0.150	0.100	0.100	0.00602	0.100	0.100	0.120	0.100	0.300	0.0800	0	0.00312
130	1324.42	1.29745e-04	3.05	1.44	0.193	0.0230	0.100	0.150	0.100	0.100	0.00603	0.100	0.100	0.120	0.100	0.300	0.0800	0	0.00321
131	1327.58	1.29171e-04	3.05	1.44	0.193	0.0229	0.100	0.150	0.100	0.100	0.00605	0.100	0.100	0.120	0.100	0.300	0.0800	0	0.00326
132	1330.74	1.28484e-04	3.05	1.44	0.193	0.0228	0.100	0.150	0.100	0.100	0.00620	0.100	0.100	0.120	0.100	0.300	0.0800	0	0.00311
133	1333.90	1.27856e-04	3.05	1.44	0.193	0.0228	0.100	0.150	0.100	0.100	0.00621	0.100	0.100	0.120	0.100	0.300	0.0800	0	0.00356
134	1337.06	1.27156e-04	3.05	1.44	0.193	0.0227	0.100	0.150	0.100	0.100	0.00623	0.100	0.100	0.120	0.100	0.300	0.0800	0	0.00317
135	1340.21	1.26808e-04	3.05	1.44	0.193	0.0227	0.100	0.150	0.100	0.100	0.00660	0.100	0.100	0.120	0.100	0.300	0.0800	0	0.00319
136	1343.35	1.26491e-04	3.05	1.44	0.193	0.0226	0.100	0.150	0.100	0.100	0.00661	0.100	0.100	0.120	0.100	0.300	0.0800	0	0.00340
137	1346.49	1.26523e-04	3.05	1.44	0.193	0.0226	0.100	0.150	0.100	0.100	0.00663	0.100	0.100	0.120	0.100	0.300	0.0800	0	0.00341
138	1349.63	1.27185e-04	3.05	1.44	0.193	0.0225	0.100	0.150	0.100	0.100	0.00665	0.100	0.100	0.120	0.100	0.300	0.0800	0	0.00309
139	1352.76	1.27857e-04	3.05	1.44	0.193	0.0225	0.100	0.150	0.100	0.100	0.00679	0.100	0.100	0.120	0.100	0.300	0.0800	0	0.00314
140	1355.89	1.28798e-04	3.05	1.44	0.193	0.0224	0.100	0.150	0.100	0.100	0.00680	0.100	0.100	0.120	0.100	0.300	0.0800	0	0.00318
141	1359.01	1.29956e-04	3.05	1.44	0.193	0.0224	0.100	0.150	0.100	0.100	0.00682	0.100	0.100	0.120	0.100	0.300	0.0800	0	0.00320
142	1362.13	1.30559e-04	3.05	1.44	0.193	0.0223	0.100	0.150	0.100	0.100	0.00670	0.100	0.100	0.120	0.100	0.300	0.0800	0	0.00306
143	1365.24	1.30927e-04	3.05	1.44	0.193	0.0223	0.100	0.150	0.100	0.100	0.00671	0.100	0.100	0.120	0.100	0.300	0.0800	0	0.00317
144	1368.35	1.31131e-04	3.05	1.44	0.193	0.0222	0.100	0.150	0.100	0.100	0.00673	0.100	0.100	0.120	0.100	0.300	0.0800	0	0.00315
145	1371.46	1.31444e-04	3.05	1.44	0.193	0.0222	0.100	0.150	0.100	0.100	0.00653	0.100	0.100	0.120	0.100	0.300	0.0800	0	0.00329
146	1374.56	1.32298e-04	3.05	1.44	0.193	0.0221	0.100	0.150	0.100	0.100	0.00654	0.100	0.100	0.120	0.100	0.300	0.0800	0	0.00349
147	1377.66	1.33892e-04	3.05	1.44	0.193	0.0221	0.100	0.150	0.100	0.100	0.00656	0.100	0.100	0.120	0.100	0.300	0.0800	0	0.00329
148	1380.75	1.3584e-04	3.05	1.44	0.193	0.0220	0.100	0.150	0.100	0.100	0.00667	0.100	0.100	0.120	0.100	0.300	0.0800	0	0.00346
149	1383.84	1.37257e-04	3.05	1.44	0.193	0.0220	0.100	0.150	0.100	0.100	0.00669	0.100	0.100	0.120	0.100	0.300	0.0800	0	0.00363
150	1386.92	1.37604e-04	3.05	1.44	0.193	0.0219	0.100	0.150	0.100	0.100	0.00670	0.100	0.100	0.120	0.100	0.300	0.0800	0	0.00324
151	1390.00	1.38257e-04	3.05	1.45	0.193	0.0219	0.100	0.150	0.100	0.100	0.00661	0.100	0.100	0.120	0.100	0.300	0.0800	0	0.00351
152	1393.08	1.39083e-04	3.06	1.45	0.193	0.0218	0.100	0.150	0.100	0.100	0.00653	0.100	0.100	0.120	0.100	0.300	0.0800	0	0.00356
153	1396.15	1.39922e-04	3.08	1.46	0.193	0.0218	0.100	0.150	0.100	0.100	0.00654	0.100	0.100	0.120	0.100	0.300	0.0800	0	0.00328
154	1399.21	1.40454e-04	3.10	1.47	0.193	0.0217	0.100	0.150	0.100	0.100	0.00656	0.100	0.100	0.120	0.100	0.300	0.0800	0	0.00340
155	1402.28	1.40897e-04	3.10	1.48	0.193	0.0217	0.100	0.150	0.100	0.100	0.00643	0.100	0.100	0.120	0.100	0.300	0.0800	0	0.00356
156	1405.33	1.4114e-04	3.11	1.48	0.193	0.0216	0.100	0.150	0.100	0.100	0.00644	0.100	0.100	0.120	0.100	0.300	0.0800	0	0.00349
157	1408.39	1.41137e-04	3.11	1.48	0.193	0.0216	0.100	0.150	0.100	0.100	0.00646	0.100	0.100	0.120	0.100	0.300	0.0800	0	0.00381
158	1411.43	1.40847e-04	3.11	1.48	0.193	0.0215	0.100	0.150	0.100	0.100	0.00649	0.100	0.100	0.120	0.100	0.300	0.0800	0	0.00350
159	1414.48	1.40601e-04	3.11	1.48	0.193	0.0215	0.100	0.150	0.100	0.100	0.00650	0.100	0.100	0.120	0.100	0.300	0.0800	0	0.00356
160	1417.52	1.40362e-04	3.11	1.48	0.193	0.0214	0.100	0.150	0.100	0.100	0.00651	0.100	0.100	0.120	0.100	0.300	0.0800	0	0.00315
161	1420.55	1.40148e-04	3.11	1.48	0.193	0.0214	0.100	0.150	0.100	0.100	0.00653	0.100	0.100	0.120	0.100	0.300	0.0800	0	0.00374
162	1423.58	1.39793e-04	3.11	1.48	0.193	0.0214	0.100	0.150	0.100	0.100	0.00654	0.100	0.100	0.120	0.100	0.300	0.0800	0	0.00358
163	1426.61	1.39877e-04	3.11	1.48	0.193	0.0213	0.100	0.150	0.100	0.100	0.00656	0.100	0.100	0.120	0.100	0.300	0.0800	0	0.00381
164	1429.63	1.39719e-04	3.11	1.48	0.193	0.0213	0.100	0.150	0.100	0.100	0.00657	0.100	0.100	0.120	0.100	0.300	0.0800	0	0.00368
165	1432.64	1.39555e-04	3.11	1.48	0.193	0.0212	0.100	0.150	0.100	0.100	0.00658	0.100	0.100	0.120	0.100	0.300	0.0800	0	0.00388
166	1435.65	1.39534e-04	3.11	1.48	0.193	0.0212	0.100	0.150	0.100	0.100	0.00659	0.100	0.100	0.120	0.100	0.300	0.0800	0	0.00345
167	1438.66	1.39347e-04	3.11	1.48	0.193	0.0211	0.100	0.150	0.100	0.100	0.00660	0.100	0.100	0.120	0.100	0.300	0.0800	0	0.00371
168	1441.66	1.39449e-04	3.10	1.47	0.193	0.0211	0.100	0.150	0.100	0.100	0.00662	0.100	0.100	0.120	0.100	0.300	0.0800	0	0.00347
169	1444.66	1.39451e-04	3.08	1.46	0.193	0.0210	0.100	0.150	0.100	0.100	0.00663	0.100	0.100	0.120	0.100	0.300	0.0800	0	0.00360
170	1447.65	1.39498e-04	3.06	1.45	0.193	0.0210	0.100	0.150	0.100	0.100	0.00664	0.100	0.100	0.120	0.100	0.300	0.0800	0	0.00355
171	1450.64	1.39571e-04	3.05	1.45	0.193	0.0210	0.100	0.150	0.100	0.100	0.00665	0.100	0.100	0.120	0.100	0.300	0.0800	0	0.00354
172	1453.62	1.39873e-04	3.09	1.47	0.193	0.0209	0.100	0.150	0.100	0.100	0.00666	0.100	0.100	0.120	0.100	0.300	0.0800	0	0.00371
173	1456.60	1.40237e-04	3.12	1.48	0.193	0.0209	0.100	0.150	0.100	0.100	0.00667	0.100	0.100	0.120	0.100	0.300	0.0800	0	0.00394
174	1459.58	1.40612e-04	3.15	1.50	0.193	0.0208	0.100	0.150	0.100	0.100	0.00668	0.100	0.100	0.120	0.100	0.300	0.0800	0	0.00381
175	1462.55	1.41249e-04	3.16	1.51	0.193	0.0208	0.100	0.150	0.100	0.100	0.00670	0.100	0.100	0.120	0.100	0.300	0.0800	0	0.00343
176	1465.51	1.41807e-04	3.16	1.51	0.193	0.0207	0.100	0.150	0.100	0.100	0.00671	0.100	0.100	0.120	0.100	0.300	0.0800	0	0.00332
177	1468.47	1.42437e-04	3.17	1.51	0.193	0.0207	0.100	0.150	0.100	0.100	0.00672	0.100	0.100	0.120	0.100	0.300	0.0800	0	0.00336
178	1471.43	1.42955e-04	3.17	1.51	0.193	0.0207	0.100	0.150	0.100	0.100	0.00673	0.100	0.100	0.120	0.100	0.300	0.0800	0	0.00371
179	1474.38	1.43677e-04	3.17	1.51	0.193	0.0206	0.100	0.150	0.100	0.100	0.00674	0.100	0.100	0.120	0.100	0.300	0.0800	0	0.00362
180	1477.32	1.44129e-04	3.17	1.51	0.193	0.0206	0.100	0.150	0.100	0.100	0.00675	0.100	0.100	0.120	0.100	0.300	0.0800	0	0.00361
181	1480.26	1.44737e-04	3.17	1.51	0.193	0.0205	0.100	0.150	0.100	0.100	0.00676	0.100	0.100	0.120	0.100	0.300	0.0800	0	0.00371
182	1483.20	1.45282e-04	3.17	1.51	0.193	0.0205	0.100	0.150	0.100	0.100	0.00677	0.100	0.100	0.120	0.100	0.300	0.0800	0	0.00391
183	1486.13	1.45607e-04	3.16	1.51	0.193	0.0205	0.100	0.150	0.100	0.100	0.00678	0.100	0.100	0.120	0.100	0.300	0.0800	0	0.00395
184	1489.06	1.46124e-04	3.16	1.51	0.193	0.0204	0.100	0.150	0.100	0.100	0.00679	0.100	0.100	0.120	0.100	0.300	0.0800	0	0.00379
185	1491.98	1.46835e-04	3.15	1.50	0.193	0.0204	0.100	0.150	0.100	0.100	0.00679	0.100	0.100	0.120	0.100	0.300	0.0800	0	0.00375
186	1494.89	1.47339e-04	3.15	1.50	0.193	0.0203	0.100	0.150	0.100	0.100	0.00680	0.100	0.100	0.120	0.100	0.300	0.0800	0	0.00402
187	1497.81	1.48215e-04	3.14	1.49	0.193	0.0203	0.100	0.150	0.100	0.100	0.00681	0.100	0.100	0.120	0.100	0.300	0.0800	0	0.00393
188	1500.71	1.48935e-04	3.13	1.49	0.193	0.0203	0.100	0.150	0.100	0.100	0.00680	0.100	0.100	0.120	0.100	0.300	0.0800	0	0.00381
189	1503.62	1.49704e-04	3.13	1.49	0.193	0.0202	0.100	0.150	0.100	0.100	0.00681	0.100	0.100	0.120	0.100	0.300	0.0800	0	0.00380
190	1506.51	1.5053e-04	3.13	1.49	0.193	0.0202	0.100	0.150	0.100	0.100	0.00682	0.100	0.100	0.120	0.100	0.300	0.0800	0	0.00393
191	1509.41	1.51416e-04	3.13	1.49	0.193	0.0201	0.100	0.150	0.100	0.100	0.00683	0.100	0.100	0.120	0.100	0.300	0.0800	0	0.00421
192	1512.29	1.5208e-04	3.13	1.49	0.193	0.0201	0.100	0.150	0.100	0.100	0.00699	0.100	0.100	0.120	0.100	0.300	0.0800	0	0.00369
193	1515.18	1.52961e-04	3.13	1.49	0.193	0.0201	0.100	0.150	0.100	0.100	0.00700	0.100	0.100	0.120	0.100	0.300	0.0800	0	0.00375
194	1518.05	1.53868e-04	3.13	1.49	0.193	0.0200	0.100	0.150	0.100	0.100	0.00701	0.100	0.100	0.120	0.100	0.300	0.0800	0	0.00384
195	1520.93	1.54732e-04	3.13	1.49	0.193	0.0200	0.100	0.150	0.100	0.100	0.00723	0.100	0.100	0.120	0.100	0.300	0.0800	0	0.00433
196	1523.79	1.5554e-04	3.13	1.49	0.193	0.0200	0.100	0.150	0.100	0.100	0.00723	0.100	0.100	0.120	0.100	0.300	0.0800	0	0.00360
197	1526.66	1.56296e-04	3.13	1.49	0.193	0.0199	0.100	0.150	0.100	0.100	0.00724	0.100	0.100	0.120	0.100	0.300	0.0800	0	0.00428
198	1529.52	1.57005e-04	3.13	1.49	0.193	0.0199	0.100	0.150	0.100	0.100	0.00725	0.100	0.100	0.120	0.100	0.300	0.0800	0	0.00411
199	1532.37	1.58014e-04	3.13	1.49	0.193	0.0198	0.100	0.150	0.100	0.100	0.00704	0.100	0.100	0.120	0.100	0.300	0.0800	0	0.00419
200	1535.22	1.58959e-04	3.13	1.49	0.193	0.0198	0.100	0.150	0.100	0.100	0.00704	0.100	0.100	0.120	0.100	0.300	0.0800	0	0.00404
201	1538.06	1.59901e-04	3.13	1.49	0.193	0.0198	0.100	0.150	0.100	0.100	0.00705	0.100	0.100	0.120	0.100	0.300	0.0800	0	0.00383
202	1540.90	1.60872e-04	3.13	1.49	0.193	0.0197	0.100	0.150	0.100	0.100	0.00691	0.100	0.100	0.120	0.100	0.300	0.0800	0	0.00407
203	1543.73	1.62061e-04	3.11	1.48	0.193	0.0197	0.100	0.150	0.100	0.100	0.00692	0.100	0.100	0.120	0.100	0.300	0.0800	0	0.00424
204	1546.56	1.63167e-04	3.09	1.47	0.193	0.0197	0.100	0.150	0.100	0.100	0.00692	0.100	0.100	0.120	0.100	0.300	0.0800	0	0.00437
205	1549.38	1.64189e-04	3.07	1.46	0.193	0.0196	0.100	0.150	0.100	0.100	0.00693	0.100	0.100	0.120	0.100	0.300	0.0800	0	0.00474
206	1552.20	1.65434e-04	3.06	1.46	0.193	0.0196	0.100	0.150	0.100	0.100	0.00711	0.100	0.100	0.120	0.100	0.300	0.0800	0	0.00422
207	1555.01	1.6645e-04	3.06	1.46	0.193	0.0195	0.100	0.150	0.100	0.100	0.00712	0.100	0.100	0.120	0.100	0.300	0.0800	0	0.00435
208	1557.82	1.67537e-04	3.06	1.46	0.193	0.0195	0.100	0.150	0.100	0.100	0.00712	0.100	0.100	0.120	0.100	0.300	0.0800	0	0.00464
209	1560.62	1.6862e-04	3.06	1.46	0.193	0.0195	0.100	0.150	0.100	0.100	0.00736	0.100	0.100	0.120	0.100	0.300	0.0800	0	0.00437
210	1563.42	1.69526e-04	3.06	1.46	0.193	0.0194	0.100	0.150	0.100	0.100	0.00737	0.100	0.100	0.120	0.100	0.300	0.0800	0	0.00400
211	1566.21	1.70723e-04	3.06	1.46	0.193	0.0194	0.100	0.150	0.100	0.100	0.00738	0.100	0.100	0.120	0.100	0.300	0.0800	0	0.00424
212	1569.00	1.71836e-04	3.06	1.46	0.193	0.0194	0.100	0.150	0.100	0.100	0.00738	0.100	0.100	0.120	0.100	0.300	0.0800	0	0.00418
213	1571.78	1.73136e-04	3.06	1.46	0.193	0.0193	0.100	0.150	0.100	0.100	0.00693	0.100	0.100	0.120	0.100	0.300	0.0800	0	0.00518
214	1574.56	1.74154e-04	3.06	1.46	0.193	0.0193	0.100	0.150	0.100	0.100	0.00693	0.100	0.100	0.120	0.100	0.300	0.0800	0	0.00465
215	1577.33	1.7553e-04	3.06	1.46	0.193	0.0193	0.100	0.150	0.100	0.100	0.00694	0.100	0.100	0.120	0.100	0.300	0.0800	0	0.00482
216	1580.10	1.76978e-04	3.06	1.46	0.193	0.0192	0.100	0.150	0.100	0.100	0.00688	0.100	0.100	0.120	0.100	0.300	0.0800	0	0.00458
217	1582.86	1.78377e-04	3.06	1.46	0.193	0.0192	0.100	0.150	0.100	0.100	0.00688	0.100	0.100	0.120	0.100	0.300	0.0800	0	0.00466
218	1585.62	1.7977e-04	3.06	1.46	0.193	0.0192	0.100	0.150	0.100	0.100	0.00689	0.100	0.100	0.120	0.100	0.300	0.0800	0	0.00432
219	1588.37	1.81519e-04	3.06	1.46	0.193	0.0191	0.100	0.150	0.100	0.100	0.00690	0.100	0.100	0.120	0.100	0.300	0.0800	0	0.00468
220	1591.12	1.833e-04	3.06	1.45	0.193	0.0191	0.100	0.150	0.100	0.100	0.00736	0.100	0.100	0.120	0.100	0.300	0.0800	0	0.00479
221	1593.86	1.85028e-04	3.06	1.45	0.193	0.0191	0.100	0.150	0.100	0.100	0.00736	0.100	0.100	0.120	0.100	0.300	0.0800	0	0.00504
222	1596.59	1.86855e-04	3.06	1.45	0.193	0.0190	0.100	0.150	0.100	0.100	0.00737	0.100	0.100	0.120	0.100	0.300	0.0800	0	0.00465
223	1599.32	1.8856e-04	3.06	1.45	0.193	0.0190	0.100	0.150	0.100	0.100	0.00737	0.100	0.100	0.120	0.100	0.300	0.0800	0	0.00533
224	1602.05	1.90329e-04	3.08	1.46	0.193	0.0190	0.100	0.150	0.100	0.100	0.00751	0.100	0.100	0.120	0.100	0.300	0.0800	0	0.00484
225	1604.77	1.92089e-04	3.10	1.48	0.193	0.0189	0.100	0.150	0.100	0.100	0.00752	0.100	0.100	0.120	0.100	0.300	0.0800	0	0.00498
226	1607.48	1.94036e-04	3.13	1.49	0.193	0.0189	0.100	0.150	0.100	0.100	0.00752	0.100	0.100	0.120	0.100	0.300	0.0800	0	0.00476
227	1610.19	1.95843e-04	3.16	1.50	0.193	0.0189	0.100	0.150	0.100	0.100	0.00736	0.100	0.100	0.120	0.100	0.300	0.0800	0	0.00468
228	1612.90	1.97919e-04	3.16	1.50	0.193	0.0188	0.100	0.150	0.100	0.100	0.00737	0.100	0.100	0.120	0.100	0.300	0.0800	0	0.00586
229	1615.60	1.99733e-04	3.16	1.50	0.193	0.0188	0.100	0.150	0.100	0.100	0.00737	0.100	0.100	0.120	0.100	0.300	0.0800	0	0.00501
230	1618.29	2.01828e-04	3.16	1.50	0.193	0.0188	0.100	0.150	0.100	0.100	0.00738	0.100	0.100	0.120	0.100	0.300	0.0800	0	0.00511
231	1620.98	2.03931e-04	3.16	1.50	0.193	0.0188	0.100	0.150	0.100	0.100	0.00747	0.100	0.100	0.120	0.100	0.300	0.0800	0	0.00553
232	1623.66	2.06255e-04	3.16	1.50	0.193	0.0187	0.100	0.150	0.100	0.100	0.00747	0.100	0.100	0.120	0.100	0.300	0.0800	0	0.00474
233	1626.34	2.08529e-04	3.16	1.50	0.193	0.0187	0.100	0.150	0.100	0.100	0.00747	0.100	0.100	0.120	0.100	0.300	0.0800	0	0.00489
234	1629.01	2.11167e-04	3.16	1.50	0.193	0.0187	0.100	0.150	0.100	0.100	0.00748	0.100	0.100	0.120	0.100	0.300	0.0800	0	0.00518
235	1631.68	2.13969e-04	3.16	1.50	0.193	0.0186	0.100	0.150	0.100	0.100	0.00794	0.100	0.100	0.120	0.100	0.300	0.0800	0	0.00533
236	1634.34	2.16857e-04	3.16	1.50	0.193	0.0186	0.100	0.150	0.100	0.100	0.00795	0.100	0.100	0.120	0.100	0.300	0.0800	0	0.00565
237	1637.00	2.20108e-04	3.16	1.50	0.193	0.0186	0.100	0.150	0.100	0.100	0.00795	0.100	0.100	0.120	0.100	0.300	0.0800	0	0.00529
238	1639.65	2.24171e-04	3.16	1.50	0.193	0.0185	0.100	0.150	0.100	0.100	0.00795	0.100	0.100	0.120	0.100	0.300	0.0800	0	0.00577
239	1642.30	2.28567e-04	3.16	1.50	0.193	0.0185	0.100	0.150	0.100	0.100	0.00838	0.100	0.100	0.120	0.100	0.300	0.0800	0	0.00648
240	1644.94	2.33889e-04	3.16	1.50	0.193	0.0185	0.100	0.150	0.100	0.100	0.00838	0.100	0.100	0.120	0.100	0.300	0.0800	0	0.00617
241	1647.57	2.41071e-04	3.16	1.50	0.193	0.0185	0.100	0.150	0.100	0.100	0.00839	0.100	0.100	0.120	0.100	0.300	0.0800	0	0.00595
242	1650.20	2.50237e-04	3.18	1.50	0.193	0.0184	0.100	0.250	0.100	0.100	0.00781	0.100	0.100	0.120	0.100	0.300	0.0800	0	0.00661
243	1652.82	2.62859e-04	3.18	1.50	0.193	0.0184	0.100	0.250	0.100	0.100	0.00781	0.100	0.100	0.120	0.100	0.300	0.0800	0	0.00725
244	1655.44	2.8058e-04	3.18	1.50	0.193	0.0184	0.100	0.250	0.100	0.100	0.00781	0.100	0.100	0.120	0.100	0.300	0.0800	0	0.00748
245	1658.06	3.04759e-04	3.18	1.50	0.193	0.0183	0.100	0.250	0.100	0.100	0.00782	0.100	0.100	0.120	0.100	0.300	0.0800	0	0.00857
246	1660.66	3.36248e-04	3.18	1.50	0.193	0.0183	0.100	0.250	0.100	0.100	0.00831	0.100	0.100	0.120	0.100	0.300	0.0800	0	0.0103
247	1663.27	3.77662e-04	3.18	1.50	0.193	0.0183	0.100	0.250	0.100	0.100	0.00831	0.100	0.100	0.120	0.100	0.300	0.0800	0	0.0104
248	1665.86	4.30367e-04	3.18	1.50	0.193	0.0182	0.100	0.250	0.100	0.100	0.00831	0.100	0.100	0.120	0.100	0.300	0.0800	0	0.0113
249	1668.45	4.96055e-04	3.18	1.50	0.193	0.0182	0.100	0.250	0.100	0.100	0.00832	0.100	0.100	0.120	0.100	0.300	0.0800	0	0.0135
250	1671.04	5.74592e-04	3.18	1.50	0.193	0.0182	0.100	0.250	0.100	0.100	0.00942	0.100	0.100	0.120	0.100	0.300	0.0800	0	0.0142
251	1673.62	6.6673e-04	3.19	1.50	0.193	0.0182	0.100	0.250	0.100	0.100	0.00942	0.100	0.100	0.120	0.100	0.300	0.0800	0	0.0177
252	1676.20	7.74246e-04	3.19	1.50	0.193	0.0181	0.100	0.250	0.100	0.100	0.00943	0.100	0.100	0.120	0.100	0.300	0.0800	0	0.0191
253	1678.76	8.97303e-04	3.19	1.50	0.193	0.0181	0.100	0.250	0.100	0.100	0.00943	0.100	0.100	0.120	0.100	0.300	0.0800	0	0.0221
254	1681.33	1.03636e-03	3.19	1.50	0.193	0.0181	0.100	0.250	0.100	0.100	0.00760	0.100	0.100	0.120	0.100	0.300	0.0800	0	0.0248
255	1683.89	1.19683e-03	3.19	1.50	0.193	0.0181	0.100	0.250	0.100	0.100	0.00760	0.100	0.100	0.120	0.100	0.300	0.0800	0	0.0250
