# hypstar_221232_radcal_L_211005_swir.dat
# Calibrated by Joel Kuusk, Tartu Observatory, University of Tartu, 2021-10-05
#
# Applied corrections:
# nonlinearity	hypstar_221232_nonlin_corr_coefs_210715.dat
# wavelength	hypstar_221232_wl_coefs_210714.dat
# thermal	none
# stray light	none
#
# L [mW m-2 nm-1 sr-1] = DN / inttime_ms * 1000 * cal_coef
# Pixel counting starts from 0
#
# px	wl	cal_coef	u_cal_coef(k=2)	u_lamp(k=1)	u_aging(k=1)	u_power(k=1)	u_align_lamp(k=1)	u_panel(k=1)	u_interp_panel(k=1)	u_align_panel(k=1)	u_wl_source(k=1)	u_lab_stray(k=1)	u_panel_backrefl(k=1)	u_dist(k=1)	u_align(k=1)	u_temp(k=1)	u_lin(k=1)	u_stray(k=1)	u_typeA(k=1)
0	882.09	6.779e-04	1.61	0.613	0.102	0.0345	0.100	0.305	0.100	0.100	0.000611	0.100	0.100	0.120	0.100	0.300	0.0600	0	0.0103
1	885.71	5.26989e-04	1.61	0.613	0.102	0.0343	0.100	0.305	0.100	0.100	0.000250	0.100	0.100	0.120	0.100	0.300	0.0600	0	0.00726
2	889.32	4.93124e-04	1.61	0.613	0.102	0.0342	0.100	0.305	0.100	0.100	0.000128	0.100	0.100	0.120	0.100	0.300	0.0600	0	0.00755
3	892.92	4.7095e-04	1.61	0.613	0.102	0.0340	0.100	0.305	0.100	0.100	0.000507	0.100	0.100	0.120	0.100	0.300	0.0600	0	0.00707
4	896.53	4.50252e-04	1.61	0.613	0.102	0.0339	0.100	0.305	0.100	0.100	0.000899	0.100	0.100	0.120	0.100	0.300	0.0600	0	0.00680
5	900.13	4.2818e-04	3.67	1.76	0.102	0.0338	0.100	0.305	0.100	0.100	0.135	0.100	0.100	0.120	0.100	0.300	0.0600	0	0.00652
6	903.73	4.09325e-04	3.66	1.76	0.102	0.0336	0.100	0.305	0.100	0.100	0.000196	0.100	0.100	0.120	0.100	0.300	0.0600	0	0.00631
7	907.33	3.89401e-04	3.66	1.76	0.102	0.0335	0.100	0.305	0.100	0.100	0.00000776	0.100	0.100	0.120	0.100	0.300	0.0600	0	0.00597
8	910.92	3.66524e-04	3.66	1.76	0.102	0.0334	0.100	0.305	0.100	0.100	0.000198	0.100	0.100	0.120	0.100	0.300	0.0600	0	0.00575
9	914.51	3.38362e-04	3.66	1.76	0.102	0.0332	0.100	0.305	0.100	0.100	0.000384	0.100	0.100	0.120	0.100	0.300	0.0600	0	0.00496
10	918.10	3.03041e-04	3.66	1.76	0.102	0.0331	0.100	0.305	0.100	0.100	0.000553	0.100	0.100	0.120	0.100	0.300	0.0600	0	0.00476
11	921.69	2.68936e-04	3.66	1.76	0.102	0.0330	0.100	0.305	0.100	0.100	0.000688	0.100	0.100	0.120	0.100	0.300	0.0600	0	0.00431
12	925.27	2.44342e-04	3.66	1.76	0.102	0.0329	0.100	0.305	0.100	0.100	0.000768	0.100	0.100	0.120	0.100	0.300	0.0600	0	0.00409
13	928.85	2.28774e-04	3.66	1.76	0.102	0.0327	0.100	0.305	0.100	0.100	0.000832	0.100	0.100	0.120	0.100	0.300	0.0600	0	0.00389
14	932.43	2.17896e-04	3.66	1.76	0.102	0.0326	0.100	0.305	0.100	0.100	0.000820	0.100	0.100	0.120	0.100	0.300	0.0600	0	0.00391
15	936.00	2.09157e-04	3.66	1.76	0.102	0.0325	0.100	0.305	0.100	0.100	0.000784	0.100	0.100	0.120	0.100	0.300	0.0600	0	0.00365
16	939.58	2.02907e-04	3.66	1.76	0.102	0.0324	0.100	0.305	0.100	0.100	0.000721	0.100	0.100	0.120	0.100	0.300	0.0600	0	0.00364
17	943.15	1.98809e-04	3.66	1.76	0.102	0.0322	0.100	0.305	0.100	0.100	0.000684	0.100	0.100	0.120	0.100	0.300	0.0600	0	0.00348
18	946.72	1.95293e-04	3.66	1.76	0.102	0.0321	0.100	0.305	0.100	0.100	0.000747	0.100	0.100	0.120	0.100	0.300	0.0600	0	0.00357
19	950.28	1.92101e-04	3.66	1.76	0.102	0.0320	0.100	0.305	0.100	0.100	0.000856	0.100	0.100	0.120	0.100	0.300	0.0600	0	0.00325
20	953.84	1.89472e-04	3.66	1.76	0.102	0.0319	0.100	0.305	0.100	0.100	0.00103	0.100	0.100	0.120	0.100	0.300	0.0600	0	0.00342
21	957.40	1.87612e-04	3.66	1.76	0.102	0.0318	0.100	0.305	0.100	0.100	0.00128	0.100	0.100	0.120	0.100	0.300	0.0600	0	0.00330
22	960.96	1.85631e-04	3.66	1.76	0.102	0.0316	0.100	0.305	0.100	0.100	0.00158	0.100	0.100	0.120	0.100	0.300	0.0600	0	0.00345
23	964.51	1.8302e-04	3.66	1.76	0.102	0.0315	0.100	0.305	0.100	0.100	0.00191	0.100	0.100	0.120	0.100	0.300	0.0600	0	0.00343
24	968.06	1.79784e-04	3.66	1.76	0.102	0.0314	0.100	0.305	0.100	0.100	0.00221	0.100	0.100	0.120	0.100	0.300	0.0600	0	0.00331
25	971.61	1.7744e-04	3.66	1.76	0.102	0.0313	0.100	0.305	0.100	0.100	0.00244	0.100	0.100	0.120	0.100	0.300	0.0600	0	0.00346
26	975.16	1.75296e-04	3.66	1.76	0.102	0.0312	0.100	0.305	0.100	0.100	0.00266	0.100	0.100	0.120	0.100	0.300	0.0600	0	0.00347
27	978.70	1.72501e-04	3.66	1.76	0.102	0.0311	0.100	0.305	0.100	0.100	0.00283	0.100	0.100	0.120	0.100	0.300	0.0600	0	0.00331
28	982.24	1.69224e-04	3.66	1.76	0.102	0.0309	0.100	0.305	0.100	0.100	0.00296	0.100	0.100	0.120	0.100	0.300	0.0600	0	0.00322
29	985.78	1.66348e-04	3.66	1.76	0.102	0.0308	0.100	0.305	0.100	0.100	0.00307	0.100	0.100	0.120	0.100	0.300	0.0600	0	0.00324
30	989.31	1.63852e-04	3.66	1.76	0.102	0.0307	0.100	0.305	0.100	0.100	0.00318	0.100	0.100	0.120	0.100	0.300	0.0600	0	0.00304
31	992.84	1.61514e-04	3.66	1.76	0.102	0.0306	0.100	0.305	0.100	0.100	0.00329	0.100	0.100	0.120	0.100	0.300	0.0600	0	0.00321
32	996.37	1.58781e-04	3.66	1.76	0.102	0.0305	0.100	0.305	0.100	0.100	0.00339	0.100	0.100	0.120	0.100	0.300	0.0600	0	0.00291
33	999.89	1.55567e-04	3.66	1.76	0.102	0.0304	0.100	0.305	0.100	0.100	0.00350	0.100	0.100	0.120	0.100	0.300	0.0600	0	0.00307
34	1003.42	1.52706e-04	3.52	1.68	0.102	0.0303	0.100	0.305	0.100	0.100	0.00361	0.100	0.100	0.120	0.100	0.300	0.0600	0	0.00307
35	1006.94	1.50234e-04	3.38	1.61	0.102	0.0302	0.100	0.305	0.100	0.100	0.00371	0.100	0.100	0.120	0.100	0.300	0.0600	0	0.00326
36	1010.45	1.48425e-04	3.26	1.54	0.102	0.0301	0.100	0.305	0.100	0.100	0.00381	0.100	0.100	0.120	0.100	0.300	0.0600	0	0.00303
37	1013.97	1.46304e-04	3.26	1.54	0.102	0.0300	0.100	0.305	0.100	0.100	0.00389	0.100	0.100	0.120	0.100	0.300	0.0600	0	0.00307
38	1017.48	1.43707e-04	3.26	1.54	0.102	0.0299	0.100	0.305	0.100	0.100	0.00397	0.100	0.100	0.120	0.100	0.300	0.0600	0	0.00314
39	1020.99	1.40951e-04	3.26	1.54	0.102	0.0298	0.100	0.305	0.100	0.100	0.00403	0.100	0.100	0.120	0.100	0.300	0.0600	0	0.00310
40	1024.49	1.38833e-04	3.26	1.54	0.102	0.0297	0.100	0.305	0.100	0.100	0.00409	0.100	0.100	0.120	0.100	0.300	0.0600	0	0.00285
41	1027.99	1.37217e-04	3.26	1.54	0.102	0.0296	0.100	0.305	0.100	0.100	0.00413	0.100	0.100	0.120	0.100	0.300	0.0600	0	0.00306
42	1031.49	1.35996e-04	3.26	1.54	0.102	0.0295	0.100	0.305	0.100	0.100	0.00419	0.100	0.100	0.120	0.100	0.300	0.0600	0	0.00296
43	1034.99	1.34528e-04	3.26	1.54	0.102	0.0294	0.100	0.305	0.100	0.100	0.00426	0.100	0.100	0.120	0.100	0.300	0.0600	0	0.00273
44	1038.48	1.32882e-04	3.26	1.54	0.102	0.0293	0.100	0.305	0.100	0.100	0.00435	0.100	0.100	0.120	0.100	0.300	0.0600	0	0.00294
45	1041.97	1.31677e-04	3.26	1.54	0.102	0.0292	0.100	0.305	0.100	0.100	0.00446	0.100	0.100	0.120	0.100	0.300	0.0600	0	0.00282
46	1045.46	1.30688e-04	3.26	1.54	0.102	0.0291	0.100	0.305	0.100	0.100	0.00458	0.100	0.100	0.120	0.100	0.300	0.0600	0	0.00271
47	1048.94	1.30527e-04	3.26	1.54	0.102	0.0290	0.100	0.305	0.100	0.100	0.00472	0.100	0.100	0.120	0.100	0.300	0.0600	0	0.00300
48	1052.42	1.30408e-04	3.26	1.54	0.102	0.0289	0.100	0.305	0.100	0.100	0.00488	0.100	0.100	0.120	0.100	0.300	0.0600	0	0.00284
49	1055.90	1.3024e-04	3.26	1.54	0.102	0.0288	0.100	0.305	0.100	0.100	0.00501	0.100	0.100	0.120	0.100	0.300	0.0600	0	0.00303
50	1059.37	1.29823e-04	3.26	1.54	0.102	0.0287	0.100	0.305	0.100	0.100	0.00513	0.100	0.100	0.120	0.100	0.300	0.0600	0	0.00310
51	1062.85	1.29493e-04	3.26	1.54	0.102	0.0286	0.100	0.305	0.100	0.100	0.00523	0.100	0.100	0.120	0.100	0.300	0.0600	0	0.00309
52	1066.31	1.29607e-04	3.26	1.54	0.102	0.0285	0.100	0.305	0.100	0.100	0.00531	0.100	0.100	0.120	0.100	0.300	0.0600	0	0.00285
53	1069.78	1.30079e-04	3.26	1.54	0.102	0.0284	0.100	0.305	0.100	0.100	0.00537	0.100	0.100	0.120	0.100	0.300	0.0600	0	0.00293
54	1073.24	1.30642e-04	3.26	1.54	0.102	0.0283	0.100	0.305	0.100	0.100	0.00541	0.100	0.100	0.120	0.100	0.300	0.0600	0	0.00306
55	1076.70	1.30912e-04	3.26	1.54	0.102	0.0282	0.100	0.305	0.100	0.100	0.00545	0.100	0.100	0.120	0.100	0.300	0.0600	0	0.00293
56	1080.16	1.30877e-04	3.26	1.54	0.102	0.0281	0.100	0.305	0.100	0.100	0.00548	0.100	0.100	0.120	0.100	0.300	0.0600	0	0.00299
57	1083.61	1.30832e-04	3.26	1.54	0.102	0.0281	0.100	0.305	0.100	0.100	0.00552	0.100	0.100	0.120	0.100	0.300	0.0600	0	0.00307
58	1087.06	1.31019e-04	3.26	1.54	0.102	0.0280	0.100	0.305	0.100	0.100	0.00556	0.100	0.100	0.120	0.100	0.300	0.0600	0	0.00303
59	1090.50	1.31396e-04	3.25	1.54	0.102	0.0279	0.100	0.305	0.100	0.100	0.00560	0.100	0.100	0.120	0.100	0.300	0.0600	0	0.00293
60	1093.95	1.31857e-04	3.19	1.51	0.102	0.0278	0.100	0.305	0.100	0.100	0.00563	0.100	0.100	0.120	0.100	0.300	0.0600	0	0.00301
61	1097.39	1.32247e-04	3.14	1.48	0.102	0.0277	0.100	0.305	0.100	0.100	0.00568	0.100	0.100	0.120	0.100	0.300	0.0600	0	0.00300
62	1100.82	1.32007e-04	3.09	1.46	0.102	0.0276	0.100	0.305	0.100	0.100	0.00574	0.100	0.100	0.120	0.100	0.300	0.0600	0	0.00288
63	1104.26	1.31496e-04	3.09	1.46	0.102	0.0275	0.100	0.305	0.100	0.100	0.00583	0.100	0.100	0.120	0.100	0.300	0.0600	0	0.00305
64	1107.68	1.30689e-04	3.09	1.46	0.102	0.0274	0.100	0.305	0.100	0.100	0.00594	0.100	0.100	0.120	0.100	0.300	0.0600	0	0.00293
65	1111.11	1.29792e-04	3.09	1.46	0.102	0.0274	0.100	0.305	0.100	0.100	0.00608	0.100	0.100	0.120	0.100	0.300	0.0600	0	0.00292
66	1114.53	1.28986e-04	3.09	1.46	0.102	0.0273	0.100	0.305	0.100	0.100	0.00622	0.100	0.100	0.120	0.100	0.300	0.0600	0	0.00287
67	1117.95	1.28037e-04	3.09	1.46	0.102	0.0272	0.100	0.305	0.100	0.100	0.00639	0.100	0.100	0.120	0.100	0.300	0.0600	0	0.00290
68	1121.37	1.26858e-04	3.09	1.46	0.102	0.0271	0.100	0.305	0.100	0.100	0.00654	0.100	0.100	0.120	0.100	0.300	0.0600	0	0.00289
69	1124.78	1.25288e-04	3.09	1.46	0.102	0.0270	0.100	0.305	0.100	0.100	0.00667	0.100	0.100	0.120	0.100	0.300	0.0600	0	0.00292
70	1128.19	1.23589e-04	3.09	1.46	0.102	0.0269	0.100	0.305	0.100	0.100	0.00678	0.100	0.100	0.120	0.100	0.300	0.0600	0	0.00285
71	1131.60	1.22004e-04	3.09	1.46	0.102	0.0269	0.100	0.305	0.100	0.100	0.00686	0.100	0.100	0.120	0.100	0.300	0.0600	0	0.00285
72	1135.00	1.20552e-04	3.09	1.46	0.102	0.0268	0.100	0.305	0.100	0.100	0.00693	0.100	0.100	0.120	0.100	0.300	0.0600	0	0.00294
73	1138.40	1.19416e-04	3.09	1.46	0.102	0.0267	0.100	0.305	0.100	0.100	0.00697	0.100	0.100	0.120	0.100	0.300	0.0600	0	0.00281
74	1141.80	1.18618e-04	3.09	1.45	0.102	0.0266	0.100	0.305	0.100	0.100	0.00701	0.100	0.100	0.120	0.100	0.300	0.0600	0	0.00283
75	1145.19	1.17961e-04	3.08	1.45	0.102	0.0265	0.100	0.305	0.100	0.100	0.00706	0.100	0.100	0.120	0.100	0.300	0.0600	0	0.00284
76	1148.58	1.17187e-04	3.08	1.45	0.102	0.0265	0.100	0.305	0.100	0.100	0.00711	0.100	0.100	0.120	0.100	0.300	0.0600	0	0.00278
77	1151.97	1.16291e-04	3.07	1.44	0.102	0.0264	0.100	0.305	0.100	0.100	0.00718	0.100	0.100	0.120	0.100	0.300	0.0600	0	0.00278
78	1155.35	1.15448e-04	3.07	1.44	0.102	0.0263	0.100	0.305	0.100	0.100	0.00725	0.100	0.100	0.120	0.100	0.300	0.0600	0	0.00270
79	1158.73	1.14848e-04	3.07	1.44	0.102	0.0262	0.100	0.305	0.100	0.100	0.00733	0.100	0.100	0.120	0.100	0.300	0.0600	0	0.00287
80	1162.11	1.14542e-04	3.07	1.44	0.102	0.0262	0.100	0.305	0.100	0.100	0.00743	0.100	0.100	0.120	0.100	0.300	0.0600	0	0.00269
81	1165.48	1.14452e-04	3.07	1.44	0.102	0.0261	0.100	0.305	0.100	0.100	0.00750	0.100	0.100	0.120	0.100	0.300	0.0600	0	0.00274
82	1168.85	1.14352e-04	3.07	1.44	0.102	0.0260	0.100	0.305	0.100	0.100	0.00756	0.100	0.100	0.120	0.100	0.300	0.0600	0	0.00274
83	1172.21	1.14208e-04	3.07	1.44	0.102	0.0259	0.100	0.305	0.100	0.100	0.00760	0.100	0.100	0.120	0.100	0.300	0.0600	0	0.00279
84	1175.58	1.13896e-04	3.07	1.44	0.102	0.0259	0.100	0.305	0.100	0.100	0.00763	0.100	0.100	0.120	0.100	0.300	0.0600	0	0.00261
85	1178.93	1.13326e-04	3.07	1.44	0.102	0.0258	0.100	0.305	0.100	0.100	0.00764	0.100	0.100	0.120	0.100	0.300	0.0600	0	0.00280
86	1182.29	1.12626e-04	3.07	1.44	0.102	0.0257	0.100	0.305	0.100	0.100	0.00763	0.100	0.100	0.120	0.100	0.300	0.0600	0	0.00281
87	1185.64	1.1183e-04	3.07	1.44	0.102	0.0256	0.100	0.305	0.100	0.100	0.00761	0.100	0.100	0.120	0.100	0.300	0.0600	0	0.00282
88	1188.99	1.10842e-04	3.07	1.44	0.102	0.0256	0.100	0.305	0.100	0.100	0.00758	0.100	0.100	0.120	0.100	0.300	0.0600	0	0.00276
89	1192.33	1.09898e-04	3.07	1.44	0.102	0.0255	0.100	0.305	0.100	0.100	0.00754	0.100	0.100	0.120	0.100	0.300	0.0600	0	0.00278
90	1195.67	1.08898e-04	3.07	1.44	0.102	0.0254	0.100	0.305	0.100	0.100	0.00751	0.100	0.100	0.120	0.100	0.300	0.0600	0	0.00265
91	1199.01	1.07806e-04	3.07	1.44	0.102	0.0254	0.100	0.305	0.100	0.100	0.00745	0.100	0.100	0.120	0.100	0.300	0.0600	0	0.00267
92	1202.34	1.06647e-04	3.07	1.44	0.102	0.0253	0.100	0.305	0.100	0.100	0.00739	0.100	0.100	0.120	0.100	0.300	0.0600	0	0.00276
93	1205.67	1.05491e-04	3.07	1.44	0.102	0.0252	0.100	0.305	0.100	0.100	0.00734	0.100	0.100	0.120	0.100	0.300	0.0600	0	0.00262
94	1209.00	1.04504e-04	3.07	1.44	0.102	0.0251	0.100	0.305	0.100	0.100	0.00730	0.100	0.100	0.120	0.100	0.300	0.0600	0	0.00257
95	1212.32	1.03714e-04	3.07	1.44	0.102	0.0251	0.100	0.305	0.100	0.100	0.00728	0.100	0.100	0.120	0.100	0.300	0.0600	0	0.00271
96	1215.64	1.03093e-04	3.07	1.44	0.102	0.0250	0.100	0.305	0.100	0.100	0.00729	0.100	0.100	0.120	0.100	0.300	0.0600	0	0.00297
97	1218.95	1.02783e-04	3.07	1.44	0.102	0.0249	0.100	0.305	0.100	0.100	0.00732	0.100	0.100	0.120	0.100	0.300	0.0600	0	0.00269
98	1222.26	1.02737e-04	3.07	1.44	0.102	0.0249	0.100	0.305	0.100	0.100	0.00739	0.100	0.100	0.120	0.100	0.300	0.0600	0	0.00287
99	1225.57	1.02706e-04	3.07	1.44	0.102	0.0248	0.100	0.305	0.100	0.100	0.00748	0.100	0.100	0.120	0.100	0.300	0.0600	0	0.00269
100	1228.87	1.02704e-04	3.07	1.44	0.102	0.0247	0.100	0.305	0.100	0.100	0.00758	0.100	0.100	0.120	0.100	0.300	0.0600	0	0.00284
101	1232.17	1.02635e-04	3.07	1.44	0.102	0.0247	0.100	0.305	0.100	0.100	0.00769	0.100	0.100	0.120	0.100	0.300	0.0600	0	0.00274
102	1235.47	1.0258e-04	3.07	1.44	0.102	0.0246	0.100	0.305	0.100	0.100	0.00777	0.100	0.100	0.120	0.100	0.300	0.0600	0	0.00304
103	1238.76	1.02505e-04	3.07	1.44	0.102	0.0245	0.100	0.305	0.100	0.100	0.00784	0.100	0.100	0.120	0.100	0.300	0.0600	0	0.00276
104	1242.05	1.02443e-04	3.07	1.44	0.102	0.0245	0.100	0.305	0.100	0.100	0.00790	0.100	0.100	0.120	0.100	0.300	0.0600	0	0.00291
105	1245.33	1.02395e-04	3.07	1.44	0.102	0.0244	0.100	0.305	0.100	0.100	0.00793	0.100	0.100	0.120	0.100	0.300	0.0600	0	0.00270
106	1248.61	1.02302e-04	3.07	1.44	0.102	0.0243	0.100	0.305	0.100	0.100	0.00796	0.100	0.100	0.120	0.100	0.300	0.0600	0	0.00272
107	1251.89	1.02188e-04	3.07	1.44	0.102	0.0243	0.100	0.305	0.100	0.100	0.00797	0.100	0.100	0.120	0.100	0.300	0.0600	0	0.00277
108	1255.16	1.01973e-04	3.07	1.44	0.102	0.0242	0.100	0.305	0.100	0.100	0.00799	0.100	0.100	0.120	0.100	0.300	0.0600	0	0.00276
109	1258.43	1.01609e-04	3.07	1.44	0.102	0.0242	0.100	0.305	0.100	0.100	0.00802	0.100	0.100	0.120	0.100	0.300	0.0600	0	0.00251
110	1261.70	1.0124e-04	3.07	1.44	0.102	0.0241	0.100	0.305	0.100	0.100	0.00807	0.100	0.100	0.120	0.100	0.300	0.0600	0	0.00270
111	1264.96	1.00627e-04	3.07	1.44	0.102	0.0240	0.100	0.305	0.100	0.100	0.00812	0.100	0.100	0.120	0.100	0.300	0.0600	0	0.00283
112	1268.21	9.9978e-05	3.07	1.44	0.102	0.0240	0.100	0.305	0.100	0.100	0.00819	0.100	0.100	0.120	0.100	0.300	0.0600	0	0.00277
113	1271.47	9.9268e-05	3.07	1.44	0.102	0.0239	0.100	0.305	0.100	0.100	0.00827	0.100	0.100	0.120	0.100	0.300	0.0600	0	0.00275
114	1274.72	9.84784e-05	3.07	1.44	0.102	0.0238	0.100	0.305	0.100	0.100	0.00835	0.100	0.100	0.120	0.100	0.300	0.0600	0	0.00282
115	1277.96	9.76004e-05	3.07	1.44	0.102	0.0238	0.100	0.305	0.100	0.100	0.00842	0.100	0.100	0.120	0.100	0.300	0.0600	0	0.00277
116	1281.20	9.69781e-05	3.07	1.44	0.102	0.0237	0.100	0.305	0.100	0.100	0.00849	0.100	0.100	0.120	0.100	0.300	0.0600	0	0.00284
117	1284.44	9.636e-05	3.07	1.44	0.102	0.0237	0.100	0.305	0.100	0.100	0.00855	0.100	0.100	0.120	0.100	0.300	0.0600	0	0.00284
118	1287.67	9.60365e-05	3.07	1.44	0.102	0.0236	0.100	0.305	0.100	0.100	0.00861	0.100	0.100	0.120	0.100	0.300	0.0600	0	0.00277
119	1290.90	9.59049e-05	3.07	1.44	0.102	0.0235	0.100	0.305	0.100	0.100	0.00865	0.100	0.100	0.120	0.100	0.300	0.0600	0	0.00263
120	1294.13	9.59472e-05	3.07	1.44	0.102	0.0235	0.100	0.305	0.100	0.100	0.00869	0.100	0.100	0.120	0.100	0.300	0.0600	0	0.00279
121	1297.35	9.60445e-05	3.07	1.44	0.102	0.0234	0.100	0.305	0.100	0.100	0.00872	0.100	0.100	0.120	0.100	0.300	0.0600	0	0.00284
122	1300.57	9.61927e-05	3.07	1.44	0.102	0.0234	0.100	0.305	0.100	0.100	0.00875	0.100	0.100	0.120	0.100	0.300	0.0600	0	0.00266
123	1303.78	9.63936e-05	3.07	1.44	0.102	0.0233	0.100	0.305	0.100	0.100	0.00877	0.100	0.100	0.120	0.100	0.300	0.0600	0	0.00285
124	1306.99	9.65287e-05	3.07	1.44	0.102	0.0233	0.100	0.305	0.100	0.100	0.00877	0.100	0.100	0.120	0.100	0.300	0.0600	0	0.00286
125	1310.20	9.66966e-05	3.07	1.44	0.102	0.0232	0.100	0.305	0.100	0.100	0.00877	0.100	0.100	0.120	0.100	0.300	0.0600	0	0.00297
126	1313.40	9.69195e-05	3.07	1.44	0.102	0.0231	0.100	0.305	0.100	0.100	0.00877	0.100	0.100	0.120	0.100	0.300	0.0600	0	0.00290
127	1316.59	9.70913e-05	3.07	1.44	0.102	0.0231	0.100	0.305	0.100	0.100	0.00876	0.100	0.100	0.120	0.100	0.300	0.0600	0	0.00287
128	1319.79	9.71062e-05	3.07	1.44	0.102	0.0230	0.100	0.305	0.100	0.100	0.00877	0.100	0.100	0.120	0.100	0.300	0.0600	0	0.00275
129	1322.97	9.70987e-05	3.07	1.44	0.102	0.0230	0.100	0.305	0.100	0.100	0.00883	0.100	0.100	0.120	0.100	0.300	0.0600	0	0.00263
130	1326.16	9.70087e-05	3.07	1.44	0.102	0.0229	0.100	0.305	0.100	0.100	0.00895	0.100	0.100	0.120	0.100	0.300	0.0600	0	0.00293
131	1329.34	9.67898e-05	3.07	1.44	0.102	0.0229	0.100	0.305	0.100	0.100	0.00910	0.100	0.100	0.120	0.100	0.300	0.0600	0	0.00274
132	1332.51	9.64789e-05	3.07	1.44	0.102	0.0228	0.100	0.305	0.100	0.100	0.00929	0.100	0.100	0.120	0.100	0.300	0.0600	0	0.00280
133	1335.69	9.62056e-05	3.07	1.44	0.102	0.0228	0.100	0.305	0.100	0.100	0.00952	0.100	0.100	0.120	0.100	0.300	0.0600	0	0.00262
134	1338.85	9.59735e-05	3.07	1.44	0.102	0.0227	0.100	0.305	0.100	0.100	0.00980	0.100	0.100	0.120	0.100	0.300	0.0600	0	0.00289
135	1342.02	9.57791e-05	3.07	1.44	0.102	0.0227	0.100	0.305	0.100	0.100	0.0101	0.100	0.100	0.120	0.100	0.300	0.0600	0	0.00287
136	1345.17	9.57453e-05	3.07	1.44	0.102	0.0226	0.100	0.305	0.100	0.100	0.0103	0.100	0.100	0.120	0.100	0.300	0.0600	0	0.00279
137	1348.33	9.59201e-05	3.07	1.44	0.102	0.0225	0.100	0.305	0.100	0.100	0.0104	0.100	0.100	0.120	0.100	0.300	0.0600	0	0.00279
138	1351.48	9.63999e-05	3.07	1.44	0.102	0.0225	0.100	0.305	0.100	0.100	0.0105	0.100	0.100	0.120	0.100	0.300	0.0600	0	0.00284
139	1354.62	9.71035e-05	3.07	1.44	0.102	0.0224	0.100	0.305	0.100	0.100	0.0106	0.100	0.100	0.120	0.100	0.300	0.0600	0	0.00287
140	1357.77	9.79684e-05	3.07	1.44	0.102	0.0224	0.100	0.305	0.100	0.100	0.0106	0.100	0.100	0.120	0.100	0.300	0.0600	0	0.00267
141	1360.90	9.84404e-05	3.07	1.44	0.102	0.0223	0.100	0.305	0.100	0.100	0.0105	0.100	0.100	0.120	0.100	0.300	0.0600	0	0.00303
142	1364.04	9.84233e-05	3.07	1.44	0.102	0.0223	0.100	0.305	0.100	0.100	0.0104	0.100	0.100	0.120	0.100	0.300	0.0600	0	0.00283
143	1367.16	9.80655e-05	3.07	1.44	0.102	0.0222	0.100	0.305	0.100	0.100	0.0103	0.100	0.100	0.120	0.100	0.300	0.0600	0	0.00296
144	1370.29	9.75575e-05	3.07	1.44	0.102	0.0222	0.100	0.305	0.100	0.100	0.0102	0.100	0.100	0.120	0.100	0.300	0.0600	0	0.00289
145	1373.41	9.75274e-05	3.07	1.44	0.102	0.0221	0.100	0.305	0.100	0.100	0.0101	0.100	0.100	0.120	0.100	0.300	0.0600	0	0.00302
146	1376.52	9.84489e-05	3.07	1.44	0.102	0.0221	0.100	0.305	0.100	0.100	0.0100	0.100	0.100	0.120	0.100	0.300	0.0600	0	0.00269
147	1379.63	1.00354e-04	3.07	1.44	0.102	0.0220	0.100	0.305	0.100	0.100	0.00994	0.100	0.100	0.120	0.100	0.300	0.0600	0	0.00291
148	1382.74	1.01529e-04	3.07	1.44	0.102	0.0220	0.100	0.305	0.100	0.100	0.00984	0.100	0.100	0.120	0.100	0.300	0.0600	0	0.00273
149	1385.84	1.01752e-04	3.07	1.44	0.102	0.0219	0.100	0.305	0.100	0.100	0.00975	0.100	0.100	0.120	0.100	0.300	0.0600	0	0.00277
150	1388.94	1.01476e-04	3.07	1.44	0.102	0.0219	0.100	0.305	0.100	0.100	0.00967	0.100	0.100	0.120	0.100	0.300	0.0600	0	0.00307
151	1392.03	1.02125e-04	3.08	1.45	0.102	0.0218	0.100	0.305	0.100	0.100	0.00959	0.100	0.100	0.120	0.100	0.300	0.0600	0	0.00288
152	1395.12	1.02823e-04	3.10	1.46	0.102	0.0218	0.100	0.305	0.100	0.100	0.00952	0.100	0.100	0.120	0.100	0.300	0.0600	0	0.00293
153	1398.20	1.03284e-04	3.12	1.47	0.102	0.0217	0.100	0.305	0.100	0.100	0.00948	0.100	0.100	0.120	0.100	0.300	0.0600	0	0.00302
154	1401.28	1.03287e-04	3.13	1.48	0.102	0.0217	0.100	0.305	0.100	0.100	0.00945	0.100	0.100	0.120	0.100	0.300	0.0600	0	0.00304
155	1404.36	1.03396e-04	3.13	1.48	0.102	0.0216	0.100	0.305	0.100	0.100	0.00942	0.100	0.100	0.120	0.100	0.300	0.0600	0	0.00296
156	1407.43	1.03153e-04	3.14	1.48	0.102	0.0216	0.100	0.305	0.100	0.100	0.00941	0.100	0.100	0.120	0.100	0.300	0.0600	0	0.00301
157	1410.49	1.02695e-04	3.14	1.48	0.102	0.0216	0.100	0.305	0.100	0.100	0.00939	0.100	0.100	0.120	0.100	0.300	0.0600	0	0.00313
158	1413.55	1.02116e-04	3.14	1.48	0.102	0.0215	0.100	0.305	0.100	0.100	0.00937	0.100	0.100	0.120	0.100	0.300	0.0600	0	0.00310
159	1416.61	1.01622e-04	3.14	1.48	0.102	0.0215	0.100	0.305	0.100	0.100	0.00934	0.100	0.100	0.120	0.100	0.300	0.0600	0	0.00315
160	1419.66	1.01152e-04	3.14	1.48	0.102	0.0214	0.100	0.305	0.100	0.100	0.00932	0.100	0.100	0.120	0.100	0.300	0.0600	0	0.00304
161	1422.71	1.00774e-04	3.14	1.48	0.102	0.0214	0.100	0.305	0.100	0.100	0.00929	0.100	0.100	0.120	0.100	0.300	0.0600	0	0.00323
162	1425.75	1.00284e-04	3.14	1.48	0.102	0.0213	0.100	0.305	0.100	0.100	0.00926	0.100	0.100	0.120	0.100	0.300	0.0600	0	0.00308
163	1428.79	1.00008e-04	3.14	1.48	0.102	0.0213	0.100	0.305	0.100	0.100	0.00923	0.100	0.100	0.120	0.100	0.300	0.0600	0	0.00297
164	1431.82	9.96978e-05	3.14	1.48	0.102	0.0212	0.100	0.305	0.100	0.100	0.00920	0.100	0.100	0.120	0.100	0.300	0.0600	0	0.00299
165	1434.85	9.93425e-05	3.14	1.48	0.102	0.0212	0.100	0.305	0.100	0.100	0.00920	0.100	0.100	0.120	0.100	0.300	0.0600	0	0.00317
166	1437.87	9.91167e-05	3.14	1.48	0.102	0.0211	0.100	0.305	0.100	0.100	0.00920	0.100	0.100	0.120	0.100	0.300	0.0600	0	0.00310
167	1440.89	9.87746e-05	3.13	1.48	0.102	0.0211	0.100	0.305	0.100	0.100	0.00922	0.100	0.100	0.120	0.100	0.300	0.0600	0	0.00286
168	1443.91	9.85758e-05	3.11	1.47	0.102	0.0211	0.100	0.305	0.100	0.100	0.00925	0.100	0.100	0.120	0.100	0.300	0.0600	0	0.00310
169	1446.92	9.81744e-05	3.09	1.46	0.102	0.0210	0.100	0.305	0.100	0.100	0.00929	0.100	0.100	0.120	0.100	0.300	0.0600	0	0.00315
170	1449.92	9.7844e-05	3.07	1.45	0.102	0.0210	0.100	0.305	0.100	0.100	0.00935	0.100	0.100	0.120	0.100	0.300	0.0600	0	0.00302
171	1452.92	9.76915e-05	3.11	1.46	0.102	0.0209	0.100	0.305	0.100	0.100	0.00941	0.100	0.100	0.120	0.100	0.300	0.0600	0	0.00326
172	1455.91	9.78448e-05	3.14	1.48	0.102	0.0209	0.100	0.305	0.100	0.100	0.00945	0.100	0.100	0.120	0.100	0.300	0.0600	0	0.00304
173	1458.90	9.81023e-05	3.17	1.50	0.102	0.0208	0.100	0.305	0.100	0.100	0.00949	0.100	0.100	0.120	0.100	0.300	0.0600	0	0.00277
174	1461.89	9.83707e-05	3.19	1.51	0.102	0.0208	0.100	0.305	0.100	0.100	0.00952	0.100	0.100	0.120	0.100	0.300	0.0600	0	0.00321
175	1464.87	9.87277e-05	3.19	1.51	0.102	0.0208	0.100	0.305	0.100	0.100	0.00954	0.100	0.100	0.120	0.100	0.300	0.0600	0	0.00308
176	1467.84	9.92094e-05	3.19	1.51	0.102	0.0207	0.100	0.305	0.100	0.100	0.00955	0.100	0.100	0.120	0.100	0.300	0.0600	0	0.00296
177	1470.81	9.96202e-05	3.20	1.51	0.102	0.0207	0.100	0.305	0.100	0.100	0.00955	0.100	0.100	0.120	0.100	0.300	0.0600	0	0.00319
178	1473.78	9.99903e-05	3.20	1.51	0.102	0.0206	0.100	0.305	0.100	0.100	0.00954	0.100	0.100	0.120	0.100	0.300	0.0600	0	0.00331
179	1476.74	1.00227e-04	3.20	1.51	0.102	0.0206	0.100	0.305	0.100	0.100	0.00953	0.100	0.100	0.120	0.100	0.300	0.0600	0	0.00289
180	1479.70	1.00633e-04	3.20	1.51	0.102	0.0205	0.100	0.305	0.100	0.100	0.00954	0.100	0.100	0.120	0.100	0.300	0.0600	0	0.00307
181	1482.65	1.00905e-04	3.19	1.51	0.102	0.0205	0.100	0.305	0.100	0.100	0.00954	0.100	0.100	0.120	0.100	0.300	0.0600	0	0.00310
182	1485.59	1.01215e-04	3.19	1.51	0.102	0.0205	0.100	0.305	0.100	0.100	0.00956	0.100	0.100	0.120	0.100	0.300	0.0600	0	0.00320
183	1488.53	1.01579e-04	3.19	1.51	0.102	0.0204	0.100	0.305	0.100	0.100	0.00958	0.100	0.100	0.120	0.100	0.300	0.0600	0	0.00308
184	1491.47	1.01965e-04	3.18	1.50	0.102	0.0204	0.100	0.305	0.100	0.100	0.00960	0.100	0.100	0.120	0.100	0.300	0.0600	0	0.00339
185	1494.40	1.02283e-04	3.17	1.50	0.102	0.0203	0.100	0.305	0.100	0.100	0.00964	0.100	0.100	0.120	0.100	0.300	0.0600	0	0.00307
186	1497.32	1.02768e-04	3.16	1.49	0.102	0.0203	0.100	0.305	0.100	0.100	0.00967	0.100	0.100	0.120	0.100	0.300	0.0600	0	0.00313
187	1500.24	1.03152e-04	3.16	1.49	0.102	0.0203	0.100	0.305	0.100	0.100	0.00971	0.100	0.100	0.120	0.100	0.300	0.0600	0	0.00313
188	1503.16	1.03695e-04	3.16	1.49	0.102	0.0202	0.100	0.305	0.100	0.100	0.00974	0.100	0.100	0.120	0.100	0.300	0.0600	0	0.00322
189	1506.07	1.04171e-04	3.16	1.49	0.102	0.0202	0.100	0.305	0.100	0.100	0.00978	0.100	0.100	0.120	0.100	0.300	0.0600	0	0.00342
190	1508.97	1.04658e-04	3.16	1.49	0.102	0.0201	0.100	0.305	0.100	0.100	0.00981	0.100	0.100	0.120	0.100	0.300	0.0600	0	0.00358
191	1511.87	1.05175e-04	3.16	1.49	0.102	0.0201	0.100	0.305	0.100	0.100	0.00984	0.100	0.100	0.120	0.100	0.300	0.0600	0	0.00349
192	1514.77	1.05767e-04	3.16	1.49	0.102	0.0201	0.100	0.305	0.100	0.100	0.00988	0.100	0.100	0.120	0.100	0.300	0.0600	0	0.00338
193	1517.66	1.0624e-04	3.16	1.49	0.102	0.0200	0.100	0.305	0.100	0.100	0.00991	0.100	0.100	0.120	0.100	0.300	0.0600	0	0.00331
194	1520.54	1.06746e-04	3.16	1.49	0.102	0.0200	0.100	0.305	0.100	0.100	0.00994	0.100	0.100	0.120	0.100	0.300	0.0600	0	0.00317
195	1523.42	1.07224e-04	3.16	1.49	0.102	0.0200	0.100	0.305	0.100	0.100	0.00997	0.100	0.100	0.120	0.100	0.300	0.0600	0	0.00339
196	1526.29	1.07646e-04	3.16	1.49	0.102	0.0199	0.100	0.305	0.100	0.100	0.00999	0.100	0.100	0.120	0.100	0.300	0.0600	0	0.00349
197	1529.16	1.08105e-04	3.16	1.49	0.102	0.0199	0.100	0.305	0.100	0.100	0.0100	0.100	0.100	0.120	0.100	0.300	0.0600	0	0.00347
198	1532.03	1.08608e-04	3.16	1.49	0.102	0.0198	0.100	0.305	0.100	0.100	0.0100	0.100	0.100	0.120	0.100	0.300	0.0600	0	0.00330
199	1534.88	1.0905e-04	3.16	1.49	0.102	0.0198	0.100	0.305	0.100	0.100	0.0100	0.100	0.100	0.120	0.100	0.300	0.0600	0	0.00342
200	1537.74	1.09625e-04	3.16	1.49	0.102	0.0198	0.100	0.305	0.100	0.100	0.0100	0.100	0.100	0.120	0.100	0.300	0.0600	0	0.00333
201	1540.58	1.10142e-04	3.15	1.49	0.102	0.0197	0.100	0.305	0.100	0.100	0.0100	0.100	0.100	0.120	0.100	0.300	0.0600	0	0.00362
202	1543.42	1.10638e-04	3.13	1.48	0.102	0.0197	0.100	0.305	0.100	0.100	0.0100	0.100	0.100	0.120	0.100	0.300	0.0600	0	0.00347
203	1546.26	1.11288e-04	3.12	1.47	0.102	0.0197	0.100	0.305	0.100	0.100	0.0100	0.100	0.100	0.120	0.100	0.300	0.0600	0	0.00357
204	1549.09	1.11893e-04	3.10	1.46	0.102	0.0196	0.100	0.305	0.100	0.100	0.0100	0.100	0.100	0.120	0.100	0.300	0.0600	0	0.00349
205	1551.92	1.12457e-04	3.09	1.46	0.102	0.0196	0.100	0.305	0.100	0.100	0.0100	0.100	0.100	0.120	0.100	0.300	0.0600	0	0.00375
206	1554.74	1.12984e-04	3.09	1.46	0.102	0.0196	0.100	0.305	0.100	0.100	0.0100	0.100	0.100	0.120	0.100	0.300	0.0600	0	0.00371
207	1557.55	1.13667e-04	3.09	1.46	0.102	0.0195	0.100	0.305	0.100	0.100	0.0100	0.100	0.100	0.120	0.100	0.300	0.0600	0	0.00360
208	1560.36	1.14233e-04	3.09	1.46	0.102	0.0195	0.100	0.305	0.100	0.100	0.0101	0.100	0.100	0.120	0.100	0.300	0.0600	0	0.00371
209	1563.17	1.14634e-04	3.09	1.46	0.102	0.0194	0.100	0.305	0.100	0.100	0.0101	0.100	0.100	0.120	0.100	0.300	0.0600	0	0.00378
210	1565.97	1.15245e-04	3.09	1.46	0.102	0.0194	0.100	0.305	0.100	0.100	0.0101	0.100	0.100	0.120	0.100	0.300	0.0600	0	0.00377
211	1568.76	1.15779e-04	3.09	1.46	0.102	0.0194	0.100	0.305	0.100	0.100	0.0101	0.100	0.100	0.120	0.100	0.300	0.0600	0	0.00350
212	1571.55	1.16363e-04	3.09	1.46	0.102	0.0193	0.100	0.305	0.100	0.100	0.0101	0.100	0.100	0.120	0.100	0.300	0.0600	0	0.00358
213	1574.33	1.16833e-04	3.09	1.46	0.102	0.0193	0.100	0.305	0.100	0.100	0.0102	0.100	0.100	0.120	0.100	0.300	0.0600	0	0.00357
214	1577.11	1.17584e-04	3.09	1.46	0.102	0.0193	0.100	0.305	0.100	0.100	0.0102	0.100	0.100	0.120	0.100	0.300	0.0600	0	0.00364
215	1579.88	1.18154e-04	3.09	1.46	0.102	0.0192	0.100	0.305	0.100	0.100	0.0102	0.100	0.100	0.120	0.100	0.300	0.0600	0	0.00400
216	1582.64	1.18875e-04	3.09	1.46	0.102	0.0192	0.100	0.305	0.100	0.100	0.0102	0.100	0.100	0.120	0.100	0.300	0.0600	0	0.00376
217	1585.40	1.19605e-04	3.09	1.46	0.102	0.0192	0.100	0.305	0.100	0.100	0.0102	0.100	0.100	0.120	0.100	0.300	0.0600	0	0.00384
218	1588.16	1.20528e-04	3.09	1.46	0.102	0.0191	0.100	0.305	0.100	0.100	0.0103	0.100	0.100	0.120	0.100	0.300	0.0600	0	0.00372
219	1590.91	1.21394e-04	3.09	1.45	0.102	0.0191	0.100	0.305	0.100	0.100	0.0103	0.100	0.100	0.120	0.100	0.300	0.0600	0	0.00407
220	1593.65	1.2228e-04	3.09	1.45	0.102	0.0191	0.100	0.305	0.100	0.100	0.0104	0.100	0.100	0.120	0.100	0.300	0.0600	0	0.00402
221	1596.39	1.23058e-04	3.09	1.45	0.102	0.0190	0.100	0.305	0.100	0.100	0.0104	0.100	0.100	0.120	0.100	0.300	0.0600	0	0.00416
222	1599.12	1.24075e-04	3.08	1.45	0.102	0.0190	0.100	0.305	0.100	0.100	0.0105	0.100	0.100	0.120	0.100	0.300	0.0600	0	0.00377
223	1601.84	1.251e-04	3.10	1.46	0.102	0.0190	0.100	0.305	0.100	0.100	0.0105	0.100	0.100	0.120	0.100	0.300	0.0600	0	0.00361
224	1604.56	1.26034e-04	3.13	1.48	0.102	0.0189	0.100	0.305	0.100	0.100	0.0106	0.100	0.100	0.120	0.100	0.300	0.0600	0	0.00418
225	1607.28	1.27039e-04	3.16	1.49	0.102	0.0189	0.100	0.305	0.100	0.100	0.0107	0.100	0.100	0.120	0.100	0.300	0.0600	0	0.00407
226	1609.99	1.28002e-04	3.19	1.50	0.102	0.0189	0.100	0.305	0.100	0.100	0.0108	0.100	0.100	0.120	0.100	0.300	0.0600	0	0.00434
227	1612.69	1.29088e-04	3.19	1.50	0.102	0.0189	0.100	0.305	0.100	0.100	0.0109	0.100	0.100	0.120	0.100	0.300	0.0600	0	0.00385
228	1615.39	1.30276e-04	3.19	1.50	0.102	0.0188	0.100	0.305	0.100	0.100	0.0109	0.100	0.100	0.120	0.100	0.300	0.0600	0	0.00396
229	1618.08	1.31484e-04	3.19	1.50	0.102	0.0188	0.100	0.305	0.100	0.100	0.0110	0.100	0.100	0.120	0.100	0.300	0.0600	0	0.00413
230	1620.77	1.32674e-04	3.19	1.50	0.102	0.0188	0.100	0.305	0.100	0.100	0.0111	0.100	0.100	0.120	0.100	0.300	0.0600	0	0.00397
231	1623.45	1.3413e-04	3.19	1.50	0.102	0.0187	0.100	0.305	0.100	0.100	0.0111	0.100	0.100	0.120	0.100	0.300	0.0600	0	0.00426
232	1626.12	1.35821e-04	3.19	1.50	0.102	0.0187	0.100	0.305	0.100	0.100	0.0112	0.100	0.100	0.120	0.100	0.300	0.0600	0	0.00411
233	1628.79	1.3772e-04	3.19	1.50	0.102	0.0187	0.100	0.305	0.100	0.100	0.0112	0.100	0.100	0.120	0.100	0.300	0.0600	0	0.00483
234	1631.45	1.40011e-04	3.19	1.50	0.102	0.0186	0.100	0.305	0.100	0.100	0.0113	0.100	0.100	0.120	0.100	0.300	0.0600	0	0.00458
235	1634.11	1.4296e-04	3.19	1.50	0.102	0.0186	0.100	0.305	0.100	0.100	0.0113	0.100	0.100	0.120	0.100	0.300	0.0600	0	0.00432
236	1636.76	1.46236e-04	3.19	1.50	0.102	0.0186	0.100	0.305	0.100	0.100	0.0113	0.100	0.100	0.120	0.100	0.300	0.0600	0	0.00523
237	1639.40	1.50896e-04	3.19	1.50	0.102	0.0185	0.100	0.305	0.100	0.100	0.0113	0.100	0.100	0.120	0.100	0.300	0.0600	0	0.00479
238	1642.04	1.57526e-04	3.19	1.50	0.102	0.0185	0.100	0.305	0.100	0.100	0.0114	0.100	0.100	0.120	0.100	0.300	0.0600	0	0.00496
239	1644.67	1.66322e-04	3.19	1.50	0.102	0.0185	0.100	0.305	0.100	0.100	0.0114	0.100	0.100	0.120	0.100	0.300	0.0600	0	0.00568
240	1647.30	1.79271e-04	3.19	1.50	0.102	0.0185	0.100	0.305	0.100	0.100	0.0114	0.100	0.100	0.120	0.100	0.300	0.0600	0	0.00621
241	1649.92	1.96861e-04	3.19	1.50	0.102	0.0184	0.100	0.305	0.100	0.100	0.0114	0.100	0.100	0.120	0.100	0.300	0.0600	0	0.00650
242	1652.53	2.20455e-04	3.19	1.50	0.102	0.0184	0.100	0.305	0.100	0.100	0.0114	0.100	0.100	0.120	0.100	0.300	0.0600	0	0.00728
243	1655.14	2.50471e-04	3.19	1.50	0.102	0.0184	0.100	0.305	0.100	0.100	0.0114	0.100	0.100	0.120	0.100	0.300	0.0600	0	0.00851
244	1657.74	2.88592e-04	3.19	1.50	0.102	0.0183	0.100	0.305	0.100	0.100	0.0115	0.100	0.100	0.120	0.100	0.300	0.0600	0	0.00892
245	1660.34	3.34554e-04	3.19	1.50	0.102	0.0183	0.100	0.305	0.100	0.100	0.0115	0.100	0.100	0.120	0.100	0.300	0.0600	0	0.00990
246	1662.93	3.88354e-04	3.19	1.50	0.102	0.0183	0.100	0.305	0.100	0.100	0.0115	0.100	0.100	0.120	0.100	0.300	0.0600	0	0.0116
247	1665.51	4.51606e-04	3.19	1.50	0.102	0.0183	0.100	0.305	0.100	0.100	0.0115	0.100	0.100	0.120	0.100	0.300	0.0600	0	0.0128
248	1668.09	5.23677e-04	3.19	1.50	0.102	0.0182	0.100	0.305	0.100	0.100	0.0115	0.100	0.100	0.120	0.100	0.300	0.0600	0	0.0161
249	1670.66	6.05088e-04	3.19	1.50	0.102	0.0182	0.100	0.305	0.100	0.100	0.0115	0.100	0.100	0.120	0.100	0.300	0.0600	0	0.0183
250	1673.23	6.97104e-04	3.19	1.50	0.102	0.0182	0.100	0.305	0.100	0.100	0.0116	0.100	0.100	0.120	0.100	0.300	0.0600	0	0.0187
251	1675.79	8.02619e-04	3.19	1.50	0.102	0.0181	0.100	0.305	0.100	0.100	0.0116	0.100	0.100	0.120	0.100	0.300	0.0600	0	0.0235
252	1678.34	9.21289e-04	3.19	1.50	0.102	0.0181	0.100	0.305	0.100	0.100	0.0115	0.100	0.100	0.120	0.100	0.300	0.0600	0	0.0274
253	1680.89	1.05489e-03	3.19	1.50	0.102	0.0181	0.100	0.305	0.100	0.100	0.0115	0.100	0.100	0.120	0.100	0.300	0.0600	0	0.0299
254	1683.43	1.20028e-03	3.19	1.50	0.102	0.0181	0.100	0.305	0.100	0.100	0.0114	0.100	0.100	0.120	0.100	0.300	0.0600	0	0.0355
255	1685.96	1.37452e-03	3.19	1.50	0.102	0.0180	0.100	0.305	0.100	0.100	0.0113	0.100	0.100	0.120	0.100	0.300	0.0600	0	0.0397
